gazebo-time, fl-z, foot-time, fl-contact, gazebo-time, fl-y, gazebo-time, fl-x, gazebo-time, fr-z, foot-time, fr-contact, gazebo-time, fr-y, gazebo-time, fr-x, gazebo-time, rl-z, foot-time, rl-contact, gazebo-time, rl-y, gazebo-time, rl-x, gazebo-time, rr-z, foot-time, rr-contact, gazebo-time, rr-y, gazebo-time, rr-x
5232.1570000000001528, 60.425476577714476889, 5232.1580000000003565, 1, 5232.1570000000001528, -11.327526603981834086, 5232.1570000000001528, 3.0550367078213298555, 5232.1570000000001528, 60.37362734199660963, 5232.1580000000003565, 1, 5232.1570000000001528, 14.955987536949351124, 5232.1570000000001528, -0.41518908555886469003, 5232.1570000000001528, 43.550848306084752437, 5232.1580000000003565, 1, 5232.1570000000001528, -5.4442329207004096503, 5232.1570000000001528, 6.8885694753332344931, 5232.1570000000001528, 40.087204753946686253, 5232.1580000000003565, 1, 5232.1570000000001528, 1.311287257632695491, 5232.1570000000001528, -4.0679072358984029734
5232.1620000000002619, 60.506158262054242414, 5232.1679999999996653, 1, 5232.1620000000002619, -11.285982045094767656, 5232.1620000000002619, 0.71660247163984891472, 5232.1620000000002619, 60.447702859867206371, 5232.1679999999996653, 1, 5232.1620000000002619, 14.501918965571327647, 5232.1620000000002619, -2.1432014364631335468, 5232.1620000000002619, 43.784882838260692495, 5232.1679999999996653, 1, 5232.1620000000002619, -5.5819277081732909807, 5232.1620000000002619, 5.0490471065610300627, 5232.1620000000002619, 40.037609476442639789, 5232.1679999999996653, 1, 5232.1620000000002619, 1.6781755617519167334, 5232.1620000000002619, -4.4073833300279687819
5232.1719999999995707, 60.506171482771854642, 5232.1679999999996653, 1, 5232.1719999999995707, -11.285813483364727006, 5232.1719999999995707, 0.71658469501958421688, 5232.1719999999995707, 60.447704962552307961, 5232.1679999999996653, 1, 5232.1719999999995707, 14.50173680170214574, 5232.1719999999995707, -2.1431904309281364363, 5232.1719999999995707, 43.784872616404058476, 5232.1679999999996653, 1, 5232.1719999999995707, -5.5818681534619543072, 5232.1719999999995707, 5.0490341435146142146, 5232.1719999999995707, 40.037614246145480479, 5232.1679999999996653, 1, 5232.1719999999995707, 1.6781318411895531639, 5232.1719999999995707, -4.4073731082507201506
5232.1719999999995707, 60.506184703260785795, 5232.1729999999997744, 1, 5232.1719999999995707, -11.285644923944811779, 5232.1719999999995707, 0.716566918532496544, 5232.1719999999995707, 60.447707065048163599, 5232.1729999999997744, 1, 5232.1719999999995707, 14.501554640224751935, 5232.1719999999995707, -2.1431794253340683554, 5232.1719999999995707, 43.78486239459425633, 5232.1729999999997744, 1, 5232.1719999999995707, -5.5818085995779513908, 5232.1719999999995707, 5.0490211804777764826, 5232.1719999999995707, 40.03761901582647198, 5232.1729999999997744, 1, 5232.1719999999995707, 1.6780881213593623613, 5232.1719999999995707, -4.4073628865667764387
5232.1790000000000873, 60.506199245519823648, 5232.1779999999998836, 1, 5232.1790000000000873, -11.285459511289612777, 5232.1790000000000873, 0.71654736455388956529, 5232.1790000000000873, 60.447709377571683831, 5232.1779999999998836, 1, 5232.1790000000000873, 14.50135426539078054, 5232.1790000000000873, -2.1431673191136901835, 5232.1790000000000873, 43.784851150606968417, 5232.1779999999998836, 1, 5232.1790000000000873, -5.5817430912413596999, 5232.1790000000000873, 5.0490069211468231458, 5232.1790000000000873, 40.037624262495207006, 5232.1779999999998836, 1, 5232.1790000000000873, 1.6780400304176845694, 5232.1790000000000873, -4.4073516428334933437
5232.1829999999999927, 60.50621378751522883, 5232.1829999999999927, 1, 5232.1829999999999927, -11.285274101358552912, 5232.1829999999999927, 0.7165278107327104351, 5232.1829999999999927, 60.447711689892017262, 5232.1829999999999927, 1, 5232.1829999999999927, 14.50115389336634486, 5232.1829999999999927, -2.1431552128263255952, 5232.1829999999999927, 43.784839906684915434, 5232.1829999999999927, 1, 5232.1829999999999927, -5.5816775838769192575, 5232.1829999999999927, 5.0489926618237426226, 5232.1829999999999927, 40.037629509176611009, 5232.1829999999999927, 1, 5232.1829999999999927, 1.6779919403742158401, 5232.1829999999999927, -4.4073403992096906734
5232.1880000000001019, 60.506227007274233642, 5232.1880000000001019, 1, 5232.1880000000001019, -11.285105549366862832, 5232.1880000000001019, 0.71651003467443175055, 5232.1880000000001019, 60.447713791798889815, 5232.1880000000001019, 1, 5232.1880000000001019, 14.500971739526075766, 5232.1880000000001019, -2.1431442070473316619, 5232.1880000000001019, 43.784829684964464036, 5232.1880000000001019, 1, 5232.1880000000001019, -5.5816180326142470491, 5232.1880000000001019, 5.048979698807521288, 5232.1880000000001019, 40.037634278901855112, 5232.1880000000001019, 1, 5232.1880000000001019, 1.6779482229504769641, 5232.1880000000001019, -4.4073301778422120378
5232.193000000000211, 60.506240226820551698, 5232.193000000000211, 1, 5232.193000000000211, -11.284936999691348447, 5232.193000000000211, 0.71649225874460853447, 5232.193000000000211, 60.447715893499932349, 5232.193000000000211, 1, 5232.193000000000211, 14.500789588054800561, 5232.193000000000211, -2.1431332012087160876, 5232.193000000000211, 43.784819463293317199, 5232.193000000000211, 1, 5232.193000000000211, -5.5815584821747803446, 5232.193000000000211, 5.048966735798899208, 5232.193000000000211, 40.037639048605399239, 5232.193000000000211, 1, 5232.193000000000211, 1.6779045062650483899, 5232.193000000000211, -4.4073199565647058762
5232.2020000000002256, 60.425591481667893845, 5232.1980000000003201, 1, 5232.2020000000002256, -11.326144521611077209, 5232.2020000000002256, 3.0548952789896510751, 5232.2020000000002256, 60.373653210429111482, 5232.1980000000003201, 1, 5232.2020000000002256, 14.954494015830933407, 5232.2020000000002256, -0.41509806114839520319, 5232.2020000000002256, 43.550767502494089456, 5232.1980000000003201, 1, 5232.2020000000002256, -5.4437448556018255275, 5232.2020000000002256, 6.8884596795140460301, 5232.2020000000002256, 40.087239867594234966, 5232.1980000000003201, 1, 5232.2020000000002256, 1.3109284215286813868, 5232.2020000000002256, -4.0678231188742834945
5232.2020000000002256, 60.425605493303358173, 5232.2030000000004293, 1, 5232.2020000000002256, -11.325975985658537581, 5232.2020000000002256, 3.0548780321368411705, 5232.2020000000002256, 60.373656364154406617, 5232.2030000000004293, 1, 5232.2020000000002256, 14.954311890068684221, 5232.2020000000002256, -0.41508696037239900534, 5232.2020000000002256, 43.550757648583612536, 5232.2030000000004293, 1, 5232.2020000000002256, -5.4436853392430712972, 5232.2020000000002256, 6.8884462898188019153, 5232.2020000000002256, 40.087244149789100334, 5232.2030000000004293, 1, 5232.2020000000002256, 1.3108846644698712858, 5232.2020000000002256, -4.0678128611405846016
5232.2079999999996289, 60.425619504704641827, 5232.2079999999996289, 1, 5232.2079999999996289, -11.32580745200923289, 5232.2079999999996289, 3.0548607854067029166, 5232.2079999999996289, 60.373659517660314577, 5232.2079999999996289, 1, 5232.2079999999996289, 14.954129766696755865, 5232.2079999999996289, -0.41507585953304371174, 5232.2079999999996289, 43.550747794742036945, 5232.2079999999996289, 1, 5232.2079999999996289, -5.4436258237293539963, 5232.2079999999996289, 6.8884329001268689296, 5232.2079999999996289, 40.087248431983290686, 5232.2079999999996289, 1, 5232.2079999999996289, 1.310840908154919715, 5232.2079999999996289, -4.067802603504148351
5232.2129999999997381, 60.425633515876739921, 5232.2139999999999418, 1, 5232.2129999999997381, -11.325638920686055044, 5232.2129999999997381, 3.0548435388016024206, 5232.2129999999997381, 60.373662670957315868, 5232.2139999999999418, 1, 5232.2129999999997381, 14.95394764569013013, 5232.2129999999997381, -0.41506475864556691135, 5232.2129999999997381, 43.55073794092268713, 5232.2139999999999418, 1, 5232.2129999999997381, -5.4435663090209995829, 5232.2129999999997381, 6.8884195104465533177, 5232.2129999999997381, 40.087252714165479972, 5232.2139999999999418, 1, 5232.2129999999997381, 1.3107971525680910396, 5232.2129999999997381, -4.0677923459589635513
5232.2179999999998472, 60.425647526811488319, 5232.2179999999998472, 1, 5232.2179999999998472, -11.325470391678049253, 5232.2179999999998472, 3.054826292323269854, 5232.2179999999998472, 60.37366582405333304, 5232.2179999999998472, 1, 5232.2179999999998472, 14.953765527084925679, 5232.2179999999998472, -0.41505365770446900342, 5232.2179999999998472, 43.55072808714812993, 5232.2179999999998472, 1, 5232.2179999999998472, -5.443506795130701903, 5232.2179999999998472, 6.8884061207700995055, 5232.2179999999998472, 40.087256996402274467, 5232.2179999999998472, 1, 5232.2179999999998472, 1.3107533977596723673, 5232.2179999999998472, -4.0677820885204312162
5232.2280000000000655, 60.425661537529997247, 5232.2229999999999563, 1, 5232.2280000000000655, -11.32530186499964131, 5232.2280000000000655, 3.0548090459652037509, 5232.2280000000000655, 60.373668976928954066, 5232.2229999999999563, 1, 5232.2280000000000655, 14.953583410835786793, 5232.2280000000000655, -0.41504255671688028428, 5232.2280000000000655, 43.550718233419814851, 5232.2229999999999563, 1, 5232.2280000000000655, -5.4434472820872157328, 5232.2280000000000655, 6.888392731107696676, 5232.2280000000000655, 40.087261278614420235, 5232.2229999999999563, 1, 5232.2280000000000655, 1.3107096436675254036, 5232.2280000000000655, -4.0677718311717505628
5232.2280000000000655, 60.425675548042448781, 5232.2280000000000655, 1, 5232.2280000000000655, -11.325133340651548863, 5232.2280000000000655, 3.0547917997340796603, 5232.2280000000000655, 60.373672129583447088, 5232.2280000000000655, 1, 5232.2280000000000655, 14.953401296980130653, 5232.2280000000000655, -0.41503145566757737583, 5232.2280000000000655, 43.550708379746779997, 5232.2280000000000655, 1, 5232.2280000000000655, -5.4433877698501262898, 5232.2280000000000655, 6.8883793414482319406, 5232.2280000000000655, 40.087265560838652334, 5232.2280000000000655, 1, 5232.2280000000000655, 1.3106658903467829358, 5232.2280000000000655, -4.0677615739213628387
5232.2330000000001746, 60.425689558318474326, 5232.2330000000001746, 1, 5232.2330000000001746, -11.324964818611947592, 5232.2330000000001746, 3.0547745536184578441, 5232.2330000000001746, 60.373675282046299628, 5232.2330000000001746, 1, 5232.2330000000001746, 14.953219185517857781, 5232.2330000000001746, -0.41502035457275354702, 5232.2330000000001746, 43.550698526108874375, 5232.2330000000001746, 1, 5232.2330000000001746, -5.4433282584378339664, 5232.2330000000001746, 6.8883659517986366438, 5232.2330000000001746, 40.087269843061562824, 5232.2330000000001746, 1, 5232.2330000000001746, 1.3106221377606945833, 5232.2330000000001746, -4.0677513167639496316
5232.2430000000003929, 60.425703568377372221, 5232.2380000000002838, 1, 5232.2430000000003929, -11.324796298914085568, 5232.2430000000003929, 3.054757307628950258, 5232.2430000000003929, 60.373678434270786397, 5232.2380000000002838, 1, 5232.2430000000003929, 14.953037076423767004, 5232.2430000000003929, -0.41500925341503602795, 5232.2430000000003929, 43.550688672520323053, 5232.2380000000002838, 1, 5232.2430000000003929, -5.4432687478564458772, 5232.2430000000003929, 6.8883525621548145068, 5232.2430000000003929, 40.087274125291664006, 5232.2380000000002838, 1, 5232.2430000000003929, 1.3105783859233566258, 5232.2430000000003929, -4.06774105970156441
5232.2479999999995925, 60.425717578147221332, 5232.2430000000003929, 1, 5232.2479999999995925, -11.324627781480815614, 5232.2479999999995925, 3.0547400617697633152, 5232.2479999999995925, 60.373681586307981206, 5232.2430000000003929, 1, 5232.2479999999995925, 14.952854969711504296, 5232.2479999999995925, -0.41499815221364144691, 5232.2479999999995925, 43.550678818947844206, 5232.2430000000003929, 1, 5232.2479999999995925, -5.4432092380792305164, 5232.2479999999995925, 6.8883391725216469581, 5232.2479999999995925, 40.087278407546826031, 5232.2430000000003929, 1, 5232.2479999999995925, 1.3105346348363569042, 5232.2479999999995925, -4.0677308027389038614
5232.2539999999999054, 60.425731587734588857, 5232.2479999999995925, 1, 5232.2539999999999054, -11.324459266403369639, 5232.2539999999999054, 3.0547228160276240772, 5232.2539999999999054, 60.373684738139488104, 5232.2479999999995925, 1, 5232.2539999999999054, 14.952672865389947887, 5232.2539999999999054, -0.41498705095619214944, 5232.2539999999999054, 43.550668965424421231, 5232.2479999999995925, 1, 5232.2539999999999054, -5.4431497291283230666, 5232.2539999999999054, 6.888325782895655891, 5232.2539999999999054, 40.08728268980255649, 5232.2479999999995925, 1, 5232.2539999999999054, 1.3104908844868168316, 5232.2539999999999054, -4.0677205458712002439
5232.2539999999999054, 60.425745597082652694, 5232.2529999999997017, 1, 5232.2539999999999054, -11.324290753639660423, 5232.2539999999999054, 3.054705570410920501, 5232.2539999999999054, 60.373688204891656994, 5232.2529999999997017, 1, 5232.2539999999999054, 14.952472553411762846, 5232.2539999999999054, -0.41497483951190616835, 5232.2539999999999054, 43.550658126615005017, 5232.2529999999997017, 1, 5232.2539999999999054, -5.4430842702534416588, 5232.2539999999999054, 6.8883110543154799643, 5232.2539999999999054, 40.087287400293547535, 5232.2529999999997017, 1, 5232.2539999999999054, 1.3104427599689676409, 5232.2539999999999054, -4.0677092634316167619
5232.26299999999992, 60.425773615153360652, 5232.2579999999998108, 1, 5232.26299999999992, -11.323953735093226669, 5232.26299999999992, 3.0546710795442209019, 5232.26299999999992, 60.373692931842896314, 5232.2579999999998108, 1, 5232.26299999999992, 14.952199405489183803, 5232.26299999999992, -0.41495818743613455126, 5232.26299999999992, 43.550643346527650124, 5232.2579999999998108, 1, 5232.26299999999992, -5.4429950098067374498, 5232.26299999999992, 6.8882909699029362116, 5232.26299999999992, 40.087293823672183635, 5232.2579999999998108, 1, 5232.26299999999992, 1.3103771371421646386, 5232.26299999999992, -4.0676938784776481839
5232.2680000000000291, 60.425787623826977324, 5232.26299999999992, 1, 5232.2680000000000291, -11.323785229286878362, 5232.2680000000000291, 3.0546538342968041491, 5232.2680000000000291, 60.373697343300563034, 5232.26299999999992, 1, 5232.2680000000000291, 14.951944471888666044, 5232.2680000000000291, -0.41494264540162006938, 5232.2680000000000291, 43.550629551835058351, 5232.26299999999992, 1, 5232.2680000000000291, -5.4429117015786836475, 5232.2680000000000291, 6.8882722244680714141, 5232.2680000000000291, 40.087299818876360291, 5232.26299999999992, 1, 5232.2680000000000291, 1.3103158905756175923, 5232.2680000000000291, -4.0676795193656936078
5232.2730000000001382, 60.425801632253538287, 5232.2690000000002328, 1, 5232.2730000000001382, -11.323616725799933391, 5232.2730000000001382, 3.0546365891728903819, 5232.2730000000001382, 60.373700494073872846, 5232.2690000000002328, 1, 5232.2730000000001382, 14.951762379460806329, 5232.2730000000001382, -0.41493154387642050551, 5232.2730000000001382, 43.550619698515049549, 5232.2690000000002328, 1, 5232.2730000000001382, -5.4428521967451937158, 5232.2730000000001382, 6.8882588348813982293, 5232.2730000000001382, 40.087304101165941006, 5232.2690000000002328, 1, 5232.2730000000001382, 1.310272143944199108, 5232.2730000000001382, -4.0676692629793009814
5232.2780000000002474, 60.425815640478745649, 5232.274000000000342, 1, 5232.2780000000002474, -11.323448224635033199, 5232.2780000000002474, 3.0546193441754461162, 5232.2780000000002474, 60.373703644632861653, 5232.274000000000342, 1, 5232.2780000000002474, 14.951580289432326865, 5232.2780000000002474, -0.41492044230790980919, 5232.2780000000002474, 43.55060984527728607, 5232.274000000000342, 1, 5232.2780000000002474, -5.4427926927387675349, 5232.2780000000002474, 6.8882454453002139871, 5232.2780000000002474, 40.087308383461760286, 5232.274000000000342, 1, 5232.2780000000002474, 1.3102283980873392633, 5232.2780000000002474, -4.067659006686156431
5232.2820000000001528, 60.425829648481432343, 5232.2780000000002474, 1, 5232.2820000000001528, -11.323279725805948104, 5232.2820000000001528, 3.0546020992990392529, 5232.2820000000001528, 60.373706794968725831, 5232.2780000000002474, 1, 5232.2820000000001528, 14.951398201755948136, 5232.2820000000001528, -0.41490934067824625231, 5232.2820000000001528, 43.550599992061819421, 5232.2780000000002474, 1, 5232.2820000000001528, -5.4427331895569102116, 5232.2820000000001528, 6.8882320557318088561, 5232.2820000000001528, 40.087312665787401045, 5232.2780000000002474, 1, 5232.2820000000001528, 1.3101846529819587417, 5232.2820000000001528, -4.0676487504939053963
5232.2870000000002619, 60.425843656245582736, 5232.2830000000003565, 1, 5232.2870000000002619, -11.323111229279991363, 5232.2870000000002619, 3.0545848545458404999, 5232.2870000000002619, 60.373709945111897923, 5232.2830000000003565, 1, 5232.2870000000002619, 14.951216116500370745, 5232.2870000000002619, -0.41489823899758349057, 5232.2870000000002619, 43.550590138896325243, 5232.2830000000003565, 1, 5232.2870000000002619, -5.4426736871928493855, 5232.2870000000002619, 6.8882186661705802067, 5232.2870000000002619, 40.087316948069741329, 5232.2830000000003565, 1, 5232.2870000000002619, 1.3101409085919883957, 5232.2870000000002619, -4.0676384943907741842
5232.2920000000003711, 60.42585766380410206, 5232.2879999999995562, 1, 5232.2920000000003711, -11.322942735085341326, 5232.2920000000003711, 3.054567609914414561, 5232.2920000000003711, 60.373713095007445872, 5232.2879999999995562, 1, 5232.2920000000003711, 14.951034033587088601, 5232.2920000000003711, -0.41488713726159787143, 5232.2920000000003711, 43.550580285785386536, 5232.2879999999995562, 1, 5232.2920000000003711, -5.4426141856537668673, 5232.2920000000003711, 6.8882052766093089247, 5232.2920000000003711, 40.0873212303950055, 5232.2879999999995562, 1, 5232.2920000000003711, 1.3100971649748685, 5232.2920000000003711, -4.0676282383886039895
5232.2979999999997744, 60.425871671109348426, 5232.2929999999996653, 1, 5232.2979999999997744, -11.32277424319265613, 5232.2979999999997744, 3.0545503654040615515, 5232.2979999999997744, 60.373716244739583203, 5232.2929999999996653, 1, 5232.2979999999997744, 14.950851953090978697, 5232.2979999999997744, -0.41487603547777140989, 5232.2979999999997744, 43.55057043269923156, 5232.2929999999996653, 1, 5232.2979999999997744, -5.4425546849333095167, 5232.2979999999997744, 6.8881918870651546172, 5232.2979999999997744, 40.087325512714393483, 5232.2929999999996653, 1, 5232.2979999999997744, 1.3100534220874624491, 5232.2979999999997744, -4.0676179824838527566
5232.3029999999998836, 60.425885678173273163, 5232.2989999999999782, 1, 5232.3029999999998836, -11.322605753611536983, 5232.3029999999998836, 3.054533121020707398, 5232.3029999999998836, 60.373719394251992298, 5232.2989999999999782, 1, 5232.3029999999998836, 14.950669874970003548, 5232.3029999999998836, -0.41486493364466880962, 5232.3029999999998836, 43.55056057965258276, 5232.2989999999999782, 1, 5232.3029999999998836, -5.4424951850324498892, 5232.3029999999998836, 6.8881784975275266447, 5232.3029999999998836, 40.087329795051097392, 5232.2989999999999782, 1, 5232.3029999999998836, 1.3100096799555336347, 5232.3029999999998836, -4.0676077266748364991
5232.306999999999789, 60.425898284368145141, 5232.3029999999998836, 1, 5232.306999999999789, -11.322454114973233175, 5232.306999999999789, 3.0545176011789827442, 5232.306999999999789, 60.373722228629745246, 5232.3029999999998836, 1, 5232.306999999999789, 14.950506006645191803, 5232.306999999999789, -0.41485494194261107737, 5232.306999999999789, 43.550551711944500255, 5232.3029999999998836, 1, 5232.306999999999789, -5.4424416358096996404, 5232.306999999999789, 6.8881664469466272749, 5232.306999999999789, 40.08733407741146948, 5232.3029999999998836, 1, 5232.306999999999789, 1.309965938579542577, 5232.306999999999789, -4.0675974709609832303
5232.3130000000001019, 60.425912291002177312, 5232.3079999999999927, 1, 5232.3130000000001019, -11.322285629884159874, 5232.3130000000001019, 3.0545003570330990783, 5232.3130000000001019, 60.373725377734992037, 5232.3079999999999927, 1, 5232.3130000000001019, 14.950323933115372554, 5232.3130000000001019, -0.41484384000375840174, 5232.3130000000001019, 43.55054185897732566, 5232.3079999999999927, 1, 5232.3130000000001019, -5.4423821374976064646, 5232.3130000000001019, 6.8881530574224285601, 5232.3130000000001019, 40.087338359754362216, 5232.3079999999999927, 1, 5232.3130000000001019, 1.3099221979267661187, 5232.3130000000001019, -4.0675872153435967959
5232.318000000000211, 60.425927698062253057, 5232.3130000000001019, 1, 5232.318000000000211, -11.322100298846713429, 5232.318000000000211, 3.0544813886118546975, 5232.318000000000211, 60.373728841508608411, 5232.3130000000001019, 1, 5232.318000000000211, 14.950123654857733868, 5232.318000000000211, -0.41483162781280924492, 5232.318000000000211, 43.550531020787019543, 5232.3130000000001019, 1, 5232.318000000000211, -5.4423166902847066595, 5232.318000000000211, 6.8881383289579858342, 5232.318000000000211, 40.08734264210827547, 5232.3130000000001019, 1, 5232.318000000000211, 1.309878458039574145, 5232.318000000000211, -4.0675769598220981038
5232.3280000000004293, 60.42594030363139268, 5232.3190000000004147, 1, 5232.3280000000004293, -11.321948666443352849, 5232.3280000000004293, 3.0544658691020494246, 5232.3280000000004293, 60.373731990158432836, 5232.3190000000004147, 1, 5232.3280000000004293, 14.949941586245422798, 5232.3280000000004293, -0.41482052576125028054, 5232.3280000000004293, 43.550521167905948516, 5232.3190000000004147, 1, 5232.3280000000004293, -5.44225719366661842, 5232.3280000000004293, 6.8881249394493728744, 5232.3280000000004293, 40.087346924470914189, 5232.3190000000004147, 1, 5232.3280000000004293, 1.3098347188868948443, 5232.3280000000004293, -4.06756670439463619
5232.3280000000004293, 60.425954309615406146, 5232.3230000000003201, 1, 5232.3280000000004293, -11.321780188342618345, 5232.3280000000004293, 3.054448625325118627, 5232.3280000000004293, 60.373735138604274653, 5232.3230000000003201, 1, 5232.3280000000004293, 14.949759520017595449, 5232.3280000000004293, -0.41480942366181849934, 5232.3280000000004293, 43.550511315093928033, 5232.3230000000003201, 1, 5232.3280000000004293, -5.4421976978758639376, 5232.3280000000004293, 6.8881115499472755914, 5232.3280000000004293, 40.087351206838384599, 5232.3230000000003201, 1, 5232.3280000000004293, 1.3097909804920002674, 5232.3280000000004293, -4.067556449064966273
5232.3329999999996289, 60.425969715917410952, 5232.3280000000004293, 1, 5232.3329999999996289, -11.321594864951281423, 5232.3329999999996289, 3.0544296573088622893, 5232.3329999999996289, 60.373738286844783829, 5232.3280000000004293, 1, 5232.3329999999996289, 14.94957745617391609, 5232.3329999999996289, -0.41479832150216822129, 5232.3329999999996289, 43.550501462313619072, 5232.3280000000004293, 1, 5232.3329999999996289, -5.4421382029196809782, 5232.3329999999996289, 6.888098160454688923, 5232.3329999999996289, 40.087355489210736437, 5232.3280000000004293, 1, 5232.3329999999996289, 1.309747242829102154, 5232.3329999999996289, -4.067546193827997314
5232.3429999999998472, 60.425983721388604408, 5232.3329999999996289, 1, 5232.3429999999998472, -11.321426391603498729, 5232.3429999999998472, 3.0544124137899899551, 5232.3429999999998472, 60.373741434874958145, 5232.3329999999996289, 1, 5232.3429999999998472, 14.949395394714471763, 5232.3429999999998472, -0.41478721929289719128, 5232.3429999999998472, 43.550491609568950935, 5232.3329999999996289, 1, 5232.3429999999998472, -5.4420787087766084866, 5232.3429999999998472, 6.8880847709718402427, 5232.3429999999998472, 40.08736019983189891, 5232.3329999999996289, 1, 5232.3429999999998472, 1.3096991322839768301, 5232.3429999999998472, -4.0675349131831168847
5232.3479999999999563, 60.426011731716542386, 5232.3379999999997381, 1, 5232.3479999999999563, -11.321089451921597657, 5232.3479999999999563, 3.0543779271179651857, 5232.3479999999999563, 60.373747730288705782, 5232.3379999999997381, 1, 5232.3479999999999563, 14.949031278922463528, 5232.3479999999999563, -0.41476501472145343996, 5232.3479999999999563, 43.550471904235728005, 5232.3379999999997381, 1, 5232.3479999999999563, -5.4419597229702088015, 5232.3479999999999563, 6.8880579920279672024, 5232.3479999999999563, 40.087366623418873246, 5232.3379999999997381, 1, 5232.3479999999999563, 1.3096335284844835556, 5232.3479999999999563, -4.0675195306776856796
5232.3530000000000655, 60.426025736529965116, 5232.3429999999998472, 1, 5232.3530000000000655, -11.320920985548333704, 5232.3530000000000655, 3.054360683965104073, 5232.3530000000000655, 60.373750877693659334, 5232.3429999999998472, 1, 5232.3530000000000655, 14.948849224614271236, 5232.3530000000000655, -0.41475391235232450526, 5232.3530000000000655, 43.550462051632194971, 5232.3429999999998472, 1, 5232.3530000000000655, -5.4419002312997140081, 5232.3530000000000655, 6.8880446025658983444, 5232.3530000000000655, 40.087372618783433609, 5232.3429999999998472, 1, 5232.3530000000000655, 1.3095722996618184286, 5232.3530000000000655, -4.067505173853501077
5232.3580000000001746, 60.426038340689963491, 5232.3479999999999563, 1, 5232.3580000000001746, -11.32076936777537135, 5232.3580000000001746, 3.0543451652302024968, 5232.3580000000001746, 60.373754024877165136, 5232.3479999999999563, 1, 5232.3580000000001746, 14.948667172681220805, 5232.3580000000001746, -0.41474280993609724533, 5232.3580000000001746, 43.550452199077135162, 5232.3479999999999563, 1, 5232.3580000000001746, -5.4418407404526352167, 5232.3580000000001746, 6.8880312131145409182, 5232.3580000000001746, 40.087376901182345534, 5232.3479999999999563, 1, 5232.3580000000001746, 1.3095285657358763931, 5232.3580000000001746, -4.0674949191008522575
5232.3630000000002838, 60.426052345051289194, 5232.3530000000000655, 1, 5232.3630000000002838, -11.320600905876057496, 5232.3630000000002838, 3.0543279223187944638, 5232.3630000000002838, 60.37375717184562518, 5232.3530000000000655, 1, 5232.3630000000002838, 14.948485123122294382, 5232.3630000000002838, -0.41473170746345644488, 5232.3630000000002838, 43.550442346548059902, 5232.3530000000000655, 1, 5232.3630000000002838, -5.4417812504212701441, 5232.3630000000002838, 6.8880178236686724347, 5232.3630000000002838, 40.087381183600470536, 5232.3530000000000655, 1, 5232.3630000000002838, 1.3094848325584900195, 5232.3630000000002838, -4.0674846644395756812
5232.3680000000003929, 60.426067749601244827, 5232.3580000000001746, 1, 5232.3680000000003929, -11.320415600347701002, 5232.3680000000003929, 3.0543089552500077843, 5232.3680000000003929, 60.373760318602961661, 5232.3580000000001746, 1, 5232.3680000000003929, 14.948303075926528294, 5232.3680000000003929, -0.41472060493602214137, 5232.3680000000003929, 43.55043249405054695, 5232.3580000000001746, 1, 5232.3680000000003929, -5.4417217612019053163, 5232.3680000000003929, 6.8880044342337853891, 5232.3680000000003929, 40.087385466032323222, 5232.3580000000001746, 1, 5232.3680000000003929, 1.3094411001251522464, 5232.3680000000003929, -4.0674744098753308208
5232.3729999999995925, 60.426081753488155357, 5232.3630000000002838, 1, 5232.3729999999995925, -11.320247143248964861, 5232.3729999999995925, 3.0542917125982391724, 5232.3729999999995925, 60.373763465195672495, 5232.3630000000002838, 1, 5232.3729999999995925, 14.948121031163774219, 5232.3729999999995925, -0.41470950236397996491, 5232.3729999999995925, 43.550422641610829544, 5232.3630000000002838, 1, 5232.3729999999995925, -5.441662272820956936, 5232.3729999999995925, 6.8879910448048242699, 5232.3729999999995925, 40.087389748487723296, 5232.3630000000002838, 1, 5232.3729999999995925, 1.3093973684452488992, 5232.3729999999995925, -4.06746415541287476
5232.3770000000004075, 60.426095757168759803, 5232.3680000000003929, 1, 5232.3770000000004075, -11.320078688481705953, 5232.3770000000004075, 3.0542744700629071986, 5232.3770000000004075, 60.373766611526825443, 5232.3680000000003929, 1, 5232.3770000000004075, 14.9479389887359293, 5232.3770000000004075, -0.41469839973130717681, 5232.3770000000004075, 43.550412789224317578, 5232.3680000000003929, 1, 5232.3770000000004075, -5.4416027852758412919, 5232.3770000000004075, 6.887977655383082265, 5232.3770000000004075, 40.0873940309269301, 5232.3680000000003929, 1, 5232.3770000000004075, 1.3093536375133061345, 5232.3770000000004075, -4.0674539010412438245
5232.3829999999998108, 60.426109760643619495, 5232.3729999999995925, 1, 5232.3829999999998108, -11.319910236041572205, 5232.3829999999998108, 3.0542572276487192084, 5232.3829999999998108, 60.373769757650840972, 5232.3729999999995925, 1, 5232.3829999999998108, 14.947756948703771585, 5232.3829999999998108, -0.4146872970463775232, 5232.3829999999998108, 43.55040293688324482, 5232.3729999999995925, 1, 5232.3829999999998108, -5.441543298534498696, 5232.3829999999998108, 6.8879642659685913486, 5232.3829999999998108, 40.087398313375629755, 5232.3729999999995925, 1, 5232.3829999999998108, 1.3093099073229448326, 5232.3829999999998108, -4.0674436467673835693
5232.38799999999992, 60.426123763866492311, 5232.3779999999997017, 1, 5232.38799999999992, -11.319741785909823051, 5232.38799999999992, 3.0542399853608905858, 5232.38799999999992, 60.373772903577659577, 5232.3779999999997017, 1, 5232.38799999999992, 14.947574911051145108, 5232.38799999999992, -0.41467619431141500286, 5232.38799999999992, 43.550393084566081825, 5232.3779999999997017, 1, 5232.38799999999992, -5.4414838126073208358, 5232.38799999999992, 6.8879508765655863556, 5232.38799999999992, 40.087402595828777407, 5232.3779999999997017, 1, 5232.38799999999992, 1.309266177877995263, 5232.38799999999992, -4.0674333925901393627
5232.3930000000000291, 60.426137766843730503, 5232.3829999999998108, 1, 5232.3930000000000291, -11.319573338080918035, 5232.3930000000000291, 3.0542227431998512088, 5232.3930000000000291, 60.373776049294576751, 5232.3829999999998108, 1, 5232.3930000000000291, 14.94739287578611453, 5232.3930000000000291, -0.41466509152286334938, 5232.3930000000000291, 43.550383232296105973, 5232.3829999999998108, 1, 5232.3930000000000291, -5.4414243275091038754, 5232.3930000000000291, 6.8879374871697081062, 5232.3930000000000291, 40.087406878283367462, 5232.3829999999998108, 1, 5232.3930000000000291, 1.3092224491609243398, 5232.3930000000000291, -4.0674231385073937872
5232.3980000000001382, 60.426151769617895582, 5232.3890000000001237, 1, 5232.3980000000001382, -11.319404892581559352, 5232.3980000000001382, 3.0542055011545734544, 5232.3980000000001382, 60.373779194775551105, 5232.3890000000001237, 1, 5232.3980000000001382, 14.947210842882276083, 5232.3980000000001382, -0.4146539886772480088, 5232.3980000000001382, 43.550373380086313091, 5232.3890000000001237, 1, 5232.3980000000001382, -5.4413648432429768675, 5232.3980000000001382, 6.8879240977798055212, 5232.3980000000001382, 40.087411160756047934, 5232.3890000000001237, 1, 5232.3980000000001382, 1.3091787212098324744, 5232.3980000000001382, -4.0674128845189869708
5232.4030000000002474, 60.426164371926816443, 5232.3930000000000291, 1, 5232.4030000000002474, -11.319253293585568088, 5232.4030000000002474, 3.0541899834180021855, 5232.4030000000002474, 60.373782340070803798, 5232.3930000000000291, 1, 5232.4030000000002474, 14.947028812384450802, 5232.4030000000002474, -0.41464288578648478278, 5232.4030000000002474, 43.550363527896976734, 5232.3930000000000291, 1, 5232.4030000000002474, -5.4413053597722518262, 5232.4030000000002474, 6.8879107084001702788, 5232.4030000000002474, 40.087415443229566847, 5232.3930000000000291, 1, 5232.4030000000002474, 1.3091349940029273213, 5232.4030000000002474, -4.0674026306281163556
5232.4080000000003565, 60.426178374227326628, 5232.3980000000001382, 1, 5232.4080000000003565, -11.319084852556736465, 5232.4080000000003565, 3.0541727416179540455, 5232.4080000000003565, 60.373785485167360321, 5232.3980000000001382, 1, 5232.4080000000003565, 14.946846784252034723, 5232.4080000000003565, -0.41463178283721191519, 5232.4080000000003565, 43.550353675755928862, 5232.3980000000001382, 1, 5232.4080000000003565, -5.4412458771580833883, 5232.4080000000003565, 6.8878973190235939228, 5232.4080000000003565, 40.087419725737603926, 5232.3980000000001382, 1, 5232.4080000000003565, 1.3090912675408756805, 5232.4080000000003565, -4.0673923768380575439
5232.4129999999995562, 60.42619237636625229, 5232.4040000000004511, 1, 5232.4129999999995562, -11.318916413721092695, 5232.4129999999995562, 3.0541554999321576247, 5232.4129999999995562, 60.373788315551870198, 5232.4040000000004511, 1, 5232.4129999999995562, 14.946682960932614392, 5232.4129999999995562, -0.41462179014380851072, 5232.4129999999995562, 43.550344808896184645, 5232.4040000000004511, 1, 5232.4129999999995562, -5.4411923434972928604, 5232.4129999999995562, 6.8878852685968574576, 5232.4129999999995562, 40.087424008205928772, 5232.4040000000004511, 1, 5232.4129999999995562, 1.3090475418241536154, 5232.4129999999995562, -4.0673821231368236795
5232.4229999999997744, 60.426206378223838556, 5232.4080000000003565, 1, 5232.4229999999997744, -11.318747977330245291, 5232.4229999999997744, 3.0541382583775202875, 5232.4229999999997744, 60.373791460233427131, 5232.4080000000003565, 1, 5232.4229999999997744, 14.946500937409059162, 5232.4229999999997744, -0.41461068709350001882, 5232.4229999999997744, 43.550334956830056399, 5232.4080000000003565, 1, 5232.4229999999997744, -5.4411328624502921514, 5232.4229999999997744, 6.8878718792389861392, 5232.4229999999997744, 40.087428290710917622, 5232.4080000000003565, 1, 5232.4229999999997744, 1.3090038168523974171, 5232.4229999999997744, -4.0673718695338791917
5232.4269999999996799, 60.426221780037849385, 5232.4129999999995562, 1, 5232.4269999999996799, -11.318562699862203758, 5232.4269999999996799, 3.0541192928011007268, 5232.4269999999996799, 60.373794919124520675, 5232.4129999999995562, 1, 5232.4269999999996799, 14.946300714142834565, 5232.4269999999996799, -0.41459847367748281499, 5232.4269999999996799, 43.55032411963813388, 5232.4129999999995562, 1, 5232.4269999999996799, -5.4410674342251530433, 5232.4269999999996799, 6.8878571509515147397, 5232.4269999999996799, 40.087432573213348519, 5232.4129999999995562, 1, 5232.4269999999996799, 1.30896009263853208, 5232.4269999999996799, -4.0673616160273944331
5232.4279999999998836, 60.426234381303700616, 5232.4179999999996653, 1, 5232.4279999999998836, -11.318411111290405557, 5232.4279999999998836, 3.0541037756248385904, 5232.4279999999998836, 60.373797748976691935, 5232.4179999999996653, 1, 5232.4279999999998836, 14.946136897270129396, 5232.4279999999998836, -0.41458848084191401995, 5232.4279999999998836, 43.550314267661399015, 5232.4179999999996653, 1, 5232.4279999999998836, -5.4410079548884375811, 5232.4279999999998836, 6.8878437616133219024, 5232.4279999999998836, 40.08743685572167692, 5232.4179999999996653, 1, 5232.4279999999998836, 1.3089163691493741482, 5232.4279999999998836, -4.0673513626202648652
5232.4329999999999927, 60.426248382514799573, 5232.4229999999997744, 1, 5232.4329999999999927, -11.318242681888309065, 5232.4329999999999927, 3.0540865344351288968, 5232.4329999999999927, 60.373800893008883861, 5232.4229999999997744, 1, 5232.4329999999999927, 14.945954880884281479, 5232.4329999999999927, -0.41457737763566271383, 5232.4329999999999927, 43.550304415736945884, 5232.4229999999997744, 1, 5232.4329999999999927, -5.4409484763513829009, 5232.4329999999999927, 6.8878303722804048448, 5232.4329999999999927, 40.087441138256963313, 5232.4229999999997744, 1, 5232.4329999999999927, 1.3088726464302007368, 5232.4329999999999927, -4.0673411093059215204
5232.4390000000003056, 60.426263783571286581, 5232.4279999999998836, 1, 5232.4390000000003056, -11.318057412069883583, 5232.4390000000003056, 3.054067569266877058, 5232.4390000000003056, 60.37380435121355049, 5232.4279999999998836, 1, 5232.4390000000003056, 14.945754665467957167, 5232.4390000000003056, -0.4145651640459924181, 5232.4390000000003056, 43.550294563873507059, 5232.4279999999998836, 1, 5232.4390000000003056, -5.4408889986769466418, 5232.4390000000003056, 6.8878169829541846525, 5232.4390000000003056, 40.087445420775416949, 5232.4279999999998836, 1, 5232.4390000000003056, 1.3088289244333948247, 5232.4390000000003056, -4.0673308560866381356
5232.4420000000000073, 60.426277784307785623, 5232.4329999999999927, 1, 5232.4420000000000073, -11.317888987448956328, 5232.4420000000000073, 3.0540503283347248953, 5232.4420000000000073, 60.373807494816247754, 5232.4329999999999927, 1, 5232.4420000000000073, 14.945572654006202384, 5232.4420000000000073, -0.41455406072576650445, 5232.4420000000000073, 43.550284712047321989, 5232.4329999999999927, 1, 5232.4420000000000073, -5.4408295218073927657, 5232.4420000000000073, 6.8878035936353434465, 5232.4420000000000073, 40.087449703302667103, 5232.4329999999999927, 1, 5232.4420000000000073, 1.3087852031948170595, 5232.4420000000000073, -4.0673206029599207056
5232.4530000000004293, 60.426291784804696761, 5232.4390000000003056, 1, 5232.4530000000004293, -11.317720565137443955, 5232.4530000000004293, 3.0540330875262817756, 5232.4530000000004293, 60.373810638221506508, 5232.4390000000003056, 1, 5232.4530000000004293, 14.945390644932453839, 5232.4530000000004293, -0.41454295735859147953, 5232.4530000000004293, 43.550274860257133014, 5232.4390000000003056, 1, 5232.4530000000004293, -5.4407700457347099032, 5232.4530000000004293, 6.8877902043216892025, 5232.4530000000004293, 40.087453985845648674, 5232.4390000000003056, 1, 5232.4530000000004293, 1.3087414827039542953, 5232.4530000000004293, -4.0673103499402749605
5232.4530000000004293, 60.426305785075101085, 5232.443000000000211, 1, 5232.4530000000004293, -11.317552145151868359, 5232.4530000000004293, 3.0540158468404392522, 5232.4530000000004293, 60.373813781395298861, 5232.443000000000211, 1, 5232.4530000000004293, 14.945208638210541352, 5232.4530000000004293, -0.41453185393935854108, 5232.4530000000004293, 43.550265008513889597, 5232.443000000000211, 1, 5232.4530000000004293, -5.4407105705212686075, 5232.4530000000004293, 6.8877768150231872823, 5232.4530000000004293, 40.087458268392815341, 5232.443000000000211, 1, 5232.4530000000004293, 1.3086977629524434441, 5232.4530000000004293, -4.0673000970065267268
5232.4579999999996289, 60.426319785111857641, 5232.4480000000003201, 1, 5232.4579999999996289, -11.317383727483875333, 5232.4579999999996289, 3.0539986062804125311, 5232.4579999999996289, 60.37381692437841707, 5232.4480000000003201, 1, 5232.4579999999996289, 14.94502663389950925, 5232.4579999999996289, -0.4145207504635486373, 5232.4579999999996289, 43.550255156793419076, 5232.4480000000003201, 1, 5232.4579999999996289, -5.4406510961057321651, 5232.4579999999996289, 6.8877634257275204277, 5232.4579999999996289, 40.087462550957418728, 5232.4480000000003201, 1, 5232.4579999999996289, 1.3086540439584937179, 5232.4579999999996289, -4.0672898441733806862
5232.4629999999997381, 60.426333784912756641, 5232.4530000000004293, 1, 5232.4629999999997381, -11.317215312114507597, 5232.4629999999997381, 3.0539813658401229191, 5232.4629999999997381, 60.373820067157879521, 5232.4530000000004293, 1, 5232.4629999999997381, 14.944844631970251925, 5232.4629999999997381, -0.41450964693371972203, 5232.4629999999997381, 43.550245305133877594, 5232.4530000000004293, 1, 5232.4629999999997381, -5.440591622522831905, 5232.4629999999997381, 6.887750036440589696, 5232.4629999999997381, 40.087466833523635046, 5232.4530000000004293, 1, 5232.4629999999997381, 1.3086103257060490712, 5232.4629999999997381, -4.0672795914346302482
5232.4679999999998472, 60.426347784490104686, 5232.4579999999996289, 1, 5232.4679999999998472, -11.317046899082127354, 5232.4679999999998472, 3.0539641255242067075, 5232.4679999999998472, 60.37382320973372174, 5232.4579999999996289, 1, 5232.4679999999998472, 14.944662632420122605, 5232.4679999999998472, -0.41449854335547087203, 5232.4679999999998472, 43.550235453507347927, 5232.4579999999996289, 1, 5232.4679999999998472, -5.4405321497666925268, 5232.4679999999998472, 6.8877366471649352775, 5232.4679999999998472, 40.08747111609784497, 5232.4579999999996289, 1, 5232.4679999999998472, 1.3085666081913858161, 5232.4679999999998472, -4.067269338789127886
5232.4719999999997526, 60.426361783852023279, 5232.4629999999997381, 1, 5232.4719999999997526, -11.316878488361785671, 5232.4719999999997526, 3.053946885335683703, 5232.4719999999997526, 60.373826352058557632, 5232.4629999999997381, 1, 5232.4719999999997526, 14.944480635227582965, 5232.4719999999997526, -0.41448743972096124821, 5232.4719999999997526, 43.550225601940326214, 5232.4629999999997381, 1, 5232.4719999999997526, -5.4404726778251495389, 5232.4719999999997526, 6.8877232578955620568, 5232.4719999999997526, 40.087475398666114756, 5232.4629999999997381, 1, 5232.4719999999997526, 1.3085228914194666494, 5232.4719999999997526, -4.0672590862422701719
5232.4790000000002692, 60.426377182885751438, 5232.4679999999998472, 1, 5232.4790000000002692, -11.316693239299326024, 5232.4790000000002692, 3.0539279212664176555, 5232.4790000000002692, 60.373830122581324531, 5232.4679999999998472, 1, 5232.4790000000002692, 14.94426224184145191, 5232.4790000000002692, -0.41447411529068389768, 5232.4790000000002692, 43.550213780119179319, 5232.4679999999998472, 1, 5232.4790000000002692, -5.4404013126229102681, 5232.4790000000002692, 6.8877071907800448969, 5232.4790000000002692, 40.087480537780834311, 5232.4679999999998472, 1, 5232.4790000000002692, 1.3084704323260867298, 5232.4790000000002692, -4.0672467833219130284
5232.4840000000003783, 60.426392581669723825, 5232.4729999999999563, 1, 5232.4840000000003783, -11.316507992961209794, 5232.4840000000003783, 3.0539089573446602799, 5232.4840000000003783, 60.37383357863004818, 5232.4729999999999563, 1, 5232.4840000000003783, 14.944062050691567123, 5232.4840000000003783, -0.41446190116523240476, 5232.4840000000003783, 43.550202943485501805, 5232.4729999999999563, 1, 5232.4840000000003783, -5.4403358954547087478, 5232.4840000000003783, 6.8876924626019544462, 5232.4840000000003783, 40.087485248619856293, 5232.4729999999999563, 1, 5232.4840000000003783, 1.3084223456897221549, 5232.4840000000003783, -4.0672355057503146725
5232.488999999999578, 60.426406580302071347, 5232.4790000000002692, 1, 5232.488999999999578, -11.316339589673608756, 5232.488999999999578, 3.0538917175460973397, 5232.488999999999578, 60.373836406144675948, 5232.4790000000002692, 1, 5232.488999999999578, 14.943898260248341003, 5232.488999999999578, -0.41445190774464535366, 5232.488999999999578, 43.550194077182709407, 5232.4790000000002692, 1, 5232.488999999999578, -5.4402823731253180384, 5232.488999999999578, 6.8876804122832417931, 5232.488999999999578, 40.087489102967467147, 5232.4790000000002692, 1, 5232.488999999999578, 1.3083830027977976229, 5232.488999999999578, -4.067226278739873635
5232.4939999999996871, 60.426420578702241926, 5232.4830000000001746, 1, 5232.4939999999996871, -11.3161711886911025, 5232.4939999999996871, 3.0538744778741602204, 5232.4939999999996871, 60.373839547588190158, 5232.4830000000001746, 1, 5232.4939999999996871, 14.943716273047307652, 5232.4939999999996871, -0.41444080388538395709, 5232.4939999999996871, 43.550184225805338656, 5232.4830000000001746, 1, 5232.4939999999996871, -5.4402229046501302534, 5232.4939999999996871, 6.8876670230457541777, 5232.4939999999996871, 40.087493385582462224, 5232.4830000000001746, 1, 5232.4939999999996871, 1.3083392891804648261, 5232.4939999999996871, -4.0672160265968635429
5232.4989999999997963, 60.426434576867933401, 5232.4880000000002838, 1, 5232.4989999999997963, -11.316002790019645374, 5232.4989999999997963, 3.0538572383213598016, 5232.4989999999997963, 60.373842688849499893, 5232.4880000000002838, 1, 5232.4989999999997963, 14.94353428824888752, 5232.4989999999997963, -0.41442969997680023653, 5232.4989999999997963, 43.55017437443204642, 5232.4880000000002838, 1, 5232.4989999999997963, -5.4401634369712130734, 5232.4989999999997963, 6.8876536338177238861, 5232.4989999999997963, 40.087497668202068724, 5232.4880000000002838, 1, 5232.4989999999997963, 1.308295576297001217, 5232.4989999999997963, -4.0672057745481424718
5232.5039999999999054, 60.426447175021380076, 5232.4930000000003929, 1, 5232.5039999999999054, -11.315851233158982225, 5232.5039999999999054, 3.0538417228329599595, 5232.5039999999999054, 60.373845515794059224, 5232.4930000000003929, 1, 5232.5039999999999054, 14.943370503929358506, 5232.5039999999999054, -0.41441970641344738624, 5232.5039999999999054, 43.550164523140395545, 5232.4930000000003929, 1, 5232.5039999999999054, -5.4401039701457012399, 5232.5039999999999054, 6.8876402445937969787, 5232.5039999999999054, 40.087501950809468099, 5232.4930000000003929, 1, 5232.5039999999999054, 1.3082518641377631763, 5232.5039999999999054, -4.0671955225951883506
5232.5090000000000146, 60.426461172778573427, 5232.4979999999995925, 1, 5232.5090000000000146, -11.315682838993652126, 5232.5090000000000146, 3.0538244835145320621, 5232.5090000000000146, 60.373848656650132227, 5232.4979999999995925, 1, 5232.5090000000000146, 14.94318852373807438, 5232.5090000000000146, -0.41440860240843235829, 5232.5090000000000146, 43.550154671882111757, 5232.4979999999995925, 1, 5232.5090000000000146, -5.440044504113904722, 5232.5090000000000146, 6.8876268553854771426, 5232.5090000000000146, 40.087506233434702096, 5232.4979999999995925, 1, 5232.5090000000000146, 1.3082081527418010225, 5232.5090000000000146, -4.0671852707405342642
5232.5140000000001237, 60.426476570032974678, 5232.5029999999997017, 1, 5232.5140000000001237, -11.315497607948636016, 5232.5140000000001237, 3.0538055204092486861, 5232.5140000000001237, 60.373852111362545259, 5232.5029999999997017, 1, 5232.5140000000001237, 14.942988348146114319, 5232.5140000000001237, -0.41439638794086874896, 5232.5140000000001237, 43.550144820658239553, 5232.5029999999997017, 1, 5232.5140000000001237, -5.439985038926979044, 5232.5140000000001237, 6.88761346617908643, 5232.5140000000001237, 40.087510516088855184, 5232.5029999999997017, 1, 5232.5140000000001237, 1.3081644421087850194, 5232.5140000000001237, -4.0671750189765383254
5232.5230000000001382, 60.506843927461105181, 5232.5079999999998108, 1, 5232.5230000000001382, -11.275323906586077527, 5232.5230000000001382, 0.71552023778443896163, 5232.5230000000001382, 60.447496412478720629, 5232.5079999999998108, 1, 5232.5230000000001382, 14.490382161540027894, 5232.5230000000001382, -2.1425633466936986338, 5232.5230000000001382, 43.784095278277064267, 5232.5079999999998108, 1, 5232.5230000000001382, -5.5780100065577888913, 5232.5230000000001382, 5.0482557351274408575, 5232.5230000000001382, 40.037929568817020254, 5232.5079999999998108, 1, 5232.5230000000001382, 1.6752955014751576002, 5232.5230000000001382, -4.4067485357713991334
5232.524000000000342, 60.506857136275669973, 5232.51299999999992, 1, 5232.524000000000342, -11.275155510742081333, 5232.524000000000342, 0.71550247063366967382, 5232.524000000000342, 60.447498505957256043, 5232.51299999999992, 1, 5232.524000000000342, 14.490200167859988767, 5232.524000000000342, -2.1425523369696612974, 5232.524000000000342, 43.784085059796936434, 5232.51299999999992, 1, 5232.524000000000342, -5.5779505104647952862, 5232.524000000000342, 5.0482427724875087449, 5232.524000000000342, 40.037934338770149623, 5232.51299999999992, 1, 5232.524000000000342, 1.6752518342300255494, 5232.524000000000342, -4.4067383208628250202
5232.5290000000004511, 60.506870344863877165, 5232.5190000000002328, 1, 5232.5290000000004511, -11.274987117234500644, 5232.5290000000004511, 0.71548470361408789131, 5232.5290000000004511, 60.447500599268451538, 5232.5190000000002328, 1, 5232.5290000000004511, 14.490018176555819807, 5232.5290000000004511, -2.1425413271868052334, 5232.5290000000004511, 43.784074841372088827, 5232.5190000000002328, 1, 5232.5290000000004511, -5.5778910152326854899, 5232.5290000000004511, 5.0482298098559148514, 5232.5290000000004511, 40.037939108734917681, 5232.5190000000002328, 1, 5232.5290000000004511, 1.6752081677162506956, 5232.5290000000004511, -4.406728106052796079
5232.5339999999996508, 60.506883553215516258, 5232.5230000000001382, 1, 5232.5339999999996508, -11.274818726029318228, 5232.5339999999996508, 0.71546693672957673016, 5232.5339999999996508, 60.44750269237161433, 5232.5230000000001382, 1, 5232.5339999999996508, 14.489836187623742703, 5232.5339999999996508, -2.1425303173441143656, 5232.5339999999996508, 43.784064622948662304, 5232.5230000000001382, 1, 5232.5339999999996508, -5.5778315207771171913, 5232.5339999999996508, 5.0482168472335899878, 5232.5339999999996508, 40.03794387870790672, 5232.5230000000001382, 1, 5232.5339999999996508, 1.6751645019582503959, 5232.5339999999996508, -4.4067178913403459717
5232.5389999999997599, 60.506896761372679805, 5232.5280000000002474, 1, 5232.5389999999997599, -11.2746503371550304, 5232.5389999999997599, 0.71544916997299523587, 5232.5389999999997599, 60.447504785288394658, 5232.5280000000002474, 1, 5232.5389999999997599, 14.489654201082199592, 5232.5389999999997599, -2.1425193074444699448, 5232.5389999999997599, 43.784054404608141908, 5232.5280000000002474, 1, 5232.5389999999997599, -5.5777720271749648973, 5232.5389999999997599, 5.0482038846111549901, 5232.5389999999997599, 40.037949125671133288, 5232.5280000000002474, 1, 5232.5389999999997599, 1.6751164704981054143, 5232.5389999999997599, -4.4067066552703835214
5232.543999999999869, 60.506909969301077012, 5232.5339999999996508, 1, 5232.543999999999869, -11.27448195058337177, 5232.543999999999869, 0.71543140334996024876, 5232.543999999999869, 60.447506878001298958, 5232.5339999999996508, 1, 5232.543999999999869, 14.489472216918992231, 5232.543999999999869, -2.1425082974858433715, 5232.543999999999869, 43.784044186318496372, 5232.5339999999996508, 1, 5232.543999999999869, -5.5777125344133988705, 5232.543999999999869, 5.0481909219977971759, 5232.543999999999869, 40.037953895597027554, 5232.5339999999996508, 1, 5232.543999999999869, 1.6750728062549413711, 5232.543999999999869, -4.4066964407500286427
5232.5460000000002765, 60.506923177024830807, 5232.5379999999995562, 1, 5232.5460000000002765, -11.274313566351471749, 5232.5460000000002765, 0.71541363685589942634, 5232.5460000000002765, 60.447508970522520144, 5232.5379999999995562, 1, 5232.5460000000002765, 14.489290235141023544, 5232.5460000000002765, -2.1424972874656553756, 5232.5460000000002765, 43.7840339680425501, 5232.5379999999995562, 1, 5232.5460000000002765, -5.5776530424335781788, 5232.5460000000002765, 5.0481779593859847921, 5232.5460000000002765, 40.037958188565042406, 5232.5379999999995562, 1, 5232.5460000000002765, 1.6750335091454608971, 5232.5460000000002765, -4.4066872477758707305
5232.5540000000000873, 60.506936384510566995, 5232.5429999999996653, 1, 5232.5540000000000873, -11.274145184421882959, 5232.5540000000000873, 0.7153958704985292627, 5232.5540000000000873, 60.447511062865487474, 5232.5429999999996653, 1, 5232.5540000000000873, 14.489108255740942965, 5232.5540000000000873, -2.1424862773873663002, 5232.5540000000000873, 43.784023749837103878, 5232.5429999999996653, 1, 5232.5540000000000873, -5.5775935513183538816, 5232.5540000000000873, 5.0481649967828694514, 5232.5540000000000873, 40.037962958516942535, 5232.5429999999996653, 1, 5232.5540000000000873, 1.6749898463556851524, 5232.5540000000000873, -4.406677033443347824
5232.5640000000003056, 60.506920971499710049, 5232.5500000000001819, 1, 5232.5640000000003056, -11.274129091579061068, 5232.5640000000003056, 0.71539884215564697456, 5232.5640000000003056, 60.447473610841377933, 5232.5500000000001819, 1, 5232.5640000000003056, 14.489088825903078117, 5232.5640000000003056, -2.1424916964926197238, 5232.5640000000003056, 43.784007110116107242, 5232.5500000000001819, 1, 5232.5640000000003056, -5.5775709774191133405, 5232.5640000000003056, 5.0481669419708872226, 5232.5640000000003056, 40.037965456057307279, 5232.5500000000001819, 1, 5232.5640000000003056, 1.6749728013113114322, 5232.5640000000003056, -4.4066773487553021482
5232.5690000000004147, 60.506932858222398863, 5232.5529999999998836, 1, 5232.5690000000004147, -11.273977551901881, 5232.5690000000004147, 0.71538285266850110133, 5232.5690000000004147, 60.447475494065542989, 5232.5529999999998836, 1, 5232.5690000000004147, 14.488925048595602263, 5232.5690000000004147, -2.1424817873229500265, 5232.5690000000004147, 43.783997913810544844, 5232.5529999999998836, 1, 5232.5690000000004147, -5.5775174368111777312, 5232.5690000000004147, 5.0481552756384182601, 5232.5690000000004147, 40.037970226064587109, 5232.5529999999998836, 1, 5232.5690000000004147, 1.674929140041474529, 5232.5690000000004147, -4.4066671346160468659
5232.5690000000004147, 60.506946065473144358, 5232.5590000000001965, 1, 5232.5690000000004147, -11.273809176806054211, 5232.5690000000004147, 0.71536508670764931139, 5232.5690000000004147, 60.44747758633619128, 5232.5590000000001965, 1, 5232.5690000000004147, 14.488743076175214952, 5232.5690000000004147, -2.142470777072585264, 5232.5690000000004147, 43.78398769575360916, 5232.5590000000001965, 1, 5232.5690000000004147, -5.5774579480797852327, 5232.5690000000004147, 5.0481423130547469214, 5232.5690000000004147, 40.037974996046393983, 5232.5590000000001965, 1, 5232.5690000000004147, 1.6748854794911334221, 5232.5690000000004147, -4.406656920575095171
5232.5739999999996144, 60.506960593250418867, 5232.5630000000001019, 1, 5232.5739999999996144, -11.273623966765326188, 5232.5739999999996144, 0.7153455442844851575, 5232.5739999999996144, 60.447479887617149075, 5232.5630000000001019, 1, 5232.5739999999996144, 14.488542909143761861, 5232.5739999999996144, -2.1424586657355213504, 5232.5739999999996144, 43.783976455952313245, 5232.5630000000001019, 1, 5232.5739999999996144, -5.5773925113743247906, 5232.5739999999996144, 5.0481280542142066281, 5232.5739999999996144, 40.037979766029636153, 5232.5630000000001019, 1, 5232.5739999999996144, 1.6748418197033285715, 5232.5739999999996144, -4.4066467066313457224
5232.5799999999999272, 60.50697380006410242, 5232.568000000000211, 1, 5232.5799999999999272, -11.273455596462794048, 5232.5799999999999272, 0.7153277785894438523, 5232.5799999999999272, 60.447481979495279347, 5232.568000000000211, 1, 5232.5799999999999272, 14.488360941664121029, 5232.5799999999999272, -2.1424476553667339829, 5232.5799999999999272, 43.783966237991620574, 5232.568000000000211, 1, 5232.5799999999999272, -5.5773330243388734573, 5232.5799999999999272, 5.0481150916371113624, 5232.5799999999999272, 40.037984536017440007, 5232.568000000000211, 1, 5232.5799999999999272, 1.6747981606604545046, 5232.5799999999999272, -4.4066364927848802324
5232.5850000000000364, 60.506988327306558517, 5232.5730000000003201, 1, 5232.5850000000000364, -11.273270391849607108, 5232.5850000000000364, 0.71530823648127750403, 5232.5850000000000364, 60.447484280326229111, 5232.5730000000003201, 1, 5232.5850000000000364, 14.488160780213766188, 5232.5850000000000364, -2.1424355438887268122, 5232.5850000000000364, 43.783954998276726656, 5232.5730000000003201, 1, 5232.5850000000000364, -5.5772675895623775588, 5232.5850000000000364, 5.0481008328121141915, 5232.5850000000000364, 40.037989782972580599, 5232.5730000000003201, 1, 5232.5850000000000364, 1.6747501365641124238, 5232.5850000000000364, -4.40662525766250468
5232.5900000000001455, 60.507002854283022941, 5232.5780000000004293, 1, 5232.5900000000001455, -11.273085189953617302, 5232.5900000000001455, 0.71528869452301790943, 5232.5900000000001455, 60.447486580937464851, 5232.5780000000004293, 1, 5232.5900000000001455, 14.487960621555117768, 5232.5900000000001455, -2.1424234323423476667, 5232.5900000000001455, 43.783943758610860186, 5232.5780000000004293, 1, 5232.5900000000001455, -5.5772021557442785777, 5232.5900000000001455, 5.0480865739923430624, 5232.5900000000001455, 40.037995029961962246, 5232.5780000000004293, 1, 5232.5900000000001455, 1.6747021133701289752, 5232.5900000000001455, -4.406614022649289808
5232.5950000000002547, 60.507016060386078493, 5232.5829999999996289, 1, 5232.5950000000002547, -11.27291682706997733, 5232.5950000000002547, 0.71527092925215995933, 5232.5950000000002547, 60.44748867220502575, 5232.5829999999996289, 1, 5232.5950000000002547, 14.487778661703966776, 5232.5950000000002547, -2.1424124217848294904, 5232.5950000000002547, 43.783933540775933579, 5232.5829999999996289, 1, 5232.5950000000002547, -5.577142671335611368, 5232.5950000000002547, 5.0480736114362656508, 5232.5950000000002547, 40.0379997999463626, 5232.5829999999996289, 1, 5232.5950000000002547, 1.6746584567128659504, 5232.5950000000002547, -4.4066038091068300275
5232.600999999999658, 60.426717291423315714, 5232.5879999999997381, 1, 5232.600999999999658, -11.312601633486384145, 5232.600999999999658, 3.0535090257706514194, 5232.600999999999658, 60.373906097106512902, 5232.5879999999997381, 1, 5232.600999999999658, 14.93985870489828649, 5232.600999999999658, -0.41420538974838905233, 5232.600999999999658, 43.549975386409016664, 5232.5879999999997381, 1, 5232.600999999999658, -5.4389623661440413827, 5232.600999999999658, 6.8873831730916705851, 5232.600999999999658, 40.087584178556788572, 5232.5879999999997381, 1, 5232.600999999999658, 1.3074127357413858341, 5232.600999999999658, -4.0669987037093910942
5232.6049999999995634, 60.507013858370626735, 5232.5929999999998472, 1, 5232.6049999999995634, -11.272732378426223221, 5232.6049999999995634, 0.71525613604978133253, 5232.6049999999995634, 60.447453318229733554, 5232.5929999999998472, 1, 5232.6049999999995634, 14.487577278959079763, 5232.6049999999995634, -2.1424068299646705782, 5232.6049999999995634, 43.783906684683003618, 5232.5929999999998472, 1, 5232.6049999999995634, -5.5770606171184100575, 5232.6049999999995634, 5.048062594004719017, 5232.6049999999995634, 40.038007068021599366, 5232.5929999999998472, 1, 5232.6049999999995634, 1.6745977590971350413, 5232.6049999999995634, -4.4065939111250855831
5232.6149999999997817, 60.426745277909134302, 5232.5979999999999563, 1, 5232.6149999999997817, -11.312264936769233614, 5232.6149999999997817, 3.0534745520157464682, 5232.6149999999997817, 60.373912370486266354, 5232.5979999999999563, 1, 5232.6149999999997817, 14.939494838589618908, 5232.6149999999997817, -0.41418317964732409564, 5232.6149999999997817, 43.549955685559012863, 5232.5979999999999563, 1, 5232.6149999999997817, -5.4388434664640143978, 5232.6149999999997817, 6.8873563949846676735, 5232.6149999999997817, 40.08759274411264073, 5232.5979999999999563, 1, 5232.6149999999997817, 1.3073253423427304565, 5232.6149999999997817, -4.0669782037810158215
5232.6149999999997817, 60.426759270833166227, 5232.6030000000000655, 1, 5232.6149999999997817, -11.312096591888963104, 5232.6149999999997817, 3.0534573153207595908, 5232.6149999999997817, 60.373915506836688394, 5232.6030000000000655, 1, 5232.6149999999997817, 14.939312908992059548, 5232.6149999999997817, -0.4141720745111108215, 5232.6149999999997817, 43.549945835231099522, 5232.6030000000000655, 1, 5232.6149999999997817, -5.4387840178774684574, 5232.6149999999997817, 6.8873430059336371301, 5232.6149999999997817, 40.087597026872778372, 5232.6030000000000655, 1, 5232.6149999999997817, 1.3072816467512060612, 5232.6149999999997817, -4.0669679539522505252
5232.6199999999998909, 60.42677326350652578, 5232.6080000000001746, 1, 5232.6199999999998909, -11.311928249334629371, 5232.6199999999998909, 3.0534400787534892174, 5232.6199999999998909, 60.373918643030378917, 5232.6080000000001746, 1, 5232.6199999999998909, 14.939130981813041998, 5232.6199999999998909, -0.41416096933203760955, 5232.6199999999998909, 43.549935984923379806, 5232.6080000000001746, 1, 5232.6199999999998909, -5.4387245701005362264, 5232.6199999999998909, 6.8873296169006152923, 5232.6199999999998909, 40.087601309662751703, 5232.6080000000001746, 1, 5232.6199999999998909, 1.3072379519134365022, 5232.6199999999998909, -4.0669577042258033828
5232.6239999999997963, 60.426787255968072543, 5232.6130000000002838, 1, 5232.6239999999997963, -11.311759909102288901, 5232.6239999999997963, 3.0534228423060874036, 5232.6239999999997963, 60.373921778975564223, 5232.6130000000002838, 1, 5232.6239999999997963, 14.938949056968970908, 5232.6239999999997963, -0.41414986409527543287, 5232.6239999999997963, 43.549926134660687183, 5232.6130000000002838, 1, 5232.6239999999997963, -5.4386651231537967988, 5232.6239999999997963, 6.88731622787017983, 5232.6239999999997963, 40.087605592465202164, 5232.6130000000002838, 1, 5232.6239999999997963, 1.3071942578275930202, 5232.6239999999997963, -4.0669474545944162003
5232.6289999999999054, 60.426801248200618488, 5232.6180000000003929, 1, 5232.6289999999999054, -11.311591571180342086, 5232.6289999999999054, 3.0534056059839294051, 5232.6289999999999054, 60.373924914705753508, 5232.6180000000003929, 1, 5232.6289999999999054, 14.938767134513543766, 5232.6289999999999054, -0.41413875880687456288, 5232.6289999999999054, 43.549916284433351166, 5232.6180000000003929, 1, 5232.6289999999999054, -5.4386056770070911881, 5232.6289999999999054, 6.8873028388495747265, 5232.6289999999999054, 40.087609875270089788, 5232.6180000000003929, 1, 5232.6289999999999054, 1.3071505644877716712, 5232.6289999999999054, -4.066937205058891891
5232.6340000000000146, 60.426815240196887657, 5232.6229999999995925, 1, 5232.6340000000000146, -11.311423235571901103, 5232.6340000000000146, 3.0533883697833950066, 5232.6340000000000146, 60.373928050250398769, 5232.6229999999995925, 1, 5232.6340000000000146, 14.938585214465623707, 5232.6340000000000146, -0.41412765346225199892, 5232.6340000000000146, 43.549906434241400177, 5232.6229999999995925, 1, 5232.6340000000000146, -5.438546231689254995, 5232.6340000000000146, 6.8872894498408889774, 5232.6340000000000146, 40.087614158087461647, 5232.6229999999995925, 1, 5232.6340000000000146, 1.3071068719039458106, 5232.6340000000000146, -4.0669269556209997063
5232.6400000000003274, 60.426829231959786171, 5232.6279999999997017, 1, 5232.6400000000003274, -11.311254902275980072, 5232.6400000000003274, 3.0533711337077207304, 5232.6400000000003274, 60.373931185588610049, 5232.6279999999997017, 1, 5232.6400000000003274, 14.938403296785532248, 5232.6400000000003274, -0.41411654806945108476, 5232.6400000000003274, 43.549896584107223418, 5232.6279999999997017, 1, 5232.6400000000003274, -5.4384867871995403732, 5232.6400000000003274, 6.8872760608320611198, 5232.6400000000003274, 40.087618440911597872, 5232.6279999999997017, 1, 5232.6400000000003274, 1.3070631800504803888, 5232.6400000000003274, -4.0669167062755207098
5232.6440000000002328, 60.507087316068108862, 5232.6329999999998108, 1, 5232.6440000000002328, -11.271556880151742064, 5232.6440000000002328, 0.71513734869991552046, 5232.6440000000002328, 60.447425573262819398, 5232.6329999999998108, 1, 5232.6440000000002328, 14.486304549228943728, 5232.6440000000002328, -2.1423372258708965887, 5232.6440000000002328, 43.783817722560939956, 5232.6329999999998108, 1, 5232.6440000000002328, -5.5766263055808966698, 5232.6440000000002328, 5.0479756648233298222, 5232.6440000000002328, 40.038042672757143237, 5232.6329999999998108, 1, 5232.6440000000002328, 1.6742784805551638172, 5232.6440000000002328, -4.4065240518328785413
5232.6540000000004511, 60.426857214830860698, 5232.6390000000001237, 1, 5232.6540000000004511, -11.310918242657800548, 5232.6540000000004511, 3.0533366619181734336, 5232.6540000000004511, 60.37393745558229341, 5232.6390000000001237, 1, 5232.6540000000004511, 14.938039468528923948, 5232.6540000000004511, -0.41409433711402598988, 5232.6540000000004511, 43.549876883979479203, 5232.6390000000001237, 1, 5232.6540000000004511, -5.4383679006898022479, 5232.6540000000004511, 6.8872492828428093503, 5232.6540000000004511, 40.087627006553027798, 5232.6390000000001237, 1, 5232.6540000000004511, 1.3069757985629935071, 5232.6540000000004511, -4.0668962078684209871
5232.6549999999997453, 60.426871205940138054, 5232.6430000000000291, 1, 5232.6549999999997453, -11.31074991632908322, 5232.6549999999997453, 3.0533194262118996676, 5232.6549999999997453, 60.373940590271033102, 5232.6430000000000291, 1, 5232.6549999999997453, 14.937857557985909196, 5232.6549999999997453, -0.41408323156609938565, 5232.6549999999997453, 43.549867033993251653, 5232.6430000000000291, 1, 5232.6549999999997453, -5.4383084586707539643, 5232.6549999999997453, 6.8872358938644495652, 5232.6549999999997453, 40.087631289377043231, 5232.6430000000000291, 1, 5232.6549999999997453, 1.3069321089382113232, 5232.6549999999997453, -4.0668859588144599115
5232.6589999999996508, 60.426885196805727674, 5232.6480000000001382, 1, 5232.6589999999996508, -11.310581592307041632, 5232.6589999999996508, 3.0533021906280346514, 5232.6589999999996508, 60.373943724744073336, 5232.6480000000001382, 1, 5232.6589999999996508, 14.937675649812307554, 5232.6589999999996508, -0.41407212596202214172, 5232.6589999999996508, 43.549857184027814583, 5232.6480000000001382, 1, 5232.6589999999996508, -5.4382490174550222051, 5232.6589999999996508, 6.8872225048919446522, 5232.6589999999996508, 40.087635572220278846, 5232.6480000000001382, 1, 5232.6589999999996508, 1.3068884200807575624, 5232.6589999999996508, -4.0668757098519030535
5232.6649999999999636, 60.426899187433271265, 5232.6530000000002474, 1, 5232.6649999999999636, -11.310413270600150781, 5232.6649999999999636, 3.053284955167235637, 5232.6649999999999636, 60.373946859028514211, 5232.6530000000002474, 1, 5232.6649999999999636, 14.937493744021850262, 5232.6649999999999636, -0.41406102030338942654, 5232.6649999999999636, 43.549847334121082554, 5232.6530000000002474, 1, 5232.6649999999999636, -5.4381895770943149415, 5232.6649999999999636, 6.8872091159240760305, 5232.6649999999999636, 40.08763985507398786, 5232.6530000000002474, 1, 5232.6649999999999636, 1.3068447319447047406, 5232.6649999999999636, -4.0668654609870067418
5232.668999999999869, 60.426913177846884651, 5232.6580000000003565, 1, 5232.668999999999869, -11.310244951210801645, 5232.668999999999869, 3.053267719828639315, 5232.668999999999869, 60.373949993083925847, 5232.6580000000003565, 1, 5232.668999999999869, 14.937311840624499126, 5232.668999999999869, -0.41404991459009821142, 5232.668999999999869, 43.549837484242388541, 5232.6580000000003565, 1, 5232.668999999999869, -5.4381301375140873589, 5232.668999999999869, 6.8871957269651389311, 5232.668999999999869, 40.087644137929139276, 5232.6580000000003565, 1, 5232.668999999999869, 1.3068010445735469549, 5232.668999999999869, -4.0668552122190888554
5232.6739999999999782, 60.426927168018607972, 5232.6639999999997599, 1, 5232.6739999999999782, -11.310076634148348518, 5232.6739999999999782, 3.0532504846141463872, 5232.6739999999999782, 60.373953126959079896, 5232.6639999999997599, 1, 5232.6739999999999782, 14.937129939597515005, 5232.6739999999999782, -0.41403880882615595738, 5232.6739999999999782, 43.549827634396116594, 5232.6639999999997599, 1, 5232.6739999999999782, -5.4380706987866815894, 5232.6739999999999782, 6.8871823380228995859, 5232.6739999999999782, 40.087648420825260587, 5232.6639999999997599, 1, 5232.6739999999999782, 1.3067573579568461106, 5232.6739999999999782, -4.0668449635472256887
5232.680000000000291, 60.426941157955752715, 5232.6679999999996653, 1, 5232.680000000000291, -11.309908319395235665, 5232.680000000000291, 3.0532332495248830639, 5232.680000000000291, 60.37395626059789322, 5232.6679999999996653, 1, 5232.680000000000291, 14.936948040933266668, 5232.680000000000291, -0.41402770300943103621, 5232.680000000000291, 43.549817784590217684, 5232.6679999999996653, 1, 5232.680000000000291, -5.4380112608607795721, 5232.680000000000291, 6.8871689490803866818, 5232.680000000000291, 40.087652703698196888, 5232.6679999999996653, 1, 5232.680000000000291, 1.3067136720591854271, 5232.680000000000291, -4.0668347149682837482
5232.6840000000001965, 60.426955147702713589, 5232.6729999999997744, 1, 5232.6840000000001965, -11.309740006977090587, 5232.6840000000001965, 3.0532160145574707144, 5232.6840000000001965, 60.373959394034926618, 5232.6729999999997744, 1, 5232.6840000000001965, 14.93676614467211472, 5232.6840000000001965, -0.41401659714392380351, 5232.6840000000001965, 43.549807934857298619, 5232.6729999999997744, 1, 5232.6840000000001965, -5.4379518237718844631, 5232.6840000000001965, 6.8871555601483613884, 5232.6840000000001965, 40.087656986582331342, 5232.6729999999997744, 1, 5232.6840000000001965, 1.3066699869233697751, 5232.6840000000001965, -4.0668244664881605388
5232.6890000000003056, 60.507173974220336277, 5232.6779999999998836, 1, 5232.6890000000003056, -11.27021319070935057, 5232.6890000000003056, 0.71500080588028680495, 5232.6890000000003056, 60.447399918873159663, 5232.6779999999998836, 1, 5232.6890000000003056, 14.484850035398073587, 5232.6890000000003056, -2.142256606652168216, 5232.6890000000003056, 43.783718547805499099, 5232.6779999999998836, 1, 5232.6890000000003056, -5.5761325723332699766, 5232.6890000000003056, 5.0478757734063108842, 5232.6890000000003056, 40.03808304836466192, 5232.6779999999998836, 1, 5232.6890000000003056, 1.673915602811296921, 5232.6890000000003056, -4.4064439860479751587
5232.6940000000004147, 60.507187177331871908, 5232.6829999999999927, 1, 5232.6940000000004147, -11.27004487429968016, 5232.6940000000004147, 0.71498304325285388927, 5232.6940000000004147, 60.44740200791697049, 5232.6829999999999927, 1, 5232.6940000000004147, 14.484668123173619847, 5232.6940000000004147, -2.1422455949235938988, 5232.6940000000004147, 43.783708330983927226, 5232.6829999999999927, 1, 5232.6940000000004147, -5.5760731043393159112, 5232.6940000000004147, 5.0478628109623784326, 5232.6940000000004147, 40.038087818417757546, 5232.6829999999999927, 1, 5232.6940000000004147, 1.6738719610647982972, 5232.6940000000004147, -4.4064337744263397667
5232.6989999999996144, 60.507200380197382117, 5232.6890000000003056, 1, 5232.6989999999996144, -11.269876560201327109, 5232.6989999999996144, 0.71496528076611198799, 5232.6989999999996144, 60.447404096791160555, 5232.6890000000003056, 1, 5232.6989999999996144, 14.484486213342094629, 5232.6989999999996144, -2.1422345831406843786, 5232.6989999999996144, 43.783698114167229676, 5232.6890000000003056, 1, 5232.6989999999996144, -5.5760136371424753321, 5232.6989999999996144, 5.0478498485267948581, 5232.6989999999996144, 40.038092588494244239, 5232.6890000000003056, 1, 5232.6989999999996144, 1.6738283200738126588, 5232.6989999999996144, -4.406423562901458979
5232.7039999999997235, 60.507213582814841857, 5232.693000000000211, 1, 5232.7039999999997235, -11.26970824839650831, 5232.7039999999997235, 0.71494751841347436994, 5232.7039999999997235, 60.447406185468146589, 5232.693000000000211, 1, 5232.7039999999997235, 14.484304305868823448, 5232.7039999999997235, -2.1422235712921349204, 5232.7039999999997235, 43.783687897407233436, 5232.693000000000211, 1, 5232.7039999999997235, -5.5759541707988882209, 5232.7039999999997235, 5.0478368860964160092, 5232.7039999999997235, 40.038097358575527096, 5232.693000000000211, 1, 5232.7039999999997235, 1.6737846798267530524, 5232.7039999999997235, -4.4064133514714107775
5232.7089999999998327, 60.507226785253251933, 5232.6980000000003201, 1, 5232.7089999999998327, -11.269539938939299617, 5232.7089999999998327, 0.71492975618595622223, 5232.7089999999998327, 60.447408273951566571, 5232.6980000000003201, 1, 5232.7089999999998327, 14.484122400788058016, 5232.7089999999998327, -2.142212559387591142, 5232.7089999999998327, 43.783677680695319623, 5232.6980000000003201, 1, 5232.7089999999998327, -5.5758947052688681012, 5232.7089999999998327, 5.0478239236686484048, 5232.7089999999998327, 40.038102128642478306, 5232.6980000000003201, 1, 5232.7089999999998327, 1.6737410403208086151, 5232.7089999999998327, -4.4064031401376944075
5232.7150000000001455, 60.507239987460110342, 5232.7030000000004293, 1, 5232.7150000000001455, -11.269371631794648181, 5232.7150000000001455, 0.7149119940924784089, 5232.7150000000001455, 60.447410362241420501, 5232.7030000000004293, 1, 5232.7150000000001455, 14.483940498083951454, 5232.7150000000001455, -2.1422015474230811094, 5232.7150000000001455, 43.783667463998426683, 5232.7030000000004293, 1, 5232.7150000000001455, -5.5758352405398703411, 5232.7150000000001455, 5.0478109612527291006, 5232.7150000000001455, 40.03810689874276818, 5232.7030000000004293, 1, 5232.7150000000001455, 1.6736974015834875651, 5232.7150000000001455, -4.4063929289051451121
5232.7200000000002547, 60.507253189427430584, 5232.7079999999996289, 1, 5232.7200000000002547, -11.269203326944355226, 5232.7200000000002547, 0.71489423213175840033, 5232.7200000000002547, 60.447412450346952539, 5232.7079999999996289, 1, 5232.7200000000002547, 14.483758597760493458, 5232.7200000000002547, -2.1421905354041328451, 5232.7200000000002547, 43.783657247358078735, 5232.7079999999996289, 1, 5232.7200000000002547, -5.575775776655683913, 5232.7200000000002547, 5.0477979988408065992, 5232.7200000000002547, 40.038111668818181954, 5232.7079999999996289, 1, 5232.7200000000002547, 1.6736537635816230996, 5232.7200000000002547, -4.4063827177633854149
5232.7250000000003638, 60.42706705736000572, 5232.7129999999997381, 1, 5232.7250000000003638, -11.308393590964524122, 5232.7250000000003638, 3.0530781392379680028, 5232.7250000000003638, 60.37398445392316404, 5232.7129999999997381, 1, 5232.7250000000003638, 14.935311060135378014, 5232.7250000000003638, -0.41392774829243350609, 5232.7250000000003638, 43.549729138436646281, 5232.7129999999997381, 1, 5232.7250000000003638, -5.4374763565734287596, 5232.7250000000003638, 6.8870484489698853281, 5232.7250000000003638, 40.087691249884350952, 5232.7129999999997381, 1, 5232.7250000000003638, 1.3063205326220836966, 5232.7250000000003638, -4.0667424820766022719
5232.7299999999995634, 60.427081045036800333, 5232.7179999999998472, 1, 5232.7299999999995634, -11.30822529936837384, 5232.7299999999995634, 3.0530609053789277141, 5232.7299999999995634, 60.373987585469357953, 5232.7179999999998472, 1, 5232.7299999999995634, 14.935129185290239917, 5232.7299999999995634, -0.41391664194798138965, 5232.7299999999995634, 43.549719289087931884, 5232.7179999999998472, 1, 5232.7299999999995634, -5.4374169268736958216, 5232.7299999999995634, 6.8870350601087615416, 5232.7299999999995634, 40.087695532825080136, 5232.7179999999998472, 1, 5232.7299999999995634, 1.3062768541943488021, 5232.7299999999995634, -4.0667322344593053174
5232.7349999999996726, 60.427095032513335582, 5232.7229999999999563, 1, 5232.7349999999996726, -11.308057010144155541, 5232.7349999999996726, 3.0530436716418805077, 5232.7349999999996726, 60.373990716818724422, 5232.7229999999999563, 1, 5232.7349999999996726, 14.934947312820799681, 5232.7349999999996726, -0.41390553555585185563, 5232.7349999999996726, 43.549709439776634667, 5232.7229999999999563, 1, 5232.7349999999996726, -5.4373574979857242084, 5232.7349999999996726, 6.8870216712530698544, 5232.7349999999996726, 40.087699815769283873, 5232.7229999999999563, 1, 5232.7349999999996726, 1.306233176484169034, 5232.7349999999996726, -4.0667219869347306371
5232.7399999999997817, 60.427109019737770268, 5232.7280000000000655, 1, 5232.7399999999997817, -11.307888723191094726, 5232.7399999999997817, 3.0530264380295797366, 5232.7399999999997817, 60.373993847922541534, 5232.7280000000000655, 1, 5232.7399999999997817, 14.934765442720840056, 5232.7399999999997817, -0.41389442910515938934, 5232.7399999999997817, 43.54969959052750994, 5232.7280000000000655, 1, 5232.7399999999997817, -5.4372980699401853855, 5232.7399999999997817, 6.8870082824061888971, 5232.7399999999997817, 40.087704098730696955, 5232.7280000000000655, 1, 5232.7399999999997817, 1.306189499557347089, 5232.7399999999997817, -4.0667117395082499343
5232.7449999999998909, 60.427121608069583658, 5232.7330000000001746, 1, 5232.7449999999998909, -11.307737266912592844, 5232.7449999999998909, 3.0530109278756754065, 5232.7449999999998909, 60.373996665771628045, 5232.7330000000001746, 1, 5232.7449999999998909, 14.934601761635471817, 5232.7449999999998909, -0.41388443325914181514, 5232.7449999999998909, 43.549690726196566004, 5232.7330000000001746, 1, 5232.7449999999998909, -5.4372445853644917335, 5232.7449999999998909, 6.8869962324572426837, 5232.7449999999998909, 40.087707953406528816, 5232.7330000000001746, 1, 5232.7449999999998909, 1.3061501909440165203, 5232.7449999999998909, -4.0667025168996033813
5232.75, 60.427135594848131461, 5232.7380000000002838, 1, 5232.75, -11.307568984437713411, 5232.75, 3.0529936945009623628, 5232.75, 60.37399979648138526, 5232.7380000000002838, 1, 5232.75, 14.934419896122768989, 5232.75, -0.41387332670647225541, 5232.75, 43.549680877023575931, 5232.7380000000002838, 1, 5232.75, -5.4371851589057129672, 5232.75, 6.8869828436253044401, 5232.75, 40.087712236372425423, 5232.7380000000002838, 1, 5232.75, 1.3061065154330167015, 5232.75, -4.0666922696597893605
5232.7550000000001091, 60.427149581427798353, 5232.7439999999996871, 1, 5232.7550000000001091, -11.307400704130358804, 5232.7550000000001091, 3.0529764612401244506, 5232.7550000000001091, 60.374003240047926511, 5232.7439999999996871, 1, 5232.7550000000001091, 14.934219846697400769, 5232.7550000000001091, -0.41386110944564791225, 5232.7550000000001091, 43.549670042945898274, 5232.7439999999996871, 1, 5232.7550000000001091, -5.4371197906780492914, 5232.7550000000001091, 6.8869681159220093036, 5232.7550000000001091, 40.087716947651991006, 5232.7439999999996871, 1, 5232.7550000000001091, 1.306058473201408221, 5232.7550000000001091, -4.0666809977975333368
5232.7600000000002183, 60.427163567771323471, 5232.7479999999995925, 1, 5232.7600000000002183, -11.307232426332815223, 5232.7600000000002183, 3.0529592281085733418, 5232.7600000000002183, 60.374006370327819582, 5232.7479999999995925, 1, 5232.7600000000002183, 14.934037986113427365, 5232.7600000000002183, -0.41385000278669181739, 5232.7600000000002183, 43.549660193856396972, 5232.7479999999995925, 1, 5232.7600000000002183, -5.4370603658934664182, 5232.7600000000002183, 6.8869547271068931593, 5232.7600000000002183, 40.087721230643737158, 5232.7479999999995925, 1, 5232.7600000000002183, 1.3060147992390387373, 5232.7600000000002183, -4.0666707507489832096
5232.7650000000003274, 60.427178952482094587, 5232.7529999999997017, 1, 5232.7650000000003274, -11.307047323253931026, 5232.7650000000003274, 3.0529402718034290842, 5232.7650000000003274, 60.374009500395885652, 5232.7529999999997017, 1, 5232.7650000000003274, 14.933856127900188682, 5232.7650000000003274, -0.41383889607418211654, 5232.7650000000003274, 43.549650344802209645, 5232.7529999999997017, 1, 5232.7650000000003274, -5.437000941942365273, 5232.7650000000003274, 6.8869413383017317187, 5232.7650000000003274, 40.087725513651413678, 5232.7529999999997017, 1, 5232.7650000000003274, 1.3059711260376318798, 5232.7650000000003274, -4.0666605038043144305
5232.7700000000004366, 60.427192938358864183, 5232.7579999999998108, 1, 5232.7700000000004366, -11.306879050228340944, 5232.7700000000004366, 3.052923038925978716, 5232.7700000000004366, 60.374012630262740231, 5232.7579999999998108, 1, 5232.7700000000004366, 14.933674272076597589, 5232.7700000000004366, -0.41382778931022201618, 5232.7700000000004366, 43.549640495784728955, 5232.7579999999998108, 1, 5232.7700000000004366, -5.4369415188113769943, 5232.7700000000004366, 6.8869279495030006899, 5232.7700000000004366, 40.087729796646634384, 5232.7579999999998108, 1, 5232.7700000000004366, 1.3059274535561034014, 5232.7700000000004366, -4.066650256946655162
5232.7749999999996362, 60.507337646307234991, 5232.76299999999992, 1, 5232.7749999999996362, -11.267675566269794274, 5232.7749999999996362, 0.71474291766468311948, 5232.7749999999996362, 60.447351458383778322, 5232.76299999999992, 1, 5232.7749999999996362, 14.482103086845727447, 5232.7749999999996362, -2.1421043137462199013, 5232.7749999999996362, 43.783531231526893635, 5232.76299999999992, 1, 5232.7749999999996362, -5.5752001316687120891, 5232.7749999999996362, 5.0476870904602577639, 5232.7749999999996362, 40.038159315731647325, 5232.76299999999992, 1, 5232.7749999999996362, 1.6732303197367042191, 5232.7749999999996362, -4.4062927693779556648
5232.7799999999997453, 60.427220909416661243, 5232.7680000000000291, 1, 5232.7799999999997453, -11.306542511096306924, 5232.7799999999997453, 3.0528885735440063343, 5232.7799999999997453, 60.374018889361423135, 5232.7680000000000291, 1, 5232.7799999999997453, 14.933310567566374871, 5232.7799999999997453, -0.41380557562144915096, 5232.7799999999997453, 43.549620797911735792, 5232.7680000000000291, 1, 5232.7799999999997453, -5.4368226750219745824, 5232.7799999999997453, 6.8869011719304644714, 5232.7799999999997453, 40.087738362657795221, 5232.7680000000000291, 1, 5232.7799999999997453, 1.305840110850832847, 5232.7799999999997453, -4.0666297635288906065
5232.7910000000001673, 60.427234894614009875, 5232.7730000000001382, 1, 5232.7910000000001673, -11.306374245018782076, 5232.7910000000001673, 3.0528713410388164107, 5232.7910000000001673, 60.37402201858860451, 5232.7730000000001382, 1, 5232.7910000000001673, 14.933128718874096208, 5232.7910000000001673, -0.41379446869589031621, 5232.7910000000001673, 43.549610949027467655, 5232.7730000000001382, 1, 5232.7910000000001673, -5.4367632543501107634, 5232.7910000000001673, 6.8868877831549184521, 5232.7910000000001673, 40.087742645680712883, 5232.7730000000001382, 1, 5232.7910000000001673, 1.3057964406206898911, 5232.7910000000001673, -4.0666195169582302071
5232.7910000000001673, 60.427251676516661405, 5232.7780000000002474, 1, 5232.7910000000001673, -11.306172328862604815, 5232.7910000000001673, 3.0528506621991411407, 5232.7910000000001673, 60.374025773395501915, 5232.7780000000002474, 1, 5232.7910000000001673, 14.932910503677099712, 5232.7910000000001673, -0.41378114032186985582, 5232.7910000000001673, 43.549599130419977655, 5232.7780000000002474, 1, 5232.7910000000001673, -5.4366919506585027477, 5232.7910000000001673, 6.8868717166388186968, 5232.7910000000001673, 40.087747785324374661, 5232.7780000000002474, 1, 5232.7910000000001673, 1.305744037350231368, 5232.7910000000001673, -4.0666072212101020966
5232.7960000000002765, 60.427267059689697248, 5232.7830000000003565, 1, 5232.7960000000002765, -11.305987241794490217, 5232.7960000000002765, 3.0528317067396812945, 5232.7960000000002765, 60.374029215056523867, 5232.7830000000003565, 1, 5232.7960000000002765, 14.932710475885958346, 5232.7960000000002765, -0.41376892257985886658, 5232.7960000000002765, 43.549588296752133942, 5232.7830000000003565, 1, 5232.7960000000002765, -5.4366265899198982225, 5232.7960000000002765, 6.8868569890096509312, 5232.7960000000002765, 40.087752496685993719, 5232.7830000000003565, 1, 5232.7960000000002765, 1.3056960019070171786, 5232.7960000000002765, -4.0665959502195327957
5232.8010000000003856, 60.427279645677629105, 5232.7879999999995562, 1, 5232.8010000000003856, -11.305835809114965329, 5232.8010000000003856, 3.0528161978461660908, 5232.8010000000003856, 60.374032030744629651, 5232.7879999999995562, 1, 5232.8010000000003856, 14.93254681905591319, 5232.8010000000003856, -0.41375892619371512637, 5232.8010000000003856, 43.549579432876953433, 5232.7879999999995562, 1, 5232.8010000000003856, -5.4365731137306632093, 5232.8010000000003856, 6.8868449391377843938, 5232.8010000000003856, 40.087756351428197377, 5232.7879999999995562, 1, 5232.8010000000003856, 1.3056567009012922664, 5232.8010000000003856, -4.0665867285910373141
5232.8109999999996944, 60.427293629898024108, 5232.7950000000000728, 1, 5232.8109999999996944, -11.305667552755650718, 5232.8109999999996944, 3.0527989658604752776, 5232.8109999999996944, 60.374035159098383474, 5232.7950000000000728, 1, 5232.8109999999996944, 14.932364980357183626, 5232.8109999999996944, -0.4137478190500836206, 5232.8109999999996944, 43.549569584177881154, 5232.7950000000000728, 1, 5232.8109999999996944, -5.4365136965119535972, 5232.8109999999996944, 6.8868315503955130907, 5232.8109999999996944, 40.087760634469447041, 5232.7950000000000728, 1, 5232.8109999999996944, 1.3056130337771685301, 5232.8109999999996944, -4.0665764824269921007
5232.8109999999996944, 60.427307613922792484, 5232.7979999999997744, 1, 5232.8109999999996944, -11.305499298724038582, 5232.8109999999996944, 3.0527817339904927962, 5232.8109999999996944, 60.374038287248367851, 5232.7979999999997744, 1, 5232.8109999999996944, 14.932183144052348922, 5232.8109999999996944, -0.41373671185552751695, 5232.8109999999996944, 43.549559735538402094, 5232.7979999999997744, 1, 5232.8109999999996944, -5.4364542801227919711, 5232.8109999999996944, 6.886818161662532134, 5232.8109999999996944, 40.087764917531870879, 5232.7979999999997744, 1, 5232.8109999999996944, 1.3055693674248729508, 5232.8109999999996944, -4.0665662363567776083
5232.819999999999709, 60.507417301237531149, 5232.8040000000000873, 1, 5232.819999999999709, -11.266447944336604792, 5232.819999999999709, 0.71461801840009897546, 5232.819999999999709, 60.447329069644155197, 5232.8040000000000873, 1, 5232.819999999999709, 14.480774245483363671, 5232.819999999999709, -2.1420304383611536991, 5232.819999999999709, 43.783441045785437495, 5232.8040000000000873, 1, 5232.819999999999709, -5.5747495218522553628, 5232.819999999999709, 5.0475957064039569389, 5232.819999999999709, 40.038196161372454185, 5232.8040000000000873, 1, 5232.819999999999709, 1.6728991780166921899, 5232.819999999999709, -4.406219575200246652
5232.8209999999999127, 60.50743050011399049, 5232.8079999999999927, 1, 5232.8209999999999127, -11.266279686429729878, 5232.8209999999999127, 0.71460025911403590726, 5232.8209999999999127, 60.447331155439698591, 5232.8079999999999927, 1, 5232.8209999999999127, 14.480592393256266348, 5232.8209999999999127, -2.142019425161816315, 5232.8209999999999127, 43.783430830155495528, 5232.8079999999999927, 1, 5232.8209999999999127, -5.5746900745382861331, 5232.8209999999999127, 5.0475827441036784649, 5232.8209999999999127, 40.03820093152644688, 5232.8079999999999927, 1, 5232.8209999999999127, 1.6728555550547969943, 5232.8209999999999127, -4.4062093659952843439
5232.8260000000000218, 60.507443698765285944, 5232.8130000000001019, 1, 5232.8260000000000218, -11.266111430815564987, 5232.8260000000000218, 0.71458249995759715034, 5232.8260000000000218, 60.447333241031181217, 5232.8130000000001019, 1, 5232.8260000000000218, 14.480410543417534086, 5232.8260000000000218, -2.1420084118976170373, 5232.8260000000000218, 43.783420614548703043, 5232.8130000000001019, 1, 5232.8260000000000218, -5.5746306280210919937, 5232.8260000000000218, 5.047569781810967271, 5232.8260000000000218, 40.038205701690728233, 5232.8130000000001019, 1, 5232.8260000000000218, 1.6728119328782500297, 5232.8260000000000218, -4.406199156888057189
5232.831000000000131, 60.507456897195467604, 5232.818000000000211, 1, 5232.831000000000131, -11.26594317753812291, 5232.831000000000131, 0.71456474093556821003, 5232.831000000000131, 60.447335326444601833, 5232.818000000000211, 1, 5232.831000000000131, 14.480228695952368057, 5232.831000000000131, -2.1419973985785851767, 5232.831000000000131, 43.783410398985395773, 5232.818000000000211, 1, 5232.831000000000131, -5.5745711823328116807, 5232.831000000000131, 5.0475568195252833448, 5232.831000000000131, 40.038210471844294602, 5232.818000000000211, 1, 5232.831000000000131, 1.6727683114081071114, 5232.831000000000131, -4.406188947879364548
5232.8360000000002401, 60.507470095391902021, 5232.8230000000003201, 1, 5232.8360000000002401, -11.265774926554772861, 5232.8360000000002401, 0.71454698204615851864, 5232.8360000000002401, 60.447337411672833696, 5232.8230000000003201, 1, 5232.8360000000002401, 14.480046850884365384, 5232.8360000000002401, -2.1419863851967164692, 5232.8360000000002401, 43.783400183453579757, 5232.8230000000003201, 1, 5232.8360000000002401, -5.5745117374694155288, 5232.8360000000002401, 5.0475438572443351859, 5232.8360000000002401, 40.038215242020726237, 5232.8230000000003201, 1, 5232.8360000000002401, 1.6727246907152806266, 5232.8360000000002401, -4.40617873896066925
5232.8400000000001455, 60.5074832933822222, 5232.8289999999997235, 1, 5232.8400000000001455, -11.26560667790727166, 5232.8400000000001455, 0.71452922328813528452, 5232.8400000000001455, 60.447339496701673056, 5232.8289999999997235, 1, 5232.8400000000001455, 14.479865008174728658, 5232.8400000000001455, -2.1419753717570024776, 5232.8400000000001455, 43.783389967987133673, 5232.8289999999997235, 1, 5232.8400000000001455, -5.5744522934409763693, 5232.8400000000001455, 5.0475308949670285585, 5232.8400000000001455, 40.038220012191047203, 5232.8289999999997235, 1, 5232.8400000000001455, 1.6726810707625112684, 5232.8400000000001455, -4.4061685301390305369
5232.8450000000002547, 60.507496491148444306, 5232.8339999999998327, 1, 5232.8450000000002547, -11.265438431574303024, 5232.8450000000002547, 0.71451146466182535733, 5232.8450000000002547, 60.447341581547149758, 5232.8339999999998327, 1, 5232.8450000000002547, 14.479683167857885451, 5232.8450000000002547, -2.1419643582624985356, 5232.8450000000002547, 43.783379752540398044, 5232.8339999999998327, 1, 5232.8450000000002547, -5.5743928502229973532, 5232.8450000000002547, 5.0475179326997761109, 5232.8450000000002547, 40.038224782349587372, 5232.8339999999998327, 1, 5232.8450000000002547, 1.672637451551043597, 5232.8450000000002547, -4.4061583214141997189
5232.8500000000003638, 60.507509688696323735, 5232.8379999999997381, 1, 5232.8500000000003638, -11.265270187564832227, 5232.8500000000003638, 0.71449370616856100469, 5232.8500000000003638, 60.447343666200680445, 5232.8379999999997381, 1, 5232.8500000000003638, 14.479501329924435282, 5232.8500000000003638, -2.1419533447119967207, 5232.8500000000003638, 43.783369537136643146, 5232.8379999999997381, 1, 5232.8500000000003638, -5.5743334078110819974, 5232.8500000000003638, 5.0475049704389185479, 5232.8500000000003638, 40.038229552496126473, 5232.8379999999997381, 1, 5232.8500000000003638, 1.6725938330666387799, 5232.8500000000003638, -4.4061481127845780748
5232.8559999999997672, 60.42743345977195446, 5232.8429999999998472, 1, 5232.8559999999997672, -11.303985116672384592, 5232.8559999999997672, 3.0526266527338492551, 5232.8559999999997672, 60.374066431095812391, 5232.8429999999998472, 1, 5232.8559999999997672, 14.930546724212399923, 5232.8559999999997672, -0.41363674472080447231, 5232.8559999999997672, 43.549471099556669174, 5232.8429999999998472, 1, 5232.8559999999997672, -5.435919569487283276, 5232.8559999999997672, 6.8866976634297429882, 5232.8559999999997672, 40.08780346540795847, 5232.8429999999998472, 1, 5232.8559999999997672, 1.3051764037618904801, 5232.8559999999997672, -4.0664740260409253381
5232.8609999999998763, 60.427447441520428129, 5232.8479999999999563, 1, 5232.8609999999998763, -11.303816885805025194, 5232.8609999999998763, 3.0526094220969177684, 5232.8609999999998763, 60.374069557131676333, 5232.8479999999999563, 1, 5232.8609999999998763, 14.930364911677973083, 5232.8609999999998763, -0.41362563699638599246, 5232.8609999999998763, 43.549461251334605549, 5232.8479999999999563, 1, 5232.8609999999998763, -5.4358601613025685495, 5232.8609999999998763, 6.8866842747785028678, 5232.8609999999998763, 40.087807748518912376, 5232.8479999999999563, 1, 5232.8609999999998763, 1.3051327448429406175, 5232.8609999999998763, -4.0664637809263375345
5232.8649999999997817, 60.427461423036710642, 5232.8530000000000655, 1, 5232.8649999999997817, -11.303648657252546528, 5232.8649999999997817, 3.0525921915800147133, 5232.8649999999997817, 60.374072682957915958, 5232.8530000000000655, 1, 5232.8649999999997817, 14.930183101511596888, 5232.8649999999997817, -0.4136145292148754038, 5232.8649999999997817, 43.549451403176107078, 5232.8530000000000655, 1, 5232.8649999999997817, -5.4358007539623534043, 5232.8649999999997817, 6.8866708861308119083, 5232.8649999999997817, 40.087812031645967181, 5232.8530000000000655, 1, 5232.8649999999997817, 1.3050890866774180754, 5232.8649999999997817, -4.0664535359080673516
5232.8710000000000946, 60.42747540430717379, 5232.8580000000001746, 1, 5232.8710000000000946, -11.303480431001824869, 5232.8710000000000946, 3.0525749611939154704, 5232.8710000000000946, 60.374075808593801185, 5232.8580000000001746, 1, 5232.8710000000000946, 14.930001293746247626, 5232.8710000000000946, -0.41360342138568029213, 5232.8710000000000946, 43.549441555025850903, 5232.8580000000001746, 1, 5232.8710000000000946, -5.43574134740454884, 5232.8710000000000946, 6.8866574974963263855, 5232.8710000000000946, 40.087816314790003958, 5232.8580000000001746, 1, 5232.8710000000000946, 1.3050454292673592249, 5232.8710000000000946, -4.0664432909858199139
5232.875, 60.427489385371032427, 5232.8630000000002838, 1, 5232.875, -11.303312207090062458, 5232.875, 3.0525577309273721482, 5232.875, 60.374078934020204201, 5232.8630000000002838, 1, 5232.875, 14.929819488358353041, 5232.875, -0.41359231350715930375, 5232.875, 43.549431706938335651, 5232.8630000000002838, 1, 5232.875, -5.4356819416981005944, 5232.875, 6.8866441088708363338, 5232.875, 40.087820597957779967, 5232.8630000000002838, 1, 5232.875, 1.3050017726081024616, 5232.875, -4.0664330461621958079
5232.8800000000001091, 60.427503366187160339, 5232.8680000000003929, 1, 5232.8800000000001091, -11.303143985485787582, 5232.8800000000001091, 3.052540500784477473, 5232.8800000000001091, 60.374082059233224129, 5232.8680000000003929, 1, 5232.8800000000001091, 14.929637685337556974, 5232.8800000000001091, -0.41358120557622157776, 5232.8800000000001091, 43.54942185887411199, 5232.8680000000003929, 1, 5232.8800000000001091, -5.435622536776011593, 5232.8800000000001091, 6.8866307202476590987, 5232.8800000000001091, 40.087824881108701902, 5232.8680000000003929, 1, 5232.8800000000001091, 1.3049581166679939948, 5232.8800000000001091, -4.066422801431322398
5232.8850000000002183, 60.427517346787354313, 5232.8729999999995925, 1, 5232.8850000000002183, -11.302975766202578711, 5232.8850000000002183, 3.0525232707634373241, 5232.8850000000002183, 60.374085184234374424, 5232.8729999999995925, 1, 5232.8850000000002183, 14.929455884698771939, 5232.8850000000002183, -0.41357009759121510228, 5232.8850000000002183, 43.549412010866447531, 5232.8729999999995925, 1, 5232.8850000000002183, -5.4355631326980420326, 5232.8850000000002183, 6.8866173316338681332, 5232.8850000000002183, 40.087829164277579252, 5232.8729999999995925, 1, 5232.8850000000002183, 1.3049144614770089579, 5232.8850000000002183, -4.0664125568025504265
5232.8900000000003274, 60.42753132716802611, 5232.8779999999997017, 1, 5232.8900000000003274, -11.302807549233428119, 5232.8900000000003274, 3.0525060408644542065, 5232.8900000000003274, 60.374088309013622222, 5232.8779999999997017, 1, 5232.8900000000003274, 14.929274086435077251, 5232.8900000000003274, -0.41355898955135828032, 5232.8900000000003274, 43.549402162905998637, 5232.8779999999997017, 1, 5232.8900000000003274, -5.4355037294392154479, 5232.8900000000003274, 6.8866039430286356549, 5232.8900000000003274, 40.087833447448353752, 5232.8779999999997017, 1, 5232.8900000000003274, 1.3048708070523808988, 5232.8900000000003274, -4.0664023122632180218
5232.8950000000004366, 60.427545307321317125, 5232.8829999999998108, 1, 5232.8950000000004366, -11.30263933458614467, 5232.8950000000004366, 3.0524888110883878767, 5232.8950000000004366, 60.374091433597598666, 5232.8829999999998108, 1, 5232.8950000000004366, 14.92909229055824305, 5232.8950000000004366, -0.41354788146117016367, 5232.8950000000004366, 43.549392314991457908, 5232.8829999999998108, 1, 5232.8950000000004366, -5.4354443270090220253, 5232.8950000000004366, 6.8865905544309740094, 5232.8950000000004366, 40.087837730627491339, 5232.8829999999998108, 1, 5232.8950000000004366, 1.3048271533623343466, 5232.8950000000004366, -4.0663920678198657299
5232.8999999999996362, 60.427559287245273367, 5232.88799999999992, 1, 5232.8999999999996362, -11.302471122246583235, 5232.8999999999996362, 3.052471581434801351, 5232.8999999999996362, 60.3740945579631898, 5232.88799999999992, 1, 5232.8999999999996362, 14.92891049703459494, 5232.8999999999996362, -0.41353677331974836306, 5232.8999999999996362, 43.549382467113289863, 5232.88799999999992, 1, 5232.8999999999996362, -5.4353849253905099914, 5232.8999999999996362, 6.8865771658414480783, 5232.8999999999996362, 40.087842013806088914, 5232.88799999999992, 1, 5232.8999999999996362, 1.3047835004074546106, 5232.8999999999996362, -4.0663818234715485289
5232.9049999999997453, 60.427573266940626695, 5232.8930000000000291, 1, 5232.9049999999997453, -11.302302912220829612, 5232.9049999999997453, 3.0524543519137878889, 5232.9049999999997453, 60.374097682117380259, 5232.8930000000000291, 1, 5232.9049999999997453, 14.928728705916478603, 5232.9049999999997453, -0.41352566512025745737, 5232.9049999999997453, 43.54937261929293868, 5232.8930000000000291, 1, 5232.9049999999997453, -5.4353255246048259863, 5232.9049999999997453, 6.8865637772620473811, 5232.9049999999997453, 40.087846297004126939, 5232.8930000000000291, 1, 5232.9049999999997453, 1.3047398482320899937, 5232.9049999999997453, -4.0663715792209558231
5232.9099999999998545, 60.427587246410176647, 5232.8980000000001382, 1, 5232.9099999999998545, -11.302134704524300801, 5232.9099999999998545, 3.052437122506876932, 5232.9099999999998545, 60.374100806068710767, 5232.8980000000001382, 1, 5232.9099999999998545, 14.928546917157717644, 5232.9099999999998545, -0.41351455687177818277, 5232.9099999999998545, 43.549362771487665213, 5232.8980000000001382, 1, 5232.9099999999998545, -5.4352661246210152157, 5232.9099999999998545, 6.8865503886895709229, 5232.9099999999998545, 40.087850580196182193, 5232.8980000000001382, 1, 5232.9099999999998545, 1.3046961967706784957, 5232.9099999999998545, -4.0663613350639913335
5232.9149999999999636, 60.427601225652672667, 5232.9040000000004511, 1, 5232.9149999999999636, -11.301966499142436007, 5232.9149999999999636, 3.0524198932241510818, 5232.9149999999999636, 60.374103929813585978, 5232.9040000000004511, 1, 5232.9149999999999636, 14.928365130794897908, 5232.9149999999999636, -0.41350344856885001832, 5232.9149999999999636, 43.549352923739675703, 5232.9040000000004511, 1, 5232.9149999999999636, -5.4352067254731943891, 5232.9149999999999636, 6.8865370001224874841, 5232.9149999999999636, 40.087854863418357354, 5232.9040000000004511, 1, 5232.9149999999999636, 1.3046525460656070994, 5232.9149999999999636, -4.0663510910031845924
5232.9200000000000728, 60.427615204664718362, 5232.9080000000003565, 1, 5232.9200000000000728, -11.3017982960589638, 5232.9200000000000728, 3.052402664060636539, 5232.9200000000000728, 60.374107053336089734, 5232.9080000000003565, 1, 5232.9200000000000728, 14.928183346798407527, 5232.9200000000000728, -0.41349234021629399649, 5232.9200000000000728, 43.549343076028542043, 5232.9080000000003565, 1, 5232.9200000000000728, -5.4351473271359704853, 5232.9200000000000728, 6.8865236115727306299, 5232.9200000000000728, 40.087859146623983975, 5232.9080000000003565, 1, 5232.9200000000000728, 1.3046088961011577112, 5232.9200000000000728, -4.0663408470373418879
5232.9260000000003856, 60.427629183438995142, 5232.9129999999995562, 1, 5232.9260000000003856, -11.30163009529917062, 5232.9260000000003856, 3.0523854350257941803, 5232.9260000000003856, 60.374110176666746952, 5232.9129999999995562, 1, 5232.9260000000003856, 14.928001565184743527, 5232.9260000000003856, -0.41348123180758022954, 5232.9260000000003856, 43.549333228363138915, 5232.9129999999995562, 1, 5232.9260000000003856, -5.4350879296173593147, 5232.9260000000003856, 6.8865102230202204225, 5232.9260000000003856, 40.0878634298503016, 5232.9129999999995562, 1, 5232.9260000000003856, 1.3045652468774753263, 5232.9260000000003856, -4.0663306031720942713
5232.9309999999995853, 60.427643161990246767, 5232.9179999999996653, 1, 5232.9309999999995853, -11.301461896862170065, 5232.9309999999995853, 3.0523682061138721622, 5232.9309999999995853, 60.374113299785292952, 5232.9179999999996653, 1, 5232.9309999999995853, 14.927819785944629771, 5232.9309999999995853, -0.41347012335238986225, 5232.9309999999995853, 43.549323380738144351, 5232.9179999999996653, 1, 5232.9309999999995853, -5.4350285329200023199, 5232.9309999999995853, 6.8864968344803969558, 5232.9309999999995853, 40.087867713087860011, 5232.9179999999996653, 1, 5232.9309999999995853, 1.304521598397976101, 5232.9309999999995853, -4.0663203594020131959
5232.9359999999996944, 60.427657140343853825, 5232.9239999999999782, 1, 5232.9359999999996944, -11.301293700763610062, 5232.9359999999996944, 3.052350977324046255, 5232.9359999999996944, 60.374116422688302919, 5232.9239999999999782, 1, 5232.9359999999996944, 14.927638009096549254, 5232.9359999999996944, -0.41345901483954250466, 5232.9359999999996944, 43.549313533168913182, 5232.9239999999999782, 1, 5232.9359999999996944, -5.434969137056454791, 5232.9359999999996944, 6.8864834459471921946, 5232.9359999999996944, 40.087871996328146906, 5232.9239999999999782, 1, 5232.9359999999996944, 1.3044779506694752502, 5232.9359999999996944, -4.0663101157231977822
5232.9409999999998035, 60.42767111844983674, 5232.9279999999998836, 1, 5232.9409999999998035, -11.301125506942041099, 5232.9409999999998035, 3.0523337486575350397, 5232.9409999999998035, 60.374119545371293327, 5232.9279999999998836, 1, 5232.9409999999998035, 14.927456234611504726, 5232.9409999999998035, -0.41344790627375260783, 5232.9409999999998035, 43.54930368564577492, 5232.9279999999998836, 1, 5232.9409999999998035, -5.4349097420170684458, 5232.9409999999998035, 6.8864700574247450504, 5232.9409999999998035, 40.087876279561690751, 5232.9279999999998836, 1, 5232.9409999999998035, 1.3044343036991254969, 5232.9409999999998035, -4.0662998721404193248
5232.9459999999999127, 60.427685096319194713, 5232.9329999999999927, 1, 5232.9459999999999127, -11.300957315453775465, 5232.9459999999999127, 3.0523165201130417756, 5232.9459999999999127, 60.374122667855374402, 5232.9329999999999927, 1, 5232.9459999999999127, 14.927274462510888853, 5232.9459999999999127, -0.41343679765304841567, 5232.9459999999999127, 43.549293838140513913, 5232.9329999999999927, 1, 5232.9459999999999127, -5.4348503477670782047, 5232.9459999999999127, 6.8864566689078046124, 5232.9459999999999127, 40.087880562818646979, 5232.9329999999999927, 1, 5232.9459999999999127, 1.3043906574533359333, 5232.9459999999999127, -4.0662896286534824242
5232.9510000000000218, 60.427699073986708811, 5232.9380000000001019, 1, 5232.9510000000000218, -11.300789126290954556, 5232.9510000000000218, 3.0522992916865803181, 5232.9510000000000218, 60.374125790133966518, 5232.9380000000001019, 1, 5232.9510000000000218, 14.927092692789109662, 5232.9510000000000218, -0.41342568898755160944, 5232.9510000000000218, 43.54928399071023648, 5232.9380000000001019, 1, 5232.9510000000000218, -5.4347909543681822697, 5232.9510000000000218, 6.8864432803973301134, 5232.9510000000000218, 40.087884846070188871, 5232.9380000000001019, 1, 5232.9510000000000218, 1.3043470119565152565, 5232.9510000000000218, -4.0662793852639360637
5232.956000000000131, 60.427713051422919932, 5232.9440000000004147, 1, 5232.956000000000131, -11.300620939439159685, 5232.956000000000131, 3.0522820633852063565, 5232.956000000000131, 60.374128912173617323, 5232.9440000000004147, 1, 5232.956000000000131, 14.926910925423847232, 5232.956000000000131, -0.41341458026320410113, 5232.956000000000131, 43.549274143315670926, 5232.9440000000004147, 1, 5232.956000000000131, -5.4347315617778662045, 5232.956000000000131, 6.8864298918901916124, 5232.956000000000131, 40.087889129316323533, 5232.9440000000004147, 1, 5232.956000000000131, 1.3043033671941930418, 5232.956000000000131, -4.066269141966422751
5232.9660000000003492, 60.427727028610661364, 5232.9480000000003201, 1, 5232.9660000000003492, -11.300452754887423623, 5232.9660000000003492, 3.0522648352160537399, 5232.9660000000003492, 60.374132034037799599, 5232.9480000000003201, 1, 5232.9660000000003492, 14.926729160472845592, 5232.9660000000003492, -0.41340347148996414717, 5232.9660000000003492, 43.549264295963958205, 5232.9480000000003201, 1, 5232.9660000000003492, -5.4346721700153732826, 5232.9660000000003492, 6.8864165034031685764, 5232.9660000000003492, 40.087893412579887809, 5232.9480000000003201, 1, 5232.9660000000003492, 1.3042597231898707122, 5232.9660000000003492, -4.0662588987659873396
5232.9660000000003492, 60.427741005588252676, 5232.9530000000004293, 1, 5232.9660000000003492, -11.300284572673479744, 5232.9660000000003492, 3.0522476071629185412, 5232.9660000000003492, 60.374135155679830689, 5232.9530000000004293, 1, 5232.9660000000003492, 14.926547397870564282, 5232.9660000000003492, -0.41339236266070500392, 5232.9660000000003492, 43.549254448643196724, 5232.9530000000004293, 1, 5232.9660000000003492, -5.4346127790752092324, 5232.9660000000003492, 6.8864031149182025615, 5232.9660000000003492, 40.087897695877948934, 5232.9530000000004293, 1, 5232.9660000000003492, 1.3042160799396951276, 5232.9660000000003492, -4.0662486556658059556
5232.9709999999995489, 60.42775498231713982, 5232.9589999999998327, 1, 5232.9709999999995489, -11.300116392760470418, 5232.9709999999995489, 3.0522303792348353113, 5232.9709999999995489, 60.37413827714364345, 5232.9589999999998327, 1, 5232.9709999999995489, 14.926365637687069921, 5232.9709999999995489, -0.41338125378485202077, 5232.9709999999995489, 43.549244601348860328, 5232.9589999999998327, 1, 5232.9709999999995489, -5.4345533889319357357, 5232.9709999999995489, 6.8863897264464952741, 5232.9709999999995489, 40.087901979171540745, 5232.9589999999998327, 1, 5232.9709999999995489, 1.3041724374281358223, 5232.9709999999995489, -4.0662384126611712531
5232.975999999999658, 60.427768958851309833, 5232.9629999999997381, 1, 5232.975999999999658, -11.299948215177272104, 5232.975999999999658, 3.0522131514288517451, 5232.975999999999658, 60.374141398355419597, 5232.9629999999997381, 1, 5232.975999999999658, 14.926183879833661905, 5232.975999999999658, -0.4133701448495159525, 5232.975999999999658, 43.549234754143981263, 5232.9629999999997381, 1, 5232.975999999999658, -5.4344939996551691053, 5232.975999999999658, 6.8863763379716154134, 5232.975999999999658, 40.087906262465594409, 5232.9629999999997381, 1, 5232.975999999999658, 1.304128795670215224, 5232.975999999999658, -4.0662281697463704688
5232.9809999999997672, 60.427782935118855789, 5232.9679999999998472, 1, 5232.9809999999997672, -11.299780039888805305, 5232.9809999999997672, 3.0521959237464457715, 5232.9809999999997672, 60.374144519391933272, 5232.9679999999998472, 1, 5232.9809999999997672, 14.926002124395433057, 5232.9809999999997672, -0.41335903586605837745, 5232.9809999999997672, 43.549224906932266776, 5232.9679999999998472, 1, 5232.9809999999997672, -5.4344346111559493906, 5232.9809999999997672, 6.8863629495134297542, 5232.9809999999997672, 40.08791054577738322, 5232.9679999999998472, 1, 5232.9809999999997672, 1.3040851546549405704, 5232.9809999999997672, -4.0662179269311309326
5232.9859999999998763, 60.427796911185140516, 5232.9729999999999563, 1, 5232.9859999999998763, -11.299611866936956517, 5232.9859999999998763, 3.0521786961825156936, 5232.9859999999998763, 60.374147640191324626, 5232.9729999999999563, 1, 5232.9859999999998763, 14.925820371312902068, 5232.9859999999998763, -0.4133479268275905838, 5232.9859999999998763, 43.549215059795130855, 5232.9729999999999563, 1, 5232.9859999999998763, -5.4343752235025002406, 5232.9859999999998763, 6.8863495610580542916, 5232.9859999999998763, 40.087914829060530053, 5232.9729999999999563, 1, 5232.9859999999998763, 1.3040415143503345519, 5232.9859999999998763, -4.0662076842041585678
5232.9909999999999854, 60.427810887036542908, 5232.9780000000000655, 1, 5232.9909999999999854, -11.299443696299647399, 5232.9909999999999854, 3.0521614687412075284, 5232.9909999999999854, 60.374150760784445424, 5232.9780000000000655, 1, 5232.9909999999999854, 14.925638620609998242, 5232.9909999999999854, -0.4133368177362299889, 5232.9909999999999854, 43.549205212704777068, 5232.9780000000000655, 1, 5232.9909999999999854, -5.4343158366510291302, 5232.9909999999999854, 6.8863361726128928808, 5232.9909999999999854, 40.087919112364573948, 5232.9780000000000655, 1, 5232.9909999999999854, 1.3039978748026554989, 5232.9909999999999854, -4.0661974415805737237
5232.9960000000000946, 60.427824862641720927, 5232.9830000000001746, 1, 5232.9960000000000946, -11.299275527966759824, 5232.9960000000000946, 3.0521442414303265878, 5232.9960000000000946, 60.374153881170848024, 5232.9830000000001746, 1, 5232.9960000000000946, 14.925456872289764476, 5232.9960000000000946, -0.4133257085951598242, 5232.9960000000000946, 43.549195365656579781, 5232.9830000000001746, 1, 5232.9960000000000946, -5.4342564506396930923, 5232.9960000000000946, 6.8863227841765279891, 5232.9960000000000946, 40.087923395696023476, 5232.9830000000001746, 1, 5232.9960000000000946, 1.3039542360340592442, 5232.9960000000000946, -4.0661871990501516905
5233.0010000000002037, 60.427837440504035271, 5232.9880000000002838, 1, 5233.0010000000002037, -11.299124178414313491, 5233.0010000000002037, 3.0521287369473633078, 5233.0010000000002037, 60.374156689320848557, 5232.9880000000002838, 1, 5233.0010000000002037, 14.925293300770404059, 5233.0010000000002037, -0.4133157103143325628, 5233.0010000000002037, 43.549186503347371513, 5232.9880000000002838, 1, 5233.0010000000002037, -5.4342030039200199809, 5233.0010000000002037, 6.886310734590242788, 5233.0010000000002037, 40.087927679008750204, 5232.9880000000002838, 1, 5233.0010000000002037, 1.3039105979785268197, 5233.0010000000002037, -4.0661769566108922902
5233.0060000000003129, 60.427851415686589576, 5232.9930000000003929, 1, 5233.0060000000003129, -11.29895601456895271, 5233.0060000000003129, 3.0521115098722475523, 5233.0060000000003129, 60.374159809297722745, 5232.9930000000003929, 1, 5233.0060000000003129, 14.925111557048929001, 5233.0060000000003129, -0.41330460106954092225, 5233.0060000000003129, 43.549176656389363416, 5232.9930000000003929, 1, 5233.0060000000003129, -5.4341436194893226741, 5233.0060000000003129, 6.8862973461661987074, 5233.0060000000003129, 40.087931962334891978, 5232.9930000000003929, 1, 5233.0060000000003129, 1.3038669606901163167, 5233.0060000000003129, -4.0661667142736241942
5233.011000000000422, 60.427866788115075281, 5232.9979999999995925, 1, 5233.011000000000422, -11.298771036868139106, 5233.011000000000422, 3.0520925602236950169, 5233.011000000000422, 60.374163241058745655, 5232.9979999999995925, 1, 5233.011000000000422, 14.924911641574418297, 5233.011000000000422, -0.4132923808440445157, 5233.011000000000422, 43.549165824756549625, 5232.9979999999995925, 1, 5233.011000000000422, -5.4340782975037713598, 5233.011000000000422, 6.8862826189131780552, 5233.011000000000422, 40.087936245672409541, 5232.9979999999995925, 1, 5233.011000000000422, 1.3038233241156520492, 5233.011000000000422, -4.0661564720295366726
5233.0159999999996217, 60.427880762814325522, 5233.0039999999999054, 1, 5233.0159999999996217, -11.29860287780368644, 5233.0159999999996217, 3.0520753334026942127, 5233.0159999999996217, 60.374166360624123229, 5233.0039999999999054, 1, 5233.0159999999996217, 14.92472990277116196, 5233.0159999999996217, -0.41328127149412452468, 5233.0159999999996217, 43.549155977869290268, 5233.0039999999999054, 1, 5233.0159999999996217, -5.4340189147646205114, 5233.0159999999996217, 6.8862692305074624244, 5233.0159999999996217, 40.087940529036544035, 5233.0039999999999054, 1, 5233.0159999999996217, 1.3037796883168675244, 5233.0159999999996217, -4.0661462298844597285
5233.0259999999998399, 60.427894737286806048, 5233.0079999999998108, 1, 5233.0259999999998399, -11.298434721063237873, 5233.0259999999998399, 3.0520581067037682033, 5233.0259999999998399, 60.37416947997787986, 5233.0079999999998108, 1, 5233.0259999999998399, 14.924548166340709798, 5233.0259999999998399, -0.4132701620896206407, 5233.0259999999998399, 43.549146131031832851, 5233.0079999999998108, 1, 5233.0259999999998399, -5.4339595328572105615, 5233.0259999999998399, 6.8862558421106392359, 5233.0259999999998399, 40.087944812390816196, 5233.0079999999998108, 1, 5233.0259999999998399, 1.3037360532457498152, 5233.0259999999998399, -4.0661359878324461192
5233.0309999999999491, 60.427908711533220298, 5233.0140000000001237, 1, 5233.0309999999999491, -11.298266566621846252, 5233.0309999999999491, 3.0520408801276168731, 5233.0309999999999491, 60.374172599094663383, 5233.0140000000001237, 1, 5233.0309999999999491, 14.924366432274538852, 5233.0309999999999491, -0.41325905262901585502, 5233.0309999999999491, 43.549136284240304917, 5233.0140000000001237, 1, 5233.0309999999999491, -5.4339001517586726919, 5233.0309999999999491, 6.8862424537244635303, 5233.0309999999999491, 40.087949095754240147, 5233.0140000000001237, 1, 5233.0309999999999491, 1.3036924189344387681, 5233.0309999999999491, -4.0661257458757802397
5233.0309999999999491, 60.427922685554996463, 5233.0180000000000291, 1, 5233.0309999999999491, -11.298098414517827592, 5233.0309999999999491, 3.0520236536731921717, 5233.0309999999999491, 60.374175718039893468, 5233.0180000000000291, 1, 5233.0309999999999491, 14.924184700610748422, 5233.0309999999999491, -0.41324794311982770978, 5233.0309999999999491, 43.5491264374666045, 5233.0180000000000291, 1, 5233.0309999999999491, -5.4338407714668610637, 5233.0309999999999491, 6.8862290653436701859, 5233.0309999999999491, 40.087953379129913856, 5233.0180000000000291, 1, 5233.0309999999999491, 1.3036487853540805748, 5233.0309999999999491, -4.0661155040167358266
5233.0410000000001673, 60.427936659345576231, 5233.024000000000342, 1, 5233.0410000000001673, -11.297930264708261561, 5233.0410000000001673, 3.0520064273417020217, 5233.0410000000001673, 60.374178836730564512, 5233.024000000000342, 1, 5233.0410000000001673, 14.924002971289027641, 5233.0410000000001673, -0.41323683355277296414, 5233.0410000000001673, 43.549116590766864476, 5233.024000000000342, 1, 5233.0410000000001673, -5.4337813920202409079, 5233.0410000000001673, 6.8862156769697264735, 5233.0410000000001673, 40.087958090830994706, 5233.024000000000342, 1, 5233.0410000000001673, 1.3036007892817280673, 5233.0410000000001673, -4.0661042380772087768
5233.0420000000003711, 60.427950632916427764, 5233.0280000000002474, 1, 5233.0420000000003711, -11.297762117224289469, 5233.0420000000003711, 3.0519892011341838156, 5233.0420000000003711, 60.374181955240565856, 5233.0280000000002474, 1, 5233.0420000000003711, 14.923821244388669527, 5233.0420000000003711, -0.41322572393728407292, 5233.0420000000003711, 43.549106744106879319, 5233.0280000000002474, 1, 5233.0420000000003711, -5.433722013382664251, 5233.0420000000003711, 6.8862022886057516757, 5233.0420000000003711, 40.087962374225099893, 5233.0280000000002474, 1, 5233.0420000000003711, 1.3035571572574913279, 5233.0420000000003711, -4.0660939964161393334
5233.0460000000002765, 60.427964606267764225, 5233.0330000000003565, 1, 5233.0460000000002765, -11.297593972063372902, 5233.0460000000002765, 3.0519719750463316643, 5233.0460000000002765, 60.374185073539877067, 5233.0330000000003565, 1, 5233.0460000000002765, 14.923639519843719725, 5233.0460000000002765, -0.41321461426976213716, 5233.0460000000002765, 43.549096897494877112, 5233.0330000000003565, 1, 5233.0460000000002765, -5.4336626355756925122, 5233.0460000000002765, 6.8861889002475464849, 5233.0460000000002765, 40.087966229266854157, 5233.0330000000003565, 1, 5233.0460000000002765, 1.3035178890846781385, 5233.0460000000002765, -4.0660847790042033978
5233.0510000000003856, 60.427978579367916723, 5233.0379999999995562, 1, 5233.0510000000003856, -11.297425829208318504, 5233.0510000000003856, 3.0519547490899121556, 5233.0510000000003856, 60.374188191630139499, 5233.0379999999995562, 1, 5233.0510000000003856, 14.923457797667168734, 5233.0510000000003856, -0.41320350454705589982, 5233.0510000000003856, 43.549087050906514662, 5233.0379999999995562, 1, 5233.0510000000003856, -5.4336032585862126254, 5233.0510000000003856, 6.8861755119007881376, 5233.0510000000003856, 40.087970512680442425, 5233.0379999999995562, 1, 5233.0510000000003856, 1.3034742584970211432, 5233.0510000000003856, -4.0660745375283013914
5233.0559999999995853, 60.427992552264690573, 5233.0429999999996653, 1, 5233.0559999999995853, -11.297257688675724552, 5233.0559999999995853, 3.0519375232487426786, 5233.0559999999995853, 60.374191309489184221, 5233.0429999999996653, 1, 5233.0559999999995853, 14.923276077877712709, 5233.0559999999995853, -0.41319239477137870153, 5233.0559999999995853, 43.549077204371194227, 5233.0429999999996653, 1, 5233.0559999999995853, -5.4335438824110173783, 5233.0559999999995853, 6.886162123562098003, 5233.0559999999995853, 40.087974796063264193, 5233.0429999999996653, 1, 5233.0559999999995853, 1.3034306286384096385, 5233.0559999999995853, -4.0660642961414197316
5233.0659999999998035, 60.428006524920888864, 5233.0479999999997744, 1, 5233.0659999999998035, -11.297089550445575057, 5233.0659999999998035, 3.0519202975331189975, 5233.0659999999998035, 60.374194427154449727, 5233.0479999999997744, 1, 5233.0659999999998035, 14.923094360458048158, 5233.0659999999998035, -0.41318128494746986235, 5233.0659999999998035, 43.549067357891132701, 5233.0479999999997744, 1, 5233.0659999999998035, -5.4334845070589654625, 5233.0659999999998035, 6.8861487352252730432, 5233.0659999999998035, 40.087979079471104171, 5233.0479999999997744, 1, 5233.0659999999998035, 1.3033869995250966234, 5233.0659999999998035, -4.0660540548554742202
5233.0659999999998035, 60.428020497372457953, 5233.0529999999998836, 1, 5233.0659999999998035, -11.296921414545712636, 5233.0659999999998035, 3.0519030719375983551, 5233.0659999999998035, 60.374197544595730847, 5233.0529999999998836, 1, 5233.0659999999998035, 14.922912645409709853, 5233.0659999999998035, -0.41317017506766617885, 5233.0659999999998035, 43.549057511435250944, 5233.0529999999998836, 1, 5233.0659999999998035, -5.4334251325206714966, 5233.0659999999998035, 6.8861353469031953978, 5233.0659999999998035, 40.087983362896309814, 5233.0529999999998836, 1, 5233.0659999999998035, 1.3033433711789497167, 5233.0659999999998035, -4.0660438136610927984
5233.0720000000001164, 60.428034469564536835, 5233.0579999999999927, 1, 5233.0720000000001164, -11.29675328095765785, 5233.0720000000001164, 3.0518858464721461132, 5233.0720000000001164, 60.374200661854530381, 5233.0579999999999927, 1, 5233.0720000000001164, 14.92273093275098006, 5233.0720000000001164, -0.41315906513662170596, 5233.0720000000001164, 43.54904766501856983, 5233.0579999999999927, 1, 5233.0720000000001164, -5.4333657588014760975, 5233.0720000000001164, 6.8861219585870081517, 5233.0720000000001164, 40.087987646325501601, 5233.0579999999999927, 1, 5233.0720000000001164, 1.3032997435474507064, 5233.0720000000001164, -4.0660335725640166515
5233.081000000000131, 60.428048441550437531, 5233.0630000000001019, 1, 5233.081000000000131, -11.296585149684291949, 5233.081000000000131, 3.0518686211234822281, 5233.081000000000131, 60.374203778892713501, 5233.0630000000001019, 1, 5233.081000000000131, 14.92254922247792237, 5233.081000000000131, -0.41314795515318181174, 5233.081000000000131, 43.549037818672601929, 5233.0630000000001019, 1, 5233.081000000000131, -5.4333063859280983365, 5233.081000000000131, 6.886108570277031049, 5233.081000000000131, 40.087991929755190768, 5233.0630000000001019, 1, 5233.081000000000131, 1.3032561166849059298, 5233.081000000000131, -4.0660233315640041951
5233.0860000000002401, 60.428062413286014021, 5233.068000000000211, 1, 5233.0860000000002401, -11.296417020701523981, 5233.0860000000002401, 3.05185139589888621, 5233.0860000000002401, 60.374206895728235622, 5233.068000000000211, 1, 5233.0860000000002401, 14.922367514578294134, 5233.0860000000002401, -0.41313684511392523291, 5233.0860000000002401, 43.549027972346806337, 5233.068000000000211, 1, 5233.0860000000002401, -5.4332470138535127191, 5233.0860000000002401, 6.8860951819791687001, 5233.0860000000002401, 40.087996213203084039, 5233.068000000000211, 1, 5233.0860000000002401, 1.3032124905598796438, 5233.0860000000002401, -4.0660130906599825096
5233.0860000000002401, 60.428074987675863383, 5233.0749999999998181, 1, 5233.0860000000002401, -11.296265706596024359, 5233.0860000000002401, 3.0518358933036573433, 5233.0860000000002401, 60.374210012350332022, 5233.0749999999998181, 1, 5233.0860000000002401, 14.922185809049208771, 5233.0860000000002401, -0.41312573502395366631, 5233.0860000000002401, 43.549018126065632828, 5233.0749999999998181, 1, 5233.0860000000002401, -5.4331876426079306341, 5233.0860000000002401, 6.8860817936841023368, 5233.0860000000002401, 40.088000496640134429, 5233.0749999999998181, 1, 5233.0860000000002401, 1.3031688651612516328, 5233.0860000000002401, -4.0660028498465479174
5233.0910000000003492, 60.42808895898724586, 5233.0780000000004293, 1, 5233.0910000000003492, -11.296097582102991197, 5233.0910000000003492, 3.0518186683147519034, 5233.0910000000003492, 60.374213128756949232, 5233.0780000000004293, 1, 5233.0910000000003492, 14.922004105898391657, 5233.0910000000003492, -0.41311462487734473825, 5233.0910000000003492, 43.549008279842539082, 5233.0780000000004293, 1, 5233.0910000000003492, -5.4331282721806752889, 5233.0910000000003492, 6.8860684053982836872, 5233.0910000000003492, 40.088004780086968992, 5233.0780000000004293, 1, 5233.0910000000003492, 1.3031252405274491579, 5233.0910000000003492, -4.0659926091271358928
5233.0959999999995489, 60.428104327191604739, 5233.0829999999996289, 1, 5233.0959999999995489, -11.295912647726028766, 5233.0959999999995489, 3.0517997209629044164, 5233.0959999999995489, 60.374216244975812629, 5233.0829999999996289, 1, 5233.0959999999995489, 14.921822405148347457, 5233.0959999999995489, -0.41310351468814587861, 5233.0959999999995489, 43.548998433669289909, 5233.0829999999996289, 1, 5233.0959999999995489, -5.4330689025853953211, 5233.0959999999995489, 6.8860550171225867189, 5233.0959999999995489, 40.088009063549094435, 5233.0829999999996289, 1, 5233.0959999999995489, 1.3030816166295140501, 5233.0959999999995489, -4.0659823685122589154
5233.100999999999658, 60.42811829804524848, 5233.0879999999997381, 1, 5233.100999999999658, -11.29574452804255813, 5233.100999999999658, 3.0517824962281814294, 5233.100999999999658, 60.374219360948117696, 5233.0879999999997381, 1, 5233.100999999999658, 14.921640706734017101, 5233.100999999999658, -0.41309240443627004424, 5233.100999999999658, 43.548988587509199988, 5233.0879999999997381, 1, 5233.100999999999658, -5.4330095337823314239, 5233.100999999999658, 6.8860416288531069995, 5233.100999999999658, 40.088013347013209398, 5233.0879999999997381, 1, 5233.100999999999658, 1.3030379934795575103, 5233.100999999999658, -4.0659721279882994338
5233.1059999999997672, 60.428132268658671933, 5233.0929999999998472, 1, 5233.1059999999997672, -11.2955764106522345, 5233.1059999999997672, 3.0517652716202832153, 5233.1059999999997672, 60.374222476737450904, 5233.0929999999998472, 1, 5233.1059999999997672, 14.921459010726808359, 5233.1059999999997672, -0.41308129414483119035, 5233.1059999999997672, 43.548978741420526717, 5233.0929999999998472, 1, 5233.1059999999997672, -5.4329501658221479587, 5233.1059999999997672, 6.8860282405937738304, 5233.1059999999997672, 40.088017630473984809, 5233.0929999999998472, 1, 5233.1059999999997672, 1.3029943710664808609, 5233.1059999999997672, -4.0659618875590375353
5233.1159999999999854, 60.428146239069747025, 5233.0979999999999563, 1, 5233.1159999999999854, -11.295408295600447346, 5233.1159999999999854, 3.0517480471305269418, 5233.1159999999999854, 60.374225592293086606, 5233.0979999999999563, 1, 5233.1159999999999854, 14.921277317072583202, 5233.1159999999999854, -0.41307018379018245469, 5233.1159999999999854, 43.548968895356750863, 5233.0979999999999563, 1, 5233.1159999999999854, -5.4328907986662624552, 5233.1159999999999854, 6.8860148523393398534, 5233.1159999999999854, 40.088021913953980402, 5233.0979999999999563, 1, 5233.1159999999999854, 1.3029507494083183428, 5233.1159999999999854, -4.0659516472262069442
5233.1159999999999854, 60.428160209226568611, 5233.1040000000002692, 1, 5233.1159999999999854, -11.295240182835659226, 5233.1159999999999854, 3.0517308227642629959, 5233.1159999999999854, 60.374228707662211946, 5233.1040000000002692, 1, 5233.1159999999999854, 14.921095625820850472, 5233.1159999999999854, -0.41305907338066916168, 5233.1159999999999854, 43.548959049360504991, 5233.1040000000002692, 1, 5233.1159999999999854, -5.4328314323581876621, 5233.1159999999999854, 6.8860014640923914442, 5233.1159999999999854, 40.088026197429968533, 5233.1040000000002692, 1, 5233.1159999999999854, 1.3029071284925202168, 5233.1159999999999854, -4.0659414069866315344
5233.1210000000000946, 60.428174179173581138, 5233.1090000000003783, 1, 5233.1210000000000946, -11.295072072407084107, 5233.1210000000000946, 3.0517135985236762963, 5233.1210000000000946, 60.374231822811594839, 5233.1090000000003783, 1, 5233.1210000000000946, 14.920913936928261734, 5233.1210000000000946, -0.41304796292738643615, 5233.1210000000000946, 43.548949203384637485, 5233.1090000000003783, 1, 5233.1210000000000946, -5.432772066849489434, 5233.1210000000000946, 6.8859880758583358329, 5233.1210000000000946, 40.088030480927116628, 5233.1090000000003783, 1, 5233.1210000000000946, 1.3028635083203725653, 5233.1210000000000946, -4.0659311668469584333
5233.1310000000003129, 60.508010447618467254, 5233.1130000000002838, 1, 5233.1310000000003129, -11.257218182299055798, 5233.1310000000003129, 0.71368042337234527395, 5233.1310000000003129, 60.447147371588613396, 5233.1130000000002838, 1, 5233.1310000000003129, 14.470782492334702596, 5233.1310000000003129, -2.1414769086717164726, 5233.1310000000003129, 43.782757276033201776, 5233.1130000000002838, 1, 5233.1310000000003129, -5.5713556915278426018, 5233.1310000000003129, 5.0469094431510335141, 5233.1310000000003129, 40.038474060945944188, 5233.1130000000002838, 1, 5233.1310000000003129, 1.6704052739834713837, 5233.1310000000003129, -4.4056696440689968597
5233.1310000000003129, 60.508023636173660975, 5233.1180000000003929, 1, 5233.1310000000003129, -11.257050068231430728, 5233.1310000000003129, 0.71366267229019797469, 5233.1310000000003129, 60.447149449445632285, 5233.1180000000003929, 1, 5233.1310000000003129, 14.470600787668809417, 5233.1310000000003129, -2.1414658918401237031, 5233.1310000000003129, 43.782747063369804152, 5233.1180000000003929, 1, 5233.1310000000003129, -5.571296295043719482, 5233.1310000000003129, 5.0468964812077103943, 5233.1310000000003129, 40.038478831303692118, 5233.1180000000003929, 1, 5233.1310000000003129, 1.6703616972430401777, 5233.1310000000003129, -4.4056594408039977395
5233.136000000000422, 60.50803682453728527, 5233.1229999999995925, 1, 5233.136000000000422, -11.256881956494346753, 5233.136000000000422, 0.71364492132970269722, 5233.136000000000422, 60.447151527125342341, 5233.1229999999995925, 1, 5233.136000000000422, 14.470419085397390191, 5233.136000000000422, -2.1414548749538653283, 5233.136000000000422, 43.782736850748598556, 5233.1229999999995925, 1, 5233.136000000000422, -5.5712368993678538232, 5233.136000000000422, 5.0468835192641314791, 5233.136000000000422, 40.038483601680603385, 5233.1229999999995925, 1, 5233.136000000000422, 1.6703181212629552022, 5233.136000000000422, -4.4056492376335114614
5233.1409999999996217, 60.508050012646059201, 5233.1279999999997017, 1, 5233.1409999999996217, -11.256713847063730682, 5233.1409999999996217, 0.71362717051294310977, 5233.1409999999996217, 60.447153604643126812, 5233.1279999999997017, 1, 5233.1409999999996217, 14.470237385505420491, 5233.1409999999996217, -2.1414438580116943456, 5233.1409999999996217, 43.782726638139095598, 5233.1279999999997017, 1, 5233.1409999999996217, -5.5711775045108895554, 5233.1409999999996217, 5.0468705573333707548, 5233.1409999999996217, 40.038488372065792475, 5233.1279999999997017, 1, 5233.1409999999996217, 1.6702745460267476307, 5233.1409999999996217, -4.4056390345643947626
5233.1520000000000437, 60.508064519359393785, 5233.1329999999998108, 1, 5233.1520000000000437, -11.256528929432793262, 5233.1520000000000437, 0.71360764475675253493, 5233.1520000000000437, 60.447155889639390125, 5233.1329999999998108, 1, 5233.1520000000000437, 14.470037518399186283, 5233.1520000000000437, -2.1414317393047817006, 5233.1520000000000437, 43.78271540435085285, 5233.1329999999998108, 1, 5233.1520000000000437, -5.5711121711334374851, 5233.1520000000000437, 5.0468562992135836964, 5233.1520000000000437, 40.038493619447010019, 5233.1329999999998108, 1, 5233.1520000000000437, 1.6702266141206811856, 5233.1520000000000437, -4.4056278112922235835
5233.1520000000000437, 60.508079025797087525, 5233.13799999999992, 1, 5233.1520000000000437, -11.256344014505812012, 5233.1520000000000437, 0.7135881191577233551, 5233.1520000000000437, 60.447158174442108702, 5233.13799999999992, 1, 5233.1520000000000437, 14.469837654106642688, 5233.1520000000000437, -2.1414196205257205463, 5233.1520000000000437, 43.782704170600418081, 5233.13799999999992, 1, 5233.1520000000000437, -5.571046838714346805, 5233.1520000000000437, 5.0468420411011472027, 5233.1520000000000437, 40.038498866863207581, 5233.13799999999992, 1, 5233.1520000000000437, 1.6701786831192184657, 5233.1520000000000437, -4.4056165881400417561
5233.1570000000001528, 60.508092213211490673, 5233.1430000000000291, 1, 5233.1570000000001528, -11.256175912500069103, 5233.1570000000001528, 0.71357036875644652696, 5233.1570000000001528, 60.447160251326565117, 5233.1430000000000291, 1, 5233.1570000000001528, 14.469655961806191513, 5233.1570000000001528, -2.1414086033980375134, 5233.1570000000001528, 43.782693958114421662, 5233.1430000000000291, 1, 5233.1570000000001528, -5.5709874464765487545, 5233.1570000000001528, 5.0468290791900969339, 5233.1570000000001528, 40.038503637239031718, 5233.1430000000000291, 1, 5233.1570000000001528, 1.6701351102570500817, 5233.1570000000001528, -4.4056063853713247624
5233.1620000000002619, 60.508105400439632149, 5233.1499999999996362, 1, 5233.1620000000002619, -11.256007812806696933, 5233.1620000000002619, 0.7135526184852096776, 5233.1620000000002619, 60.447162328001070364, 5233.1499999999996362, 1, 5233.1620000000002619, 14.469474271898310036, 5233.1620000000002619, -2.1413975862055423249, 5233.1620000000002619, 43.782683745723993241, 5233.1499999999996362, 1, 5233.1620000000002619, -5.570928055070753615, 5233.1620000000002619, 5.0468161172802297187, 5233.1620000000002619, 40.0385084075821851, 5233.1499999999996362, 1, 5233.1620000000002619, 1.670091538129585107, 5233.1620000000002619, -4.4055961826987797281
5233.1670000000003711, 60.428302691933375002, 5233.1540000000004511, 1, 5233.1670000000003711, -11.293525565023340818, 5233.1670000000003711, 3.0515551412787544905, 5233.1670000000003711, 60.374260472426186652, 5233.1540000000004511, 1, 5233.1670000000003711, 14.919242510715626793, 5233.1670000000003711, -0.41294574425674923646, 5233.1670000000003711, 43.548858622464848622, 5233.1540000000004511, 1, 5233.1670000000003711, -5.4322259426755383771, 5233.1670000000003711, 6.8858649044581596854, 5233.1670000000003711, 40.088069889407357493, 5233.1540000000004511, 1, 5233.1670000000003711, 1.3024622376778554056, 5233.1670000000003711, -4.0658369620233649755
5233.1719999999995707, 60.50810456725479014, 5233.1580000000003565, 1, 5233.1719999999995707, -11.255806844085549656, 5233.1719999999995707, 0.71353606688836990202, 5233.1719999999995707, 60.447127260791639003, 5233.1580000000003565, 1, 5233.1719999999995707, 14.469255013837301505, 5233.1719999999995707, -2.1413908826027210353, 5233.1719999999995707, 43.782655892728556069, 5233.1580000000003565, 1, 5233.1719999999995707, -5.5708401871018358165, 5233.1719999999995707, 5.046803803221113327, 5233.1719999999995707, 40.038516159996547117, 5233.1580000000003565, 1, 5233.1719999999995707, 1.6700266024100063333, 5233.1719999999995707, -4.4055852758706031125
5233.1769999999996799, 60.508117754210005046, 5233.1629999999995562, 1, 5233.1769999999996799, -11.255638751520328, 5233.1769999999996799, 0.71351831702595447382, 5233.1769999999996799, 60.447129337394279958, 5233.1629999999995562, 1, 5233.1769999999996799, 14.469073331235104973, 5233.1769999999996799, -2.1413798652332509675, 5233.1769999999996799, 43.782645680491569351, 5233.1629999999995562, 1, 5233.1769999999996799, -5.5707807982007127023, 5233.1769999999996799, 5.0467908413323314676, 5233.1769999999996799, 40.03852093038926796, 5233.1629999999995562, 1, 5233.1769999999996799, 1.6699830325825471, 5233.1769999999996799, -4.405575073494912175
5233.181999999999789, 60.50812962227834646, 5233.168999999999869, 1, 5233.181999999999789, -11.255487470299517128, 5233.181999999999789, 0.71350234226346742616, 5233.181999999999789, 60.447131206163277284, 5233.168999999999869, 1, 5233.181999999999789, 14.468909819022048424, 5233.181999999999789, -2.1413699495516311799, 5233.181999999999789, 43.78263648951097764, 5233.168999999999869, 1, 5233.181999999999789, -5.5707273489104496278, 5233.181999999999789, 5.0467791756298936434, 5233.181999999999789, 40.038525223745878634, 5233.168999999999869, 1, 5233.181999999999789, 1.6699438204019481091, 5233.181999999999789, -4.4055658914384068225
5233.1920000000000073, 60.508142808823990322, 5233.1729999999997744, 1, 5233.1920000000000073, -11.255319382228286429, 5233.1920000000000073, 0.71348459265864505596, 5233.1920000000000073, 60.447133282381059871, 5233.1729999999997744, 1, 5233.1920000000000073, 14.468728140992794806, 5233.1920000000000073, -2.1413589320679271566, 5233.1920000000000073, 43.782626277358041023, 5233.1729999999997744, 1, 5233.1920000000000073, -5.5706679616042995562, 5233.1920000000000073, 5.0467662137535960198, 5233.1920000000000073, 40.038529994136354162, 5233.1729999999997744, 1, 5233.1920000000000073, 1.6699002520214063505, 5233.1920000000000073, -4.4055556892444904804
5233.1920000000000073, 60.5081559951334782, 5233.1790000000000873, 1, 5233.1920000000000073, -11.255151296442718944, 5233.1920000000000073, 0.71346684317940400888, 5233.1920000000000073, 60.447135358438963237, 5233.1790000000000873, 1, 5233.1920000000000073, 14.46854646537301825, 5233.1920000000000073, -2.1413479145284632921, 5233.1920000000000073, 43.78261606523751226, 5233.1790000000000873, 1, 5233.1920000000000073, -5.5706085751043428189, 5233.1920000000000073, 5.046753251878964619, 5233.1920000000000073, 40.038534764532279553, 5233.1790000000000873, 1, 5233.1920000000000073, 1.6698566843782467473, 5233.1920000000000073, -4.4055454871533399341
5233.1970000000001164, 60.508169181228147693, 5233.1829999999999927, 1, 5233.1970000000001164, -11.254983212981125362, 5233.1970000000001164, 0.7134490938307784802, 5233.1970000000001164, 60.4471374342969483, 5233.1829999999999927, 1, 5233.1970000000001164, 14.468364792127852425, 5233.1970000000001164, -2.1413368969319179769, 5233.1970000000001164, 43.782605853180882605, 5233.1829999999999927, 1, 5233.1970000000001164, -5.5705491894464307379, 5233.1970000000001164, 5.0467402900116375974, 5233.1970000000001164, 40.038539534909006079, 5233.1829999999999927, 1, 5233.1970000000001164, 1.6698131174722781189, 5233.1970000000001164, -4.4055352851448432716
5233.2020000000002256, 60.428400460536273897, 5233.1880000000001019, 1, 5233.2020000000002256, -11.292349005905283121, 5233.2020000000002256, 3.051434582946562557, 5233.2020000000002256, 60.374282259208492007, 5233.1880000000001019, 1, 5233.2020000000002256, 14.917970908178970646, 5233.2020000000002256, -0.41286796619795040897, 5233.2020000000002256, 43.548789704677133727, 5233.1880000000001019, 1, 5233.2020000000002256, -5.4318104599434677837, 5233.2020000000002256, 6.8857711875388005751, 5233.2020000000002256, 40.088099874512202803, 5233.1880000000001019, 1, 5233.2020000000002256, 1.3021569652792692739, 5233.2020000000002256, -4.0657652898514733408
5233.2070000000003347, 60.428414426549878158, 5233.193000000000211, 1, 5233.2070000000003347, -11.292180935281333376, 5233.2070000000003347, 3.0514173608180534814, 5233.2070000000003347, 60.374285370788896898, 5233.193000000000211, 1, 5233.2070000000003347, 14.917789260178723865, 5233.2070000000003347, -0.41285685484091061426, 5233.2070000000003347, 43.548779859433963679, 5233.193000000000211, 1, 5233.2070000000003347, -5.4317511085486636091, 5233.2070000000003347, 6.8857577994446153014, 5233.2070000000003347, 40.088104158133674559, 5233.193000000000211, 1, 5233.2070000000003347, 1.302113357906990565, 5233.2070000000003347, -4.0657550513532143555
5233.2120000000004438, 60.42842839237654573, 5233.1980000000003201, 1, 5233.2120000000004438, -11.292012866989560749, 5233.2120000000004438, 3.0514001388125890912, 5233.2120000000004438, 60.374288482130239686, 5233.1980000000003201, 1, 5233.2120000000004438, 14.917607614561283924, 5233.2120000000004438, -0.41284574342643765021, 5233.2120000000004438, 43.548770014272434992, 5233.1980000000003201, 1, 5233.2120000000004438, -5.4316917579852166398, 5233.2120000000004438, 6.8857444113527854768, 5233.2120000000004438, 40.088108441741411525, 5233.1980000000003201, 1, 5233.2120000000004438, 1.3020697512846399757, 5233.2120000000004438, -4.0657448129496778222
5233.2219999999997526, 60.428442357961841935, 5233.2030000000004293, 1, 5233.2219999999997526, -11.291844801005336052, 5233.2219999999997526, 3.0513829169341342151, 5233.2219999999997526, 60.37429159324589989, 5233.2030000000004293, 1, 5233.2219999999997526, 14.917425971299035581, 5233.2219999999997526, -0.41283463195669156676, 5233.2219999999997526, 43.548760169149943522, 5233.2030000000004293, 1, 5233.2219999999997526, -5.4316324082420823771, 5233.2219999999997526, 6.8857310232678727857, 5233.2219999999997526, 40.088112725355998123, 5233.2030000000004293, 1, 5233.2219999999997526, 1.3020261454077901586, 5233.2219999999997526, -4.0657345746342024029
5233.2219999999997526, 60.428454926802061209, 5233.2079999999996289, 1, 5233.2219999999997526, -11.291693543565887836, 5233.2219999999997526, 3.0513674173382909771, 5233.2219999999997526, 60.37429470418975086, 5233.2079999999996289, 1, 5233.2219999999997526, 14.917244330439759281, 5233.2219999999997526, -0.41282352043923253859, 5233.2219999999997526, 43.548750324057948546, 5233.2079999999996289, 1, 5233.2219999999997526, -5.4315730593071354093, 5233.2219999999997526, 6.8857176351897706468, 5233.2219999999997526, 40.088117008975949318, 5233.2079999999996289, 1, 5233.2219999999997526, 1.3019825402535847303, 5233.2219999999997526, -4.0657243364231945293
5233.2269999999998618, 60.428468891953407649, 5233.2129999999997381, 1, 5233.2269999999998618, -11.29152548206156581, 5233.2269999999998618, 3.0513501956980491059, 5233.2269999999998618, 60.374297814897019521, 5233.2129999999997381, 1, 5233.2269999999998618, 14.917062691940651931, 5233.2269999999998618, -0.41281240886928571854, 5233.2269999999998618, 43.548740479011506466, 5233.2129999999997381, 1, 5233.2269999999998618, -5.4315137111883062815, 5233.2269999999998618, 6.8857042471249343407, 5233.2269999999998618, 40.088121292618438929, 5233.2129999999997381, 1, 5233.2269999999998618, 1.3019389358873303397, 5233.2269999999998618, -4.0657140983060493511
5233.2319999999999709, 60.428484253345658317, 5233.2179999999998472, 1, 5233.2319999999999709, -11.29134061693272173, 5233.2319999999999709, 3.0513312520261628435, 5233.2319999999999709, 60.374300925404327245, 5233.2179999999998472, 1, 5233.2319999999999709, 14.91688105580858803, 5233.2319999999999709, -0.41280129724276903858, 5233.2319999999999709, 43.548730634000861528, 5233.2179999999998472, 1, 5233.2319999999999709, -5.4314543638960817162, 5233.2319999999999709, 6.8856908590674237303, 5233.2319999999999709, 40.088125576262207517, 5233.2179999999998472, 1, 5233.2319999999999709, 1.3018953322322246446, 5233.2319999999999709, -4.0657038602815127604
5233.23700000000008, 60.428496821580580445, 5233.2229999999999563, 1, 5233.23700000000008, -11.291189365749868756, 5233.23700000000008, 3.0513157527646370681, 5233.23700000000008, 60.374304035720385286, 5233.2229999999999563, 1, 5233.23700000000008, 14.916699422080100135, 5233.23700000000008, -0.41279018557186830662, 5233.23700000000008, 43.548720789037275836, 5233.2229999999999563, 1, 5233.23700000000008, -5.4313950174220533285, 5233.23700000000008, 6.8856774710191750444, 5233.23700000000008, 40.088129859924144682, 5233.2229999999999563, 1, 5233.23700000000008, 1.301851729339376984, 5233.23700000000008, -4.0656936223568642674
5233.2420000000001892, 60.508236624917074664, 5233.2280000000000655, 1, 5233.2420000000001892, -11.253753390296958869, 5233.2420000000001892, 0.71332739440973824685, 5233.2420000000001892, 60.447087130851102188, 5233.2280000000000655, 1, 5233.2420000000001892, 14.467013793399706501, 5233.2420000000001892, -2.141266493666371673, 5233.2420000000001892, 43.782502736531228038, 5233.2280000000000655, 1, 5233.2420000000001892, -5.5700792347331766763, 5233.2420000000001892, 5.0466497185457264152, 5233.2420000000001892, 40.038578505301053667, 5233.2280000000000655, 1, 5233.2420000000001892, 1.6694675261601763516, 5233.2420000000001892, -4.4054618770093618707
5233.2470000000002983, 60.508251128020873466, 5233.2340000000003783, 1, 5233.2470000000002983, -11.253568523842575999, 5233.2470000000002983, 0.7133078715767382505, 5233.2470000000002983, 60.447089205680278212, 5233.2340000000003783, 1, 5233.2470000000002983, 14.466832143946900757, 5233.2470000000002983, -2.1412554754840016358, 5233.2470000000002983, 43.782492524960744618, 5233.2340000000003783, 1, 5233.2470000000002983, -5.5700198572371117933, 5233.2470000000002983, 5.0466367567304040165, 5233.2470000000002983, 40.038583275753666157, 5233.2340000000003783, 1, 5233.2470000000002983, 1.6694239667214394451, 5233.2470000000002983, -4.4054516759644357649
5233.2569999999996071, 60.508261675581302086, 5233.2380000000002838, 1, 5233.2569999999996071, -11.253434077249695022, 5233.2569999999996071, 0.71329367325201076255, 5233.2569999999996071, 60.447091280311035177, 5233.2380000000002838, 1, 5233.2569999999996071, 14.466650496867451636, 5233.2569999999996071, -2.1412444572440207935, 5233.2569999999996071, 43.782482313440098665, 5233.2380000000002838, 1, 5233.2569999999996071, -5.5699604805753608616, 5233.2569999999996071, 5.0466237949233416771, 5233.2569999999996071, 40.038588046192487013, 5233.2380000000002838, 1, 5233.2569999999996071, 1.6693804080144718505, 5233.2569999999996071, -4.4054414750147721236
5233.2619999999997162, 60.508274859806313373, 5233.2430000000003929, 1, 5233.2619999999997162, -11.253266021326819413, 5233.2619999999997162, 0.71327592547177331994, 5233.2619999999997162, 60.447093354741248561, 5233.2430000000003929, 1, 5233.2619999999997162, 14.466468852151219693, 5233.2619999999997162, -2.1412334389449760863, 5233.2619999999997162, 43.782472101959839961, 5233.2430000000003929, 1, 5233.2619999999997162, -5.5699011047490785131, 5233.2619999999997162, 5.0466108331231964712, 5233.2619999999997162, 40.038592816615789616, 5233.2430000000003929, 1, 5233.2619999999997162, 1.6693368500359868634, 5233.2619999999997162, -4.4054312741547043686
5233.2619999999997162, 60.508288043854662419, 5233.2489999999997963, 1, 5233.2619999999997162, -11.253097967405764734, 5233.2619999999997162, 0.71325817780789435574, 5233.2619999999997162, 60.44709501416686237, 5233.2489999999997963, 1, 5233.2619999999997162, 14.466323538049298492, 5233.2619999999997162, -2.1412246242650176953, 5233.2619999999997162, 43.782463932789589478, 5233.2489999999997963, 1, 5233.2619999999997162, -5.5698536046139333067, 5233.2619999999997162, 5.0466004636885628543, 5233.2619999999997162, 40.038596632973778355, 5233.2489999999997963, 1, 5233.2619999999997162, 1.6693020042020734195, 5233.2619999999997162, -4.405423113540187785
5233.2669999999998254, 60.508301227626532182, 5233.2529999999997017, 1, 5233.2669999999998254, -11.252929916113401987, 5233.2669999999998254, 0.71324043029657957504, 5233.2669999999998254, 60.447097088253741504, 5233.2529999999997017, 1, 5233.2669999999998254, 14.466141897779714043, 5233.2669999999998254, -2.1412136058565209851, 5233.2669999999998254, 43.782453721385124368, 5233.2529999999997017, 1, 5233.2669999999998254, -5.5697942303159466704, 5233.2669999999998254, 5.0465875019014667657, 5233.2669999999998254, 40.038601403415967184, 5233.2529999999997017, 1, 5233.2669999999998254, 1.6692584476236378421, 5233.2669999999998254, -4.4054129128636603241
5233.2770000000000437, 60.428593171808827833, 5233.2579999999998108, 1, 5233.2770000000000437, -11.290029835816293158, 5233.2770000000000437, 3.0511969284315476614, 5233.2770000000000437, 60.374325180251979361, 5233.2579999999998108, 1, 5233.2770000000000437, 14.915464375625370863, 5233.2770000000000437, -0.412714624782342554, 5233.2770000000000437, 43.548653844420094572, 5233.2579999999998108, 1, 5233.2770000000000437, -5.4309914830991026236, 5233.2770000000000437, 6.8855864324830804435, 5233.2770000000000437, 40.088158988938893401, 5233.2579999999998108, 1, 5233.2770000000000437, 1.3015552493267232848, 5233.2770000000000437, -4.0656240069739233434
5233.2770000000000437, 60.428607134685336177, 5233.26299999999992, 1, 5233.2770000000000437, -11.289861797295401402, 5233.2770000000000437, 3.0511797080060034659, 5233.2770000000000437, 60.374328288928026609, 5233.26299999999992, 1, 5233.2770000000000437, 14.915282760571539455, 5233.2770000000000437, -0.41270351269420046947, 5233.2770000000000437, 43.548643999791586623, 5233.26299999999992, 1, 5233.2770000000000437, -5.4309321430895494132, 5233.2770000000000437, 6.8855730444924354572, 5233.2770000000000437, 40.088163272668651871, 5233.26299999999992, 1, 5233.2770000000000437, 1.3015116522852054892, 5233.2770000000000437, -4.0656137697994587654
5233.2820000000001528, 60.428625286130611016, 5233.2680000000000291, 1, 5233.2820000000001528, -11.289643350429608759, 5233.2820000000001528, 3.0511573216250127416, 5233.2820000000001528, 60.374332329897491434, 5233.2680000000000291, 1, 5233.2820000000001528, 14.915046664313596381, 5233.2820000000001528, -0.41268906690440942953, 5233.2820000000001528, 43.54863120183930647, 5233.2680000000000291, 1, 5233.2820000000001528, -5.430855002187261249, 5233.2820000000001528, 6.8855556401192679061, 5233.2820000000001528, 40.088168841496170103, 5233.2680000000000291, 1, 5233.2820000000001528, 1.3014549771588066474, 5233.2820000000001528, -4.0656004616007415109
5233.2870000000002619, 60.428637852291515742, 5233.2730000000001382, 1, 5233.2870000000002619, -11.289492120217689219, 5233.2870000000002619, 3.0511418234817249129, 5233.2870000000002619, 60.374335438092089134, 5233.2730000000001382, 1, 5233.2870000000002619, 14.914865054487380647, 5233.2870000000002619, -0.41267795469973833633, 5233.2870000000002619, 43.548621357319404979, 5233.2730000000001382, 1, 5233.2870000000002619, -5.4307956639797341225, 5233.2870000000002619, 6.885542252152035303, 5233.2870000000002619, 40.088173125216172821, 5233.2730000000001382, 1, 5233.2870000000002619, 1.3014113817478372148, 5233.2870000000002619, -4.0655902246351089957
5233.2920000000003711, 60.428650418263799793, 5233.2790000000004511, 1, 5233.2920000000003711, -11.289340892072162958, 5233.2920000000003711, 3.0511263254437785974, 5233.2920000000003711, 60.374338235269647157, 5233.2790000000004511, 1, 5233.2920000000003711, 14.914701607776468251, 5233.2920000000003711, -0.41266795366894015729, 5233.2920000000003711, 43.548612497293703427, 5233.2790000000004511, 1, 5233.2920000000003711, -5.4307422603217689883, 5233.2920000000003711, 6.8855302029853397983, 5233.2920000000003711, 40.088176980560405127, 5233.2790000000004511, 1, 5233.2920000000003711, 1.301372146538389174, 5233.2920000000003711, -4.0655810114483763584
5233.2969999999995707, 60.428665776443530433, 5233.2839999999996508, 1, 5233.2969999999995707, -11.289156060062724762, 5233.2969999999995707, 3.0511073835265101195, 5233.2969999999995707, 60.374341343067513321, 5233.2839999999996508, 1, 5233.2969999999995707, 14.914520002559571665, 5233.2969999999995707, -0.41265684136322278164, 5233.2969999999995707, 43.548602652852373751, 5233.2839999999996508, 1, 5233.2969999999995707, -5.4306829236876392741, 5233.2969999999995707, 6.8855168150343679656, 5233.2969999999995707, 40.088181264304381557, 5233.2839999999996508, 1, 5233.2969999999995707, 1.3013285525965923028, 5233.2969999999995707, -4.0655707746667566482
5233.3019999999996799, 60.428679738159658541, 5233.2879999999995562, 1, 5233.3019999999996799, -11.288988033431405, 5233.3019999999996799, 3.0510901637334448822, 5233.3019999999996799, 60.374344450682912111, 5233.2879999999995562, 1, 5233.3019999999996799, 14.914338399734004881, 5233.3019999999996799, -0.41264572900758267338, 5233.3019999999996799, 43.548592808452973202, 5233.2879999999995562, 1, 5233.3019999999996799, -5.4306235878756252689, 5233.3019999999996799, 6.8855034270841741773, 5233.3019999999996799, 40.088185548036960881, 5233.2879999999995562, 1, 5233.3019999999996799, 1.3012849593437492146, 5233.3019999999996799, -4.0655605379782464581
5233.306999999999789, 60.428693699643829973, 5233.2929999999996653, 1, 5233.306999999999789, -11.288820009090802188, 5233.306999999999789, 3.0510729440618504782, 5233.306999999999789, 60.374347558056783214, 5233.2929999999996653, 1, 5233.306999999999789, 14.914156799265898101, 5233.306999999999789, -0.41263461659732314502, 5233.306999999999789, 43.548582964110124749, 5233.2929999999996653, 1, 5233.306999999999789, -5.4305642528964863658, 5233.306999999999789, 6.8854900391459885611, 5233.306999999999789, 40.08818983178566242, 5233.2929999999996653, 1, 5233.306999999999789, 1.3012413668735069994, 5233.306999999999789, -4.0655503013878302454
5233.3119999999998981, 60.428707660938890456, 5233.2979999999997744, 1, 5233.3119999999998981, -11.288651987118569764, 5233.3119999999998981, 3.0510557245156277872, 5233.3119999999998981, 60.374350665224746137, 5233.2979999999997744, 1, 5233.3119999999998981, 14.913975201168176099, 5233.3119999999998981, -0.41262350413401094329, 5233.3119999999998981, 43.548573119802405529, 5233.2979999999997744, 1, 5233.3119999999998981, -5.4305049187273839451, 5233.3119999999998981, 6.8854766512131888589, 5233.3119999999998981, 40.088194115537383766, 5233.2979999999997744, 1, 5233.3119999999998981, 1.3011977751242564949, 5233.3119999999998981, -4.0655400648911381722
5233.3220000000001164, 60.428721621974716527, 5233.3029999999998836, 1, 5233.3220000000001164, -11.288483967405436914, 5233.3220000000001164, 3.0510385050917250283, 5233.3220000000001164, 60.374353772172653976, 5233.3029999999998836, 1, 5233.3220000000001164, 14.913793605447363433, 5233.3220000000001164, -0.41261239161056195712, 5233.3220000000001164, 43.548563275531719796, 5233.3029999999998836, 1, 5233.3220000000001164, -5.4304455853663569087, 5233.3220000000001164, 6.8854632632929586578, 5233.3220000000001164, 40.088198399308261344, 5233.3029999999998836, 1, 5233.3220000000001164, 1.3011541841545597453, 5233.3220000000001164, -4.0655298284887848581
5233.3220000000001164, 60.42873558280823687, 5233.3090000000001965, 1, 5233.3220000000001164, -11.288315950051277525, 5233.3220000000001164, 3.0510212857883800552, 5233.3220000000001164, 60.374356878939337889, 5233.3090000000001965, 1, 5233.3220000000001164, 14.913612012110384342, 5233.3220000000001164, -0.41260127905054133635, 5233.3220000000001164, 43.548553431293164806, 5233.3090000000001965, 1, 5233.3220000000001164, -5.430386252827867466, 5233.3220000000001164, 6.8854498753797308552, 5233.3220000000001164, 40.088202683081306077, 5233.3090000000001965, 1, 5233.3220000000001164, 1.3011105939032798773, 5233.3220000000001164, -4.0655195921835165507
5233.3270000000002256, 60.428749543404038036, 5233.3130000000001019, 1, 5233.3270000000002256, -11.288147934981585863, 5233.3270000000002256, 3.0510040666103428464, 5233.3270000000002256, 60.374359985459264522, 5233.3130000000001019, 1, 5233.3270000000002256, 14.91343042113408579, 5233.3270000000002256, -0.41259016642412404963, 5233.3270000000002256, 43.54854358713099316, 5233.3130000000001019, 1, 5233.3270000000002256, -5.43032692112461568, 5233.3270000000002256, 6.8854364874696436516, 5233.3270000000002256, 40.088206966840147061, 5233.3130000000001019, 1, 5233.3270000000002256, 1.3010670043843162169, 5233.3270000000002256, -4.0655093559744912568
5233.3370000000004438, 60.428763503760734466, 5233.318000000000211, 1, 5233.3370000000004438, -11.28797992222645874, 5233.3370000000004438, 3.0509868475535846244, 5233.3370000000004438, 60.37436309180920091, 5233.318000000000211, 1, 5233.3370000000004438, 14.913248832553467338, 5233.3370000000004438, -0.41257905375375614199, 5233.3370000000004438, 43.548533742979131489, 5233.318000000000211, 1, 5233.3370000000004438, -5.4302675902189410095, 5233.3370000000004438, 6.8854230995752487843, 5233.3370000000004438, 40.088211250628489779, 5233.318000000000211, 1, 5233.3370000000004438, 1.3010234156392079807, 5233.3370000000004438, -4.065499119858625221
5233.3370000000004438, 60.428777463901596434, 5233.3230000000003201, 1, 5233.3370000000004438, -11.287811911799414233, 5233.3370000000004438, 3.0509696286163645595, 5233.3370000000004438, 60.374366197927770372, 5233.3230000000003201, 1, 5233.3370000000004438, 14.913067246330779625, 5233.3370000000004438, -0.41256794102831051418, 5233.3370000000004438, 43.548523898887047778, 5233.3230000000003201, 1, 5233.3370000000004438, -5.4302082601490200275, 5233.3370000000004438, 6.8854097116828718583, 5233.3370000000004438, 40.088215534411673957, 5233.3230000000003201, 1, 5233.3370000000004438, 1.3009798276114921123, 5233.3370000000004438, -4.0654888838354565905
5233.3419999999996435, 60.42879142382278701, 5233.3280000000004293, 1, 5233.3419999999996435, -11.287643903693341585, 5233.3419999999996435, 3.0509524098051663543, 5233.3419999999996435, 60.374369303853406166, 5233.3280000000004293, 1, 5233.3419999999996435, 14.912885662498336359, 5233.3419999999996435, -0.41255682825037709449, 5233.3419999999996435, 43.54851405483906035, 5233.3280000000004293, 1, 5233.3419999999996435, -5.4301489308872303852, 5233.3419999999996435, 6.8853963237995650104, 5233.3419999999996435, 40.088219818219911872, 5233.3280000000004293, 1, 5233.3419999999996435, 1.3009362403454269863, 5233.3419999999996435, -4.065478647912360799
5233.3469999999997526, 60.428805383492125713, 5233.3329999999996289, 1, 5233.3469999999997526, -11.28747589787160166, 5233.3469999999997526, 3.050935191118323786, 5233.3469999999997526, 60.374372409561331665, 5233.3329999999996289, 1, 5233.3469999999997526, 14.912704081041887605, 5233.3469999999997526, -0.41254571541711726468, 5233.3469999999997526, 43.548504210827651661, 5233.3329999999996289, 1, 5233.3469999999997526, -5.4300896024560376674, 5233.3469999999997526, 6.8853829359254312692, 5233.3469999999997526, 40.088224102026586593, 5233.3329999999996289, 1, 5233.3469999999997526, 1.300892653821230871, 5233.3469999999997526, -4.0654684120835860028
5233.3569999999999709, 60.428819342944422033, 5233.3389999999999418, 1, 5233.3569999999999709, -11.287307894370291805, 5233.3569999999999709, 3.050917972551737023, 5233.3569999999999709, 60.374375515065125342, 5233.3389999999999418, 1, 5233.3569999999999709, 14.912522501956855692, 5233.3569999999999709, -0.41253460253430773719, 5233.3569999999999709, 43.548494366872724015, 5233.3389999999999418, 1, 5233.3569999999999709, -5.4300302748583897383, 5233.3569999999999709, 6.8853695480579517607, 5233.3569999999999709, 40.088228385834824508, 5233.3389999999999418, 1, 5233.3569999999999709, 1.3008490680356901148, 5233.3569999999999709, -4.0654581763475192702
5233.3569999999999709, 60.428833302193524446, 5233.3429999999998472, 1, 5233.3569999999999709, -11.287139893213312902, 5233.3569999999999709, 3.0509007541073351888, 5233.3569999999999709, 60.374378620366627501, 5233.3429999999998472, 1, 5233.3569999999999709, 14.91234092527337296, 5233.3569999999999709, -0.41252348959924134419, 5233.3569999999999709, 43.54848452294483252, 5233.3429999999998472, 1, 5233.3569999999999709, -5.4299709480562698971, 5233.3569999999999709, 6.8853561602038553247, 5233.3569999999999709, 40.088232669664229491, 5233.3429999999998472, 1, 5233.3569999999999709, 1.3008054830088200404, 5233.3569999999999709, -4.0654479407135148961
5233.36200000000008, 60.428847261155624437, 5233.3490000000001601, 1, 5233.36200000000008, -11.286971894326084609, 5233.36200000000008, 3.0508835357909873665, 5233.36200000000008, 60.374381725457396897, 5233.3490000000001601, 1, 5233.36200000000008, 14.912159350922166823, 5233.36200000000008, -0.41251237660976514121, 5233.36200000000008, 43.548474679049732572, 5233.3490000000001601, 1, 5233.36200000000008, -5.4299116220782064346, 5233.36200000000008, 6.8853427723513682679, 5233.36200000000008, 40.088236953488113556, 5233.3490000000001601, 1, 5233.36200000000008, 1.3007618987032301128, 5233.36200000000008, -4.0654377051660972597
5233.3670000000001892, 60.428861219945844141, 5233.3530000000000655, 1, 5233.3670000000001892, -11.286803897786194639, 5233.3670000000001892, 3.0508663175945045509, 5233.3670000000001892, 60.374384830327713303, 5233.3530000000000655, 1, 5233.3670000000001892, 14.911977778969562891, 5233.3670000000001892, -0.41250126357035554747, 5233.3670000000001892, 43.548464835221466274, 5233.3530000000000655, 1, 5233.3670000000001892, -5.4298522969263549598, 5233.3670000000001892, 6.8853293845120191463, 5233.3670000000001892, 40.088241237333299694, 5233.3530000000000655, 1, 5233.3670000000001892, 1.3007183151692205403, 5233.3670000000001892, -4.0654274697192356314
5233.3720000000002983, 60.428875178502522658, 5233.3590000000003783, 1, 5233.3720000000002983, -11.286635903562187266, 5233.3720000000002983, 3.0508490995175847615, 5233.3720000000002983, 60.374387934991474935, 5233.3590000000003783, 1, 5233.3720000000002983, 14.91179620937922401, 5233.3720000000002983, -0.41249015047934278755, 5233.3720000000002983, 43.548454991419262683, 5233.3590000000003783, 1, 5233.3720000000002983, -5.4297929725856031169, 5233.3720000000002983, 6.8853159966786456891, 5233.3720000000002983, 40.088245521165362106, 5233.3590000000003783, 1, 5233.3720000000002983, 1.3006747323533762728, 5233.3720000000002983, -4.0654172343680201607
5233.3770000000004075, 60.428889136834953888, 5233.363999999999578, 1, 5233.3770000000004075, -11.28646791164997687, 5233.3770000000004075, 3.0508318815645303346, 5233.3770000000004075, 60.374391039444333273, 5233.363999999999578, 1, 5233.3770000000004075, 14.911614642177108081, 5233.3770000000004075, -0.41247903733301072293, 5233.3770000000004075, 43.548445147675693079, 5233.363999999999578, 1, 5233.3770000000004075, -5.4297336490641043838, 5233.3770000000004075, 6.8853026088493010093, 5233.3770000000004075, 40.08824980501015034, 5233.363999999999578, 1, 5233.3770000000004075, 1.3006311502839553729, 5233.3770000000004075, -4.0654069991095020953
5233.3869999999997162, 60.428901699142699044, 5233.3680000000003929, 1, 5233.3869999999997162, -11.286316720863160512, 5233.3869999999997162, 3.0508163855122312214, 5233.3869999999997162, 60.374393833278460875, 5233.3680000000003929, 1, 5233.3869999999997162, 14.911451233705138364, 5233.3869999999997162, -0.4124690354549436222, 5233.3869999999997162, 43.548435303990430612, 5233.3680000000003929, 1, 5233.3869999999997162, -5.429674326381544347, 5233.3869999999997162, 6.8852892210320604249, 5233.3869999999997162, 40.088254088855286739, 5233.3680000000003929, 1, 5233.3869999999997162, 1.300587568972260577, 5233.3869999999997162, -4.0653967639487866848
5233.3919999999998254, 60.428915657010293216, 5233.3729999999995925, 1, 5233.3919999999998254, -11.28614873340466751, 5233.3919999999998254, 3.0507991677972157163, 5233.3919999999998254, 60.374396937343725256, 5233.3729999999995925, 1, 5233.3919999999998254, 14.91126967109659418, 5233.3919999999998254, -0.41245792220970045605, 5233.3919999999998254, 43.548425460327969461, 5233.3729999999995925, 1, 5233.3919999999998254, -5.4296150045102082871, 5233.3919999999998254, 6.8852758332194170521, 5233.3919999999998254, 40.088258372710981803, 5233.3729999999995925, 1, 5233.3919999999998254, 1.3005439883841374282, 5233.3919999999998254, -4.0653865288793831212
5233.3919999999998254, 60.428931010446135019, 5233.3779999999997017, 1, 5233.3919999999998254, -11.285963949766262715, 5233.3919999999998254, 3.050780228445148623, 5233.3919999999998254, 60.374400351563764389, 5233.3779999999997017, 1, 5233.3919999999998254, 14.911069954833179096, 5233.3919999999998254, -0.41244569757979832048, 5233.3919999999998254, 43.548415616724554411, 5233.3779999999997017, 1, 5233.3919999999998254, -5.4295556834612188624, 5233.3919999999998254, 6.8852624454176947211, 5233.3919999999998254, 40.088262656567458464, 5233.3779999999997017, 1, 5233.3919999999998254, 1.3005004085520739388, 5233.3919999999998254, -4.0653762939057820347
5233.3969999999999345, 60.428944967869213656, 5233.3840000000000146, 1, 5233.3969999999999345, -11.285795967111466709, 5233.3969999999999345, 3.0507630109873069557, 5233.3969999999999345, 60.374403455181692379, 5233.3840000000000146, 1, 5233.3969999999999345, 14.910888397133819083, 5233.3969999999999345, -0.41243458422738044078, 5233.3969999999999345, 43.548405773160013155, 5233.3840000000000146, 1, 5233.3969999999999345, -5.4294963632407213794, 5233.3969999999999345, 6.885249057625589586, 5233.3969999999999345, 40.088266940433243235, 5233.3840000000000146, 1, 5233.3969999999999345, 1.3004568294710707743, 5233.3969999999999345, -4.0653660590313194234
5233.4020000000000437, 60.428958925065579422, 5233.3909999999996217, 1, 5233.4020000000000437, -11.285627986759678265, 5233.4020000000000437, 3.0507457936476427562, 5233.4020000000000437, 60.37440655858812022, 5233.3909999999996217, 1, 5233.4020000000000437, 14.910706841807266798, 5233.4020000000000437, -0.41242347081675845288, 5233.4020000000000437, 43.548395929627794487, 5233.3909999999996217, 1, 5233.4020000000000437, -5.4294370438101600129, 5233.4020000000000437, 6.8852356698392256362, 5233.4020000000000437, 40.088271224308869023, 5233.3909999999996217, 1, 5233.4020000000000437, 1.3004132511268648997, 5233.4020000000000437, -4.0653558242504601594
5233.4120000000002619, 67.263418787126710185, 5233.3930000000000291, 1, 5233.4120000000002619, -13.417230508661452504, 5233.4120000000002619, -0.42498400100541999791, 5233.4120000000002619, 40.249605820592606165, 5233.3930000000000291, 1, 5233.4120000000002619, 9.9403865029642446416, 5233.4120000000002619, -0.27494379426869031136, 5233.4120000000002619, 29.032259359457651016, 5233.3930000000000291, 1, 5233.4120000000002619, -3.6195970137889612595, 5233.4120000000002619, 4.5901508655945022497, 5233.4120000000002619, 66.277775845935806842, 5233.3930000000000291, 1, 5233.4120000000002619, 12.207063336183479052, 5233.4120000000002619, -7.6151101707246589001
5233.4120000000002619, 89.398696877223869706, 5233.3980000000001382, 1, 5233.4120000000002619, -15.702588514214875559, 5233.4120000000002619, -3.8804218267401822118, 5233.4120000000002619, 0, 5233.3980000000001382, 1, 5233.4120000000002619, 0, 5233.4120000000002619, 0, 5233.4120000000002619, 0, 5233.3980000000001382, 1, 5233.4120000000002619, 0, 5233.4120000000002619, 0, 5233.4120000000002619, 147.28505660543592626, 5233.3980000000001382, 1, 5233.4120000000002619, 20.424878627288350685, 5233.4120000000002619, -15.261984948724254707
5233.4170000000003711, 95.291672251399305082, 5233.4030000000002474, 1, 5233.4170000000003711, -12.937216019741860862, 5233.4170000000003711, 16.019591336432398521, 5233.4170000000003711, 0, 5233.4030000000002474, 0, 5233.4170000000003711, 0, 5233.4170000000003711, 0, 5233.4170000000003711, 0, 5233.4030000000002474, 0, 5233.4170000000003711, 0, 5233.4170000000003711, 0, 5233.4170000000003711, 81.127521936120956525, 5233.4030000000002474, 1, 5233.4170000000003711, 9.5811452840650481733, 5233.4170000000003711, 9.9138736993941023457
5233.4219999999995707, 95.291546958573931647, 5233.4080000000003565, 1, 5233.4219999999995707, -11.555493248100058068, 5233.4219999999995707, 28.239967958004910997, 5233.4219999999995707, 0, 5233.4080000000003565, 0, 5233.4219999999995707, 0, 5233.4219999999995707, 0, 5233.4219999999995707, 0, 5233.4080000000003565, 0, 5233.4219999999995707, 0, 5233.4219999999995707, 0, 5233.4219999999995707, 49.549586906213747284, 5233.4080000000003565, 1, 5233.4219999999995707, 3.4006922981352381008, 5233.4219999999995707, 23.18692485007095172
5233.4269999999996799, 89.988952347520225317, 5233.4129999999995562, 1, 5233.4269999999996799, -11.564006080226455708, 5233.4269999999996799, 37.896844769701644395, 5233.4269999999996799, 0, 5233.4129999999995562, 0, 5233.4269999999996799, 0, 5233.4269999999996799, 0, 5233.4269999999996799, 0, 5233.4129999999995562, 0, 5233.4269999999996799, 0, 5233.4269999999996799, 0, 5233.4269999999996799, 42.620774637712990796, 5233.4129999999995562, 1, 5233.4269999999996799, -1.830565967860225518, 5233.4269999999996799, 26.032389437013534916
5233.431999999999789, 86.404086159412116785, 5233.4179999999996653, 1, 5233.431999999999789, -9.8438782558612789586, 5233.431999999999789, 42.101399309431727147, 5233.431999999999789, 0, 5233.4179999999996653, 0, 5233.431999999999789, 0, 5233.431999999999789, 0, 5233.431999999999789, 0, 5233.4179999999996653, 0, 5233.431999999999789, 0, 5233.431999999999789, 0, 5233.431999999999789, 48.633607498177042316, 5233.4179999999996653, 1, 5233.431999999999789, 1.0639625378908488251, 5233.431999999999789, 29.540881340285519485
5233.4369999999998981, 80.458327130224262191, 5233.4229999999997744, 1, 5233.4369999999998981, -9.8539490268620291147, 5233.4369999999998981, 47.642559595658497074, 5233.4369999999998981, 0, 5233.4229999999997744, 0, 5233.4369999999998981, 0, 5233.4369999999998981, 0, 5233.4369999999998981, 0, 5233.4229999999997744, 0, 5233.4369999999998981, 0, 5233.4369999999998981, 0, 5233.4369999999998981, 59.286716468169011307, 5233.4229999999997744, 1, 5233.4369999999998981, 0.2801610344304024669, 5233.4369999999998981, 39.458300652996157964
5233.4420000000000073, 77.782382703732025675, 5233.4290000000000873, 1, 5233.4420000000000073, -6.8799521528501461631, 5233.4420000000000073, 48.289795676209436692, 5233.4420000000000073, 0, 5233.4290000000000873, 0, 5233.4420000000000073, 0, 5233.4420000000000073, 0, 5233.4420000000000073, 0, 5233.4290000000000873, 0, 5233.4420000000000073, 0, 5233.4420000000000073, 0, 5233.4420000000000073, 74.061206300935680247, 5233.4290000000000873, 1, 5233.4420000000000073, 5.3979363375983862028, 5233.4420000000000073, 44.057096711024883007
5233.4470000000001164, 75.910119695119945504, 5233.4329999999999927, 1, 5233.4470000000001164, -6.1025444791214882301, 5233.4470000000001164, 47.63811320423248219, 5233.4470000000001164, 0, 5233.4329999999999927, 0, 5233.4470000000001164, 0, 5233.4470000000001164, 0, 5233.4470000000001164, 0, 5233.4329999999999927, 0, 5233.4470000000001164, 0, 5233.4470000000001164, 0, 5233.4470000000001164, 93.414719865344778782, 5233.4329999999999927, 1, 5233.4470000000001164, 6.4683828681101758207, 5233.4470000000001164, 43.188323812269288737
5233.4520000000002256, 75.819763467674206936, 5233.4380000000001019, 1, 5233.4520000000002256, -2.1358262753513770349, 5233.4520000000002256, 47.281953564445700522, 5233.4520000000002256, 0, 5233.4380000000001019, 0, 5233.4520000000002256, 0, 5233.4520000000002256, 0, 5233.4520000000002256, 0, 5233.4380000000001019, 0, 5233.4520000000002256, 0, 5233.4520000000002256, 0, 5233.4520000000002256, 104.76594664935080914, 5233.4380000000001019, 1, 5233.4520000000002256, 12.027644224797251482, 5233.4520000000002256, 43.584982076996752198
5233.4570000000003347, 75.519321916239391612, 5233.443000000000211, 1, 5233.4570000000003347, -1.7568442230756606826, 5233.4570000000003347, 46.031956464854964395, 5233.4570000000003347, 0, 5233.443000000000211, 0, 5233.4570000000003347, 0, 5233.4570000000003347, 0, 5233.4570000000003347, 0, 5233.443000000000211, 0, 5233.4570000000003347, 0, 5233.4570000000003347, 0, 5233.4570000000003347, 118.6700079784442039, 5233.443000000000211, 1, 5233.4570000000003347, 11.956633558252953264, 5233.4570000000003347, 43.10524347834213188
5233.4629999999997381, 76.346781701771675444, 5233.4480000000003201, 1, 5233.4629999999997381, 1.8018398305528231518, 5233.4629999999997381, 45.381529645362746805, 5233.4629999999997381, 0, 5233.4480000000003201, 0, 5233.4629999999997381, 0, 5233.4629999999997381, 0, 5233.4629999999997381, 0, 5233.4480000000003201, 0, 5233.4629999999997381, 0, 5233.4629999999997381, 0, 5233.4629999999997381, 126.1809565571620908, 5233.4480000000003201, 1, 5233.4629999999997381, 15.11675068034584335, 5233.4629999999997381, 43.53889444766819139
5233.4669999999996435, 76.658336153387068634, 5233.4539999999997235, 1, 5233.4669999999996435, 2.7333847333528265011, 5233.4669999999996435, 44.442127194382578637, 5233.4669999999996435, 0, 5233.4539999999997235, 0, 5233.4669999999996435, 0, 5233.4669999999996435, 0, 5233.4669999999996435, 0, 5233.4539999999997235, 0, 5233.4669999999996435, 0, 5233.4669999999996435, 0, 5233.4669999999996435, 133.0860400815241178, 5233.4539999999997235, 1, 5233.4669999999996435, 14.935842151716858694, 5233.4669999999996435, 43.6847709106805695
5233.4719999999997526, 77.338714139340780207, 5233.4579999999996289, 1, 5233.4719999999997526, 4.9908636346657164751, 5233.4719999999997526, 43.248139319440895179, 5233.4719999999997526, 0, 5233.4579999999996289, 0, 5233.4719999999997526, 0, 5233.4719999999997526, 0, 5233.4719999999997526, 0, 5233.4579999999996289, 0, 5233.4719999999997526, 0, 5233.4719999999997526, 0, 5233.4719999999997526, 139.9151476184679268, 5233.4579999999996289, 1, 5233.4719999999997526, 15.745307924076437089, 5233.4719999999997526, 43.661676493612112893
5233.4769999999998618, 77.629886783389196125, 5233.4629999999997381, 1, 5233.4769999999998618, 6.5951016616593332031, 5233.4769999999998618, 42.138793814281100936, 5233.4769999999998618, 0, 5233.4629999999997381, 0, 5233.4769999999998618, 0, 5233.4769999999998618, 0, 5233.4769999999998618, 0, 5233.4629999999997381, 0, 5233.4769999999998618, 0, 5233.4769999999998618, 0, 5233.4769999999998618, 144.07953808011063757, 5233.4629999999997381, 1, 5233.4769999999998618, 15.854489245661802954, 5233.4769999999998618, 43.753540299298371963
5233.4819999999999709, 80.394034237907987972, 5233.4679999999998472, 1, 5233.4819999999999709, 6.7808913874590235338, 5233.4819999999999709, 36.25884216694707618, 5233.4819999999999709, 0, 5233.4679999999998472, 0, 5233.4819999999999709, 0, 5233.4819999999999709, 0, 5233.4819999999999709, 0, 5233.4679999999998472, 0, 5233.4819999999999709, 0, 5233.4819999999999709, 0, 5233.4819999999999709, 147.56127673398933098, 5233.4679999999998472, 1, 5233.4819999999999709, 17.185030588893759784, 5233.4819999999999709, 36.835527136754123489
5233.4930000000003929, 75.931707154020955386, 5233.4729999999999563, 1, 5233.4930000000003929, 9.8351318535122942421, 5233.4930000000003929, 46.424915611652330938, 5233.4930000000003929, 0, 5233.4729999999999563, 0, 5233.4930000000003929, 0, 5233.4930000000003929, 0, 5233.4930000000003929, 0, 5233.4729999999999563, 0, 5233.4930000000003929, 0, 5233.4930000000003929, 0, 5233.4930000000003929, 144.8497795150896934, 5233.4729999999999563, 1, 5233.4930000000003929, 14.94338794167214779, 5233.4930000000003929, 56.32179294329756658
5233.4970000000002983, 74.379680883674069491, 5233.4790000000002692, 1, 5233.4970000000002983, 11.437405951875351917, 5233.4970000000002983, 43.405871867106299078, 5233.4970000000002983, 0, 5233.4790000000002692, 0, 5233.4970000000002983, 0, 5233.4970000000002983, 0, 5233.4970000000002983, 0, 5233.4790000000002692, 0, 5233.4970000000002983, 0, 5233.4970000000002983, 0, 5233.4970000000002983, 153.75154738220089712, 5233.4790000000002692, 1, 5233.4970000000002983, 15.057201984833985975, 5233.4970000000002983, 55.242242957294493522
5233.4970000000002983, 75.579182118647281641, 5233.4830000000001746, 1, 5233.4970000000002983, 12.950403778543183364, 5233.4970000000002983, 42.284868916430596641, 5233.4970000000002983, 0, 5233.4830000000001746, 0, 5233.4970000000002983, 0, 5233.4970000000002983, 0, 5233.4970000000002983, 0, 5233.4830000000001746, 0, 5233.4970000000002983, 0, 5233.4970000000002983, 0, 5233.4970000000002983, 152.0395999425875857, 5233.4830000000001746, 1, 5233.4970000000002983, 13.840134901184438121, 5233.4970000000002983, 55.110742980740184294
5233.5020000000004075, 75.422555947434304358, 5233.4880000000002838, 1, 5233.5020000000004075, 13.763622164811337711, 5233.5020000000004075, 40.93689256173178137, 5233.5020000000004075, 0, 5233.4880000000002838, 0, 5233.5020000000004075, 0, 5233.5020000000004075, 0, 5233.5020000000004075, 0, 5233.4880000000002838, 0, 5233.5020000000004075, 0, 5233.5020000000004075, 0, 5233.5020000000004075, 151.35672805535222096, 5233.4880000000002838, 1, 5233.5020000000004075, 12.16641350395832788, 5233.5020000000004075, 54.631114842270491749
5233.5069999999996071, 76.9808353418820559, 5233.4930000000003929, 1, 5233.5069999999996071, 15.565228714150517675, 5233.5069999999996071, 38.890306069274551248, 5233.5069999999996071, 0, 5233.4930000000003929, 0, 5233.5069999999996071, 0, 5233.5069999999996071, 0, 5233.5069999999996071, 0, 5233.4930000000003929, 0, 5233.5069999999996071, 0, 5233.5069999999996071, 0, 5233.5069999999996071, 154.99216136751670092, 5233.4930000000003929, 1, 5233.5069999999996071, 12.668592784226545334, 5233.5069999999996071, 53.94268760034237431
5233.5119999999997162, 75.989377941834135299, 5233.5020000000004075, 1, 5233.5119999999997162, 16.392954291772738884, 5233.5119999999997162, 36.250495970571954274, 5233.5119999999997162, 0, 5233.5020000000004075, 0, 5233.5119999999997162, 0, 5233.5119999999997162, 0, 5233.5119999999997162, 0, 5233.5020000000004075, 0, 5233.5119999999997162, 0, 5233.5119999999997162, 0, 5233.5119999999997162, 157.84488133776142149, 5233.5020000000004075, 1, 5233.5119999999997162, 11.543398442141691973, 5233.5119999999997162, 52.326528807484258721
5233.5169999999998254, 77.637373308670362348, 5233.5029999999997017, 1, 5233.5169999999998254, 17.311986115966877975, 5233.5169999999998254, 34.717678137306535291, 5233.5169999999998254, 0, 5233.5029999999997017, 0, 5233.5169999999998254, 0, 5233.5169999999998254, 0, 5233.5169999999998254, 0, 5233.5029999999997017, 0, 5233.5169999999998254, 0, 5233.5169999999998254, 0, 5233.5169999999998254, 155.27653538691077983, 5233.5029999999997017, 1, 5233.5169999999998254, 9.9626967089379228071, 5233.5169999999998254, 51.454621432127389369
5233.5219999999999345, 79.398638172388672274, 5233.5079999999998108, 1, 5233.5219999999999345, 17.907456619255732733, 5233.5219999999999345, 33.144467962675172146, 5233.5219999999999345, 0, 5233.5079999999998108, 0, 5233.5219999999999345, 0, 5233.5219999999999345, 0, 5233.5219999999999345, 0, 5233.5079999999998108, 0, 5233.5219999999999345, 0, 5233.5219999999999345, 0, 5233.5219999999999345, 153.04697644148993163, 5233.5079999999998108, 1, 5233.5219999999999345, 8.6232595986208728789, 5233.5219999999999345, 50.464995557930322434
5233.5270000000000437, 75.142473770360084018, 5233.51299999999992, 1, 5233.5270000000000437, 8.581313615329641209, 5233.5270000000000437, 43.529411427860850381, 5233.5270000000000437, 0, 5233.51299999999992, 0, 5233.5270000000000437, 0, 5233.5270000000000437, 0, 5233.5270000000000437, 337.59249683357654703, 5233.51299999999992, 0, 5233.5270000000000437, -58.420890019895615808, 5233.5270000000000437, -67.52971256810047862, 5233.5270000000000437, 112.30084685483947737, 5233.51299999999992, 1, 5233.5270000000000437, -12.090538708989674532, 5233.5270000000000437, 60.078670972548373186
5233.5370000000002619, 71.642001696788668141, 5233.5180000000000291, 1, 5233.5370000000002619, -3.1090210111963640927, 5233.5370000000002619, 44.109794606145172224, 5233.5370000000002619, 0, 5233.5180000000000291, 0, 5233.5370000000002619, 0, 5233.5370000000002619, 0, 5233.5370000000002619, 267.54128264437991902, 5233.5180000000000291, 0, 5233.5370000000002619, -71.883340082458090592, 5233.5370000000002619, -55.825899035788637548, 5233.5370000000002619, 46.295776938727662753, 5233.5180000000000291, 1, 5233.5370000000002619, -25.498888319140469605, 5233.5370000000002619, 31.072153107483316603
5233.5420000000003711, 67.88271127925541748, 5233.5230000000001382, 1, 5233.5420000000003711, -4.2078392431470001966, 5233.5420000000003711, 42.57794495435351223, 5233.5420000000003711, 0, 5233.5230000000001382, 0, 5233.5420000000003711, 0, 5233.5420000000003711, 0, 5233.5420000000003711, 140.97455765522610704, 5233.5230000000001382, 0, 5233.5420000000003711, -49.248468576794827811, 5233.5420000000003711, 19.636128538901836293, 5233.5420000000003711, 29.642725888852204719, 5233.5230000000001382, 1, 5233.5420000000003711, -18.088632123162344811, 5233.5420000000003711, 19.542886579444150641
5233.5469999999995707, 57.073568929174115283, 5233.5280000000002474, 1, 5233.5469999999995707, -0.24660245493323418309, 5233.5469999999995707, 34.914310584176149632, 5233.5469999999995707, 0, 5233.5280000000002474, 0, 5233.5469999999995707, 0, 5233.5469999999995707, 0, 5233.5469999999995707, 119.67267592820846289, 5233.5280000000002474, 0, 5233.5469999999995707, -40.71815004188331244, 5233.5469999999995707, 46.799970827206401225, 5233.5469999999995707, 36.837453174537280631, 5233.5280000000002474, 1, 5233.5469999999995707, -20.146319033287511502, 5233.5469999999995707, 23.39527962851609999
5233.5469999999995707, 50.697849267198890288, 5233.5330000000003565, 1, 5233.5469999999995707, 3.6877192394092266348, 5233.5469999999995707, 30.065086295725620857, 5233.5469999999995707, 0, 5233.5330000000003565, 1, 5233.5469999999995707, 0, 5233.5469999999995707, 0, 5233.5469999999995707, 89.549285384834433899, 5233.5330000000003565, 1, 5233.5469999999995707, -29.648747181260386441, 5233.5469999999995707, 37.085920553033147939, 5233.5469999999995707, 42.546161514614396992, 5233.5330000000003565, 1, 5233.5469999999995707, -16.041883685343957922, 5233.5469999999995707, 25.78477946244839103
5233.5519999999996799, 52.803531474931361345, 5233.5379999999995562, 1, 5233.5519999999996799, 5.5412440602436934256, 5233.5519999999996799, 30.429936167806960867, 5233.5519999999996799, 0, 5233.5379999999995562, 1, 5233.5519999999996799, 0, 5233.5519999999996799, 0, 5233.5519999999996799, 63.516515344360286122, 5233.5379999999995562, 1, 5233.5519999999996799, -20.709082027176020091, 5233.5519999999996799, 27.060376245548905416, 5233.5519999999996799, 52.151352610493987072, 5233.5379999999995562, 1, 5233.5519999999996799, -10.078752862003716118, 5233.5519999999996799, 30.121191883473713347
5233.556999999999789, 53.102305338037524507, 5233.5429999999996653, 1, 5233.556999999999789, 6.1358849468448308784, 5233.556999999999789, 29.871788744864993248, 5233.556999999999789, 0, 5233.5429999999996653, 1, 5233.556999999999789, 0, 5233.556999999999789, 0, 5233.556999999999789, 56.929222704833136959, 5233.5429999999996653, 1, 5233.556999999999789, -17.283738030376312622, 5233.556999999999789, 18.342642630173862983, 5233.556999999999789, 65.045731049843439564, 5233.5429999999996653, 1, 5233.556999999999789, -5.3521719751515393071, 5233.556999999999789, 35.738319733616933149
5233.5619999999998981, 53.23603041656969026, 5233.5489999999999782, 1, 5233.5619999999998981, 5.7677302769896527934, 5233.5619999999998981, 29.37057549410415902, 5233.5619999999998981, 0, 5233.5489999999999782, 1, 5233.5619999999998981, 0, 5233.5619999999998981, 0, 5233.5619999999998981, 58.786976532718156818, 5233.5489999999999782, 1, 5233.5619999999998981, -17.226407774467286771, 5233.5619999999998981, 13.177618746477929079, 5233.5619999999998981, 75.04682282551353012, 5233.5489999999999782, 1, 5233.5619999999998981, -4.0872835715445035021, 5233.5619999999998981, 31.798553031092296806
5233.5670000000000073, 46.335820426201166811, 5233.5529999999998836, 1, 5233.5670000000000073, 8.3127880855912703595, 5233.5670000000000073, 39.484259483830633997, 5233.5670000000000073, 0, 5233.5529999999998836, 1, 5233.5670000000000073, 0, 5233.5670000000000073, 0, 5233.5670000000000073, 55.590401877044556045, 5233.5529999999998836, 1, 5233.5670000000000073, -15.428442567346255743, 5233.5670000000000073, 18.45819356606924444, 5233.5670000000000073, 70.596142538048511028, 5233.5529999999998836, 1, 5233.5670000000000073, -2.2955135714266106106, 5233.5670000000000073, 46.49354763101209187
5233.5720000000001164, 53.521850686442846268, 5233.5579999999999927, 1, 5233.5720000000001164, 5.0511210915954087852, 5233.5720000000001164, 33.147274281953976072, 5233.5720000000001164, 0, 5233.5579999999999927, 1, 5233.5720000000001164, 0, 5233.5720000000001164, 0, 5233.5720000000001164, 57.239564343174201611, 5233.5579999999999927, 1, 5233.5720000000001164, -15.549948101656209332, 5233.5720000000001164, 9.7379827465958008759, 5233.5720000000001164, 79.038550687029555775, 5233.5579999999999927, 1, 5233.5720000000001164, -1.4231167168061931161, 5233.5720000000001164, 34.456521988285466307
5233.5820000000003347, 55.172762771513717439, 5233.5630000000001019, 1, 5233.5820000000003347, 5.436210190131155251, 5233.5820000000003347, 32.927911544987559012, 5233.5820000000003347, 0, 5233.5630000000001019, 1, 5233.5820000000003347, 0, 5233.5820000000003347, 0, 5233.5820000000003347, 56.513651453135288705, 5233.5630000000001019, 1, 5233.5820000000003347, -14.078119615230425765, 5233.5820000000003347, 7.3773552372624244811, 5233.5820000000003347, 79.337981848371811111, 5233.5630000000001019, 1, 5233.5820000000003347, 1.4772107325939860534, 5233.5820000000003347, 32.827968466105403422
5233.5820000000003347, 57.380349450374048104, 5233.568000000000211, 1, 5233.5820000000003347, 3.4619507136831471072, 5233.5820000000003347, 32.07967187571043155, 5233.5820000000003347, 0, 5233.568000000000211, 1, 5233.5820000000003347, 0, 5233.5820000000003347, 0, 5233.5820000000003347, 55.786036921997464333, 5233.568000000000211, 1, 5233.5820000000003347, -14.967610279042840915, 5233.5820000000003347, 6.3536686709135281603, 5233.5820000000003347, 79.265832484096534927, 5233.568000000000211, 1, 5233.5820000000003347, -0.99919499431849767568, 5233.5820000000003347, 31.661473987800356156
5233.5870000000004438, 59.744549271616939734, 5233.5730000000003201, 1, 5233.5870000000004438, 3.4473275034546801976, 5233.5870000000004438, 30.93877638828639931, 5233.5870000000004438, 0, 5233.5730000000003201, 1, 5233.5870000000004438, 0, 5233.5870000000004438, 0, 5233.5870000000004438, 55.34756830812970918, 5233.5730000000003201, 1, 5233.5870000000004438, -13.659344746448859098, 5233.5870000000004438, 4.4723735196849752072, 5233.5870000000004438, 78.577274668444943018, 5233.5730000000003201, 1, 5233.5870000000004438, 1.6115057408938229244, 5233.5870000000004438, 30.087344944214976294
5233.5919999999996435, 62.687841028001628274, 5233.5780000000004293, 1, 5233.5919999999996435, 1.2275019780990148455, 5233.5919999999996435, 30.232485186660124299, 5233.5919999999996435, 0, 5233.5780000000004293, 1, 5233.5919999999996435, 0, 5233.5919999999996435, 0, 5233.5919999999996435, 54.171207183953747233, 5233.5780000000004293, 1, 5233.5919999999996435, -14.518325297730456214, 5233.5919999999996435, 3.8569381296102775991, 5233.5919999999996435, 77.885131869511184277, 5233.5780000000004293, 1, 5233.5919999999996435, -1.0252108113973106285, 5233.5919999999996435, 28.99577480391400286
5233.6019999999998618, 56.852505927513846018, 5233.5829999999996289, 1, 5233.6019999999998618, 2.845272138396513828, 5233.6019999999998618, 41.703741002589453046, 5233.6019999999998618, 0, 5233.5829999999996289, 1, 5233.6019999999998618, 0, 5233.6019999999998618, 0, 5233.6019999999998618, 52.197628758271520155, 5233.5829999999996289, 1, 5233.6019999999998618, -13.765230685328381455, 5233.6019999999998618, 11.258091410891264417, 5233.6019999999998618, 68.348920547196186703, 5233.5829999999996289, 1, 5233.6019999999998618, -1.2426353655962438793, 5233.6019999999998618, 42.491961915938837535
5233.6019999999998618, 58.869872921848930503, 5233.5879999999997381, 1, 5233.6019999999998618, 1.9324542953184122851, 5233.6019999999998618, 41.12614178158767686, 5233.6019999999998618, 0, 5233.5879999999997381, 1, 5233.6019999999998618, 0, 5233.6019999999998618, 0, 5233.6019999999998618, 51.105356620035436777, 5233.5879999999997381, 1, 5233.6019999999998618, -14.623855954535885715, 5233.6019999999998618, 10.542318151828723671, 5233.6019999999998618, 67.545728599825338279, 5233.5879999999997381, 1, 5233.6019999999998618, -3.9112455307235323154, 5233.6019999999998618, 41.158302552961636422
5233.61200000000008, 52.76901552218171787, 5233.5929999999998472, 1, 5233.61200000000008, 3.0612072070699829496, 5233.61200000000008, 31.106472567216567171, 5233.61200000000008, 0, 5233.5929999999998472, 1, 5233.61200000000008, 0, 5233.61200000000008, 0, 5233.61200000000008, 50.467774659335020715, 5233.5929999999998472, 1, 5233.61200000000008, -13.341535906357739449, 5233.61200000000008, 9.7703842639129270253, 5233.61200000000008, 56.247558895368371168, 5233.5929999999998472, 1, 5233.61200000000008, -3.8166264831641201205, 5233.61200000000008, 29.486771662277561745
5233.61200000000008, 65.006635717080484937, 5233.5979999999999563, 1, 5233.61200000000008, -0.80658738448036448876, 5233.61200000000008, 42.804952884874786889, 5233.61200000000008, 0, 5233.5979999999999563, 1, 5233.61200000000008, 0, 5233.61200000000008, 0, 5233.61200000000008, 48.777295285998548025, 5233.5979999999999563, 1, 5233.61200000000008, -14.486063002830180224, 5233.61200000000008, 10.297025913895190286, 5233.61200000000008, 60.210323183450057627, 5233.5979999999999563, 1, 5233.61200000000008, -4.9715318486641084661, 5233.61200000000008, 38.84025894588735639
5233.6220000000002983, 34.436112245686956612, 5233.6030000000000655, 1, 5233.6220000000002983, 2.5481480037058079624, 5233.6220000000002983, 27.667033440503288944, 5233.6220000000002983, 0, 5233.6030000000000655, 1, 5233.6220000000002983, 0, 5233.6220000000002983, 0, 5233.6220000000002983, 65.333225775900899635, 5233.6030000000000655, 1, 5233.6220000000002983, -17.454399215945603174, 5233.6220000000002983, 1.965109279097013939, 5233.6220000000002983, 46.394922568614077818, 5233.6030000000000655, 1, 5233.6220000000002983, -7.6180877444486903016, 5233.6220000000002983, 37.954469164538664927
5233.6220000000002983, 1.8093984327417858005, 5233.6080000000001746, 0, 5233.6220000000002983, 1.2339322446690610402, 5233.6220000000002983, 1.3337776963856455836, 5233.6220000000002983, 0, 5233.6080000000001746, 1, 5233.6220000000002983, 0, 5233.6220000000002983, 0, 5233.6220000000002983, 79.985216865280108323, 5233.6080000000001746, 1, 5233.6220000000002983, -18.416034740365194722, 5233.6220000000002983, -2.2348333363930450446, 5233.6220000000002983, 10.839986222666887272, 5233.6080000000001746, 0, 5233.6220000000002983, -7.6894082432921697645, 5233.6220000000002983, 9.1649499615081602144
5233.6270000000004075, 0, 5233.6130000000002838, 0, 5233.6270000000004075, 0, 5233.6270000000004075, 0, 5233.6270000000004075, 0, 5233.6130000000002838, 1, 5233.6270000000004075, 0, 5233.6270000000004075, 0, 5233.6270000000004075, 81.159879813202877585, 5233.6130000000002838, 1, 5233.6270000000004075, -18.730011901542642505, 5233.6270000000004075, -0.37662333037381046097, 5233.6270000000004075, 0, 5233.6130000000002838, 0, 5233.6270000000004075, 0, 5233.6270000000004075, 0
5233.6319999999996071, 0, 5233.6180000000003929, 0, 5233.6319999999996071, 0, 5233.6319999999996071, 0, 5233.6319999999996071, 0, 5233.6180000000003929, 1, 5233.6319999999996071, 0, 5233.6319999999996071, 0, 5233.6319999999996071, 80.938504668075736959, 5233.6180000000003929, 1, 5233.6319999999996071, -20.346605353113751846, 5233.6319999999996071, 2.3642335647543859523, 5233.6319999999996071, 0, 5233.6180000000003929, 0, 5233.6319999999996071, 0, 5233.6319999999996071, 0
5233.6369999999997162, 0, 5233.6229999999995925, 0, 5233.6369999999997162, 0, 5233.6369999999997162, 0, 5233.6369999999997162, 0, 5233.6229999999995925, 1, 5233.6369999999997162, 0, 5233.6369999999997162, 0, 5233.6369999999997162, 78.124762528934780903, 5233.6229999999995925, 1, 5233.6369999999997162, -23.094067929577320797, 5233.6369999999997162, 6.3027972760352426462, 5233.6369999999997162, 0, 5233.6229999999995925, 0, 5233.6369999999997162, 0, 5233.6369999999997162, 0
5233.6459999999997308, 0, 5233.6279999999997017, 0, 5233.6459999999997308, 0, 5233.6459999999997308, 0, 5233.6459999999997308, 0, 5233.6279999999997017, 1, 5233.6459999999997308, 0, 5233.6459999999997308, 0, 5233.6459999999997308, 79.791312305234868063, 5233.6279999999997017, 1, 5233.6459999999997308, -23.567851513008562847, 5233.6459999999997308, 12.668549753643837619, 5233.6459999999997308, 0, 5233.6279999999997017, 0, 5233.6459999999997308, 0, 5233.6459999999997308, 0
5233.6459999999997308, 0, 5233.6329999999998108, 0, 5233.6459999999997308, 0, 5233.6459999999997308, 0, 5233.6459999999997308, 131.96137678593026976, 5233.6329999999998108, 1, 5233.6459999999997308, 7.5894827304796619316, 5233.6459999999997308, -31.488619922174947874, 5233.6459999999997308, 75.557419649695717112, 5233.6329999999998108, 1, 5233.6459999999997308, -22.400263045669408513, 5233.6459999999997308, 17.1676192169251145, 5233.6459999999997308, 0, 5233.6329999999998108, 0, 5233.6459999999997308, 0, 5233.6459999999997308, 0
5233.6509999999998399, 0, 5233.63799999999992, 0, 5233.6509999999998399, 0, 5233.6509999999998399, 0, 5233.6509999999998399, 137.61619942612037448, 5233.63799999999992, 1, 5233.6509999999998399, 20.248933379541568911, 5233.6509999999998399, -27.977606450132206817, 5233.6509999999998399, 86.958887855587676086, 5233.63799999999992, 1, 5233.6509999999998399, -12.738592103420728563, 5233.6509999999998399, 15.021580229220539593, 5233.6509999999998399, 0, 5233.63799999999992, 0, 5233.6509999999998399, 0, 5233.6509999999998399, 0
5233.6570000000001528, 0, 5233.6430000000000291, 0, 5233.6570000000001528, 0, 5233.6570000000001528, 0, 5233.6570000000001528, 136.09789867313796208, 5233.6430000000000291, 1, 5233.6570000000001528, 22.365610555563677053, 5233.6570000000001528, -26.709418270251539695, 5233.6570000000001528, 81.549416250572733134, 5233.6430000000000291, 1, 5233.6570000000001528, -10.566561622038797452, 5233.6570000000001528, 17.749031268826367835, 5233.6570000000001528, 0, 5233.6430000000000291, 0, 5233.6570000000001528, 0, 5233.6570000000001528, 0
5233.6610000000000582, 0, 5233.6480000000001382, 0, 5233.6610000000000582, 0, 5233.6610000000000582, 0, 5233.6610000000000582, 137.4836694303780007, 5233.6480000000001382, 1, 5233.6610000000000582, 23.76405744705235179, 5233.6610000000000582, -27.101168095316651829, 5233.6610000000000582, 83.588198724010396745, 5233.6480000000001382, 1, 5233.6610000000000582, -5.432242813090080169, 5233.6610000000000582, 17.748283876342476617, 5233.6610000000000582, 0, 5233.6480000000001382, 0, 5233.6610000000000582, 0, 5233.6610000000000582, 0
5233.6679999999996653, 0, 5233.6530000000002474, 0, 5233.6679999999996653, 0, 5233.6679999999996653, 0, 5233.6679999999996653, 136.80383748653525799, 5233.6530000000002474, 1, 5233.6679999999996653, 23.687927713470759983, 5233.6679999999996653, -25.980235116320201882, 5233.6679999999996653, 76.801278388585387802, 5233.6530000000002474, 1, 5233.6679999999996653, -5.32996931580146871, 5233.6679999999996653, 20.699015185143604612, 5233.6679999999996653, 0, 5233.6530000000002474, 0, 5233.6679999999996653, 0, 5233.6679999999996653, 0
5233.6710000000002765, 0, 5233.6580000000003565, 0, 5233.6710000000002765, 0, 5233.6710000000002765, 0, 5233.6710000000002765, 137.40536707218407741, 5233.6580000000003565, 1, 5233.6710000000002765, 23.834514120174095098, 5233.6710000000002765, -26.390759303847168837, 5233.6710000000002765, 79.14784998290411977, 5233.6580000000003565, 1, 5233.6710000000002765, -1.6904975319452173466, 5233.6710000000002765, 20.429369370087361091, 5233.6710000000002765, 0, 5233.6580000000003565, 0, 5233.6710000000002765, 0, 5233.6710000000002765, 0
5233.6760000000003856, 0, 5233.6629999999995562, 0, 5233.6760000000003856, 0, 5233.6760000000003856, 0, 5233.6760000000003856, 136.79814419255276903, 5233.6629999999995562, 1, 5233.6760000000003856, 23.013107213850560129, 5233.6760000000003856, -18.425498070005097873, 5233.6760000000003856, 73.003338148417526554, 5233.6629999999995562, 1, 5233.6760000000003856, -2.5685403320021658047, 5233.6760000000003856, 26.40176969070854085, 5233.6760000000003856, 0, 5233.6629999999995562, 0, 5233.6760000000003856, 0, 5233.6760000000003856, 0
5233.6809999999995853, 0, 5233.6679999999996653, 0, 5233.6809999999995853, 0, 5233.6809999999995853, 0, 5233.6809999999995853, 137.35172755542896539, 5233.6679999999996653, 1, 5233.6809999999995853, 22.995642895878855683, 5233.6809999999995853, -18.813758401587591607, 5233.6809999999995853, 75.793072050554627594, 5233.6679999999996653, 1, 5233.6809999999995853, 0.35733826019360359627, 5233.6809999999995853, 26.096051704495071277, 5233.6809999999995853, 0, 5233.6679999999996653, 0, 5233.6809999999995853, 0, 5233.6809999999995853, 0
5233.6859999999996944, 0, 5233.6729999999997744, 0, 5233.6859999999996944, 0, 5233.6859999999996944, 0, 5233.6859999999996944, 135.22451690568675531, 5233.6729999999997744, 1, 5233.6859999999996944, 21.936484579292969244, 5233.6859999999996944, -18.063669418057095584, 5233.6859999999996944, 71.581749947453587879, 5233.6729999999997744, 1, 5233.6859999999996944, -0.86132068065852451788, 5233.6859999999996944, 27.733675251680356411, 5233.6859999999996944, 0, 5233.6729999999997744, 0, 5233.6859999999996944, 0, 5233.6859999999996944, 0
5233.6970000000001164, 0, 5233.6779999999998836, 0, 5233.6970000000001164, 0, 5233.6970000000001164, 0, 5233.6970000000001164, 135.04671631466197823, 5233.6779999999998836, 1, 5233.6970000000001164, 21.689805275551872654, 5233.6970000000001164, -18.577122596926166409, 5233.6970000000001164, 75.473998373961478592, 5233.6779999999998836, 1, 5233.6970000000001164, 1.4595211865309063448, 5233.6970000000001164, 27.015210447078704448, 5233.6970000000001164, 0, 5233.6779999999998836, 0, 5233.6970000000001164, 0, 5233.6970000000001164, 0
5233.6970000000001164, 0, 5233.6829999999999927, 0, 5233.6970000000001164, 0, 5233.6970000000001164, 0, 5233.6970000000001164, 132.66759450106542317, 5233.6829999999999927, 1, 5233.6970000000001164, 20.549818561916115556, 5233.6970000000001164, -17.982925492426751646, 5233.6970000000001164, 72.420478914709150331, 5233.6829999999999927, 1, 5233.6970000000001164, -0.096324591967443168317, 5233.6970000000001164, 28.256604601926596843, 5233.6970000000001164, 0, 5233.6829999999999927, 0, 5233.6970000000001164, 0, 5233.6970000000001164, 0
5233.7020000000002256, 0, 5233.6880000000001019, 0, 5233.7020000000002256, 0, 5233.7020000000002256, 0, 5233.7020000000002256, 131.99327578238370506, 5233.6880000000001019, 1, 5233.7020000000002256, 20.120841252782405206, 5233.7020000000002256, -18.647743340741371298, 5233.7020000000002256, 77.262001165936979419, 5233.6880000000001019, 1, 5233.7020000000002256, 1.7190156014417723451, 5233.7020000000002256, 27.152687209664083667, 5233.7020000000002256, 0, 5233.6880000000001019, 0, 5233.7020000000002256, 0, 5233.7020000000002256, 0
5233.7070000000003347, 0, 5233.693000000000211, 0, 5233.7070000000003347, 0, 5233.7070000000003347, 0, 5233.7070000000003347, 130.29241263036192322, 5233.693000000000211, 1, 5233.7070000000003347, 19.191512959691621631, 5233.7070000000003347, -18.027836502625739001, 5233.7070000000003347, 74.080036680918070147, 5233.693000000000211, 1, 5233.7070000000003347, 0.18035520420448691858, 5233.7070000000003347, 28.437125445726348261, 5233.7070000000003347, 0, 5233.693000000000211, 0, 5233.7070000000003347, 0, 5233.7070000000003347, 0
5233.7120000000004438, 0, 5233.6980000000003201, 0, 5233.7120000000004438, 0, 5233.7120000000004438, 0, 5233.7120000000004438, 128.86952139945310591, 5233.6980000000003201, 1, 5233.7120000000004438, 18.420865609152354381, 5233.7120000000004438, -18.488037894199891298, 5233.7120000000004438, 79.69553335083719503, 5233.6980000000003201, 1, 5233.7120000000004438, 1.5539066164174264451, 5233.7120000000004438, 26.966542226590529907, 5233.7120000000004438, 0, 5233.6980000000003201, 0, 5233.7120000000004438, 0, 5233.7120000000004438, 0
5233.7160000000003492, 0, 5233.7030000000004293, 0, 5233.7160000000003492, 0, 5233.7160000000003492, 0, 5233.7160000000003492, 127.25429373535708066, 5233.7030000000004293, 1, 5233.7160000000003492, 17.703944573242402782, 5233.7160000000003492, -18.681979794544943729, 5233.7160000000003492, 77.527177600519507905, 5233.7030000000004293, 1, 5233.7160000000003492, -0.11013276447182640538, 5233.7160000000003492, 27.877861413324708906, 5233.7160000000003492, 0, 5233.7030000000004293, 0, 5233.7160000000003492, 0, 5233.7160000000003492, 0
5233.7209999999995489, 0, 5233.7079999999996289, 0, 5233.7209999999995489, 0, 5233.7209999999995489, 0, 5233.7209999999995489, 126.57604407796230817, 5233.7079999999996289, 1, 5233.7209999999995489, 16.690670430372271937, 5233.7209999999995489, -10.42978731953151339, 5233.7209999999995489, 81.026805836527557858, 5233.7079999999996289, 1, 5233.7209999999995489, 0.98312353826202936169, 5233.7209999999995489, 32.05777301535791679, 5233.7209999999995489, 0, 5233.7079999999996289, 0, 5233.7209999999995489, 0, 5233.7209999999995489, 0
5233.725999999999658, 0, 5233.7129999999997381, 0, 5233.725999999999658, 0, 5233.725999999999658, 0, 5233.725999999999658, 124.99043592455106477, 5233.7129999999997381, 1, 5233.725999999999658, 15.972376975668586496, 5233.725999999999658, -10.132430648284397989, 5233.725999999999658, 78.827010699542483962, 5233.7129999999997381, 1, 5233.725999999999658, -0.59827853548101372905, 5233.725999999999658, 32.733789266326738243, 5233.725999999999658, 0, 5233.7129999999997381, 0, 5233.725999999999658, 0, 5233.725999999999658, 0
5233.7309999999997672, 0, 5233.7179999999998472, 0, 5233.7309999999997672, 0, 5233.7309999999997672, 0, 5233.7309999999997672, 123.57720254047319486, 5233.7179999999998472, 1, 5233.7309999999997672, 15.113389171973118152, 5233.7309999999997672, -11.096010371797362382, 5233.7309999999997672, 84.329820994342242102, 5233.7179999999998472, 1, 5233.7309999999997672, 0.37336221048481443852, 5233.7309999999997672, 31.518711158088031254, 5233.7309999999997672, 0, 5233.7179999999998472, 0, 5233.7309999999997672, 0, 5233.7309999999997672, 0
5233.7359999999998763, 0, 5233.7229999999999563, 0, 5233.7359999999998763, 0, 5233.7359999999998763, 0, 5233.7359999999998763, 122.17682275867349517, 5233.7229999999999563, 1, 5233.7359999999998763, 14.401299568365066861, 5233.7359999999998763, -10.789238741460586368, 5233.7359999999998763, 81.874787363653624084, 5233.7229999999999563, 1, 5233.7359999999998763, -1.1446318733120541822, 5233.7359999999998763, 32.186079429325076262, 5233.7359999999998763, 0, 5233.7229999999999563, 0, 5233.7359999999998763, 0, 5233.7359999999998763, 0
5233.7409999999999854, 0, 5233.7280000000000655, 0, 5233.7409999999999854, 0, 5233.7409999999999854, 0, 5233.7409999999999854, 119.66225432450067956, 5233.7280000000000655, 1, 5233.7409999999999854, 13.401138447013902777, 5233.7409999999999854, -11.923489546330422684, 5233.7409999999999854, 87.739103973131364, 5233.7280000000000655, 1, 5233.7409999999999854, -0.53688308766786940751, 5233.7409999999999854, 30.707123709103679943, 5233.7409999999999854, 0, 5233.7280000000000655, 0, 5233.7409999999999854, 0, 5233.7409999999999854, 0
5233.7470000000002983, 0, 5233.7330000000001746, 0, 5233.7470000000002983, 0, 5233.7470000000002983, 0, 5233.7470000000002983, 120.66006184045406258, 5233.7330000000001746, 1, 5233.7470000000002983, 12.926582633551408463, 5233.7470000000002983, -11.381580774929361155, 5233.7470000000002983, 84.300395826028264423, 5233.7330000000001746, 1, 5233.7470000000002983, -1.5045809908979690395, 5233.7470000000002983, 31.670257185741160555, 5233.7470000000002983, 0, 5233.7330000000001746, 0, 5233.7470000000002983, 0, 5233.7470000000002983, 0
5233.7510000000002037, 0, 5233.7409999999999854, 0, 5233.7510000000002037, 0, 5233.7510000000002037, 0, 5233.7510000000002037, 118.10282581767572196, 5233.7409999999999854, 1, 5233.7510000000002037, 13.065051184428975617, 5233.7510000000002037, -12.24678929809846295, 5233.7510000000002037, 88.676650920013230461, 5233.7409999999999854, 1, 5233.7510000000002037, 0.015927040705953375566, 5233.7510000000002037, 30.480569641844599715, 5233.7510000000002037, 0, 5233.7409999999999854, 0, 5233.7510000000002037, 0, 5233.7510000000002037, 0
5233.7560000000003129, 0, 5233.7439999999996871, 0, 5233.7560000000003129, 0, 5233.7560000000003129, 0, 5233.7560000000003129, 118.32831429421324287, 5233.7439999999996871, 1, 5233.7560000000003129, 10.47601897970367979, 5233.7560000000003129, -5.378724452014402857, 5233.7560000000003129, 84.204410513862569587, 5233.7439999999996871, 1, 5233.7560000000003129, -2.9972498248133261356, 5233.7560000000003129, 35.895031614034181189, 5233.7560000000003129, 0, 5233.7439999999996871, 0, 5233.7560000000003129, 0, 5233.7560000000003129, 0
5233.7619999999997162, 0, 5233.7479999999995925, 0, 5233.7619999999997162, 0, 5233.7619999999997162, 0, 5233.7619999999997162, 115.96858157190854399, 5233.7479999999995925, 1, 5233.7619999999997162, 13.205278579312851761, 5233.7619999999997162, -5.3326643201952421691, 5233.7619999999997162, 88.606279512987271119, 5233.7479999999995925, 1, 5233.7619999999997162, 0.82839959019207576318, 5233.7619999999997162, 35.602699213869442474, 5233.7619999999997162, 0, 5233.7479999999995925, 0, 5233.7619999999997162, 0, 5233.7619999999997162, 0
5233.7659999999996217, 0, 5233.7529999999997017, 0, 5233.7659999999996217, 0, 5233.7659999999996217, 0, 5233.7659999999996217, 116.82751017862491949, 5233.7529999999997017, 1, 5233.7659999999996217, 8.4605700746850622807, 5233.7659999999996217, -5.0906114622912355117, 5233.7659999999996217, 85.192690791569390285, 5233.7529999999997017, 1, 5233.7659999999996217, -3.9824806913474870562, 5233.7659999999996217, 36.1079089038864538, 5233.7659999999996217, 0, 5233.7529999999997017, 0, 5233.7659999999996217, 0, 5233.7659999999996217, 0
5233.7719999999999345, 0, 5233.7579999999998108, 0, 5233.7719999999999345, 0, 5233.7719999999999345, 0, 5233.7719999999999345, 113.7774152273446191, 5233.7579999999998108, 1, 5233.7719999999999345, 13.00029760715282201, 5233.7719999999999345, -5.963674683233634255, 5233.7719999999999345, 89.679284605934356023, 5233.7579999999998108, 1, 5233.7719999999999345, 1.1384028934394629928, 5233.7719999999999345, 35.107063944394496957, 5233.7719999999999345, 0, 5233.7579999999998108, 0, 5233.7719999999999345, 0, 5233.7719999999999345, 0
5233.7759999999998399, 0, 5233.76299999999992, 0, 5233.7759999999998399, 0, 5233.7759999999998399, 0, 5233.7759999999998399, 114.74389892115712541, 5233.76299999999992, 1, 5233.7759999999998399, 7.2105829576756974575, 5233.7759999999998399, -5.9522182816361066671, 5233.7759999999998399, 87.243431720689429199, 5233.76299999999992, 1, 5233.7759999999998399, -4.5634089961744574993, 5233.7759999999998399, 35.341722542420427544, 5233.7759999999998399, 0, 5233.76299999999992, 0, 5233.7759999999998399, 0, 5233.7759999999998399, 0
5233.7809999999999491, 0, 5233.7680000000000291, 0, 5233.7809999999999491, 0, 5233.7809999999999491, 0, 5233.7809999999999491, 111.8410303084551316, 5233.7680000000000291, 1, 5233.7809999999999491, 11.73121616883584295, 5233.7809999999999491, -6.8207318500473519407, 5233.7809999999999491, 91.373175961526087008, 5233.7680000000000291, 1, 5233.7809999999999491, 0.30794717465612098106, 5233.7809999999999491, 34.322009430086509951, 5233.7809999999999491, 0, 5233.7680000000000291, 0, 5233.7809999999999491, 0, 5233.7809999999999491, 0
5233.7860000000000582, 0, 5233.7730000000001382, 0, 5233.7860000000000582, 0, 5233.7860000000000582, 0, 5233.7860000000000582, 112.39318554175503095, 5233.7730000000001382, 1, 5233.7860000000000582, 7.1305637817969849124, 5233.7860000000000582, -7.0301388147311172361, 5233.7860000000000582, 90.055921477214454285, 5233.7730000000001382, 1, 5233.7860000000000582, -4.2387443568845162289, 5233.7860000000000582, 34.251997256096558431, 5233.7860000000000582, 0, 5233.7730000000001382, 0, 5233.7860000000000582, 0, 5233.7860000000000582, 0
5233.7910000000001673, 0, 5233.7780000000002474, 0, 5233.7910000000001673, 0, 5233.7910000000001673, 0, 5233.7910000000001673, 110.15554678498961039, 5233.7780000000002474, 1, 5233.7910000000001673, 9.6769863374673672496, 5233.7910000000001673, -7.9480025606882946931, 5233.7910000000001673, 93.579951835559199935, 5233.7780000000002474, 1, 5233.7910000000001673, -1.459849138369553101, 5233.7910000000001673, 33.209274567960910929, 5233.7910000000001673, 0, 5233.7780000000002474, 0, 5233.7910000000001673, 0, 5233.7910000000001673, 0
5233.7960000000002765, 0, 5233.7830000000003565, 0, 5233.7960000000002765, 0, 5233.7960000000002765, 0, 5233.7960000000002765, 110.15973535613217393, 5233.7830000000003565, 1, 5233.7960000000002765, 7.2084358944916022693, 5233.7960000000002765, -2.0673101212619116041, 5233.7960000000002765, 91.653622392526415297, 5233.7830000000003565, 1, 5233.7960000000002765, -3.947568815024289357, 5233.7960000000002765, 38.119585288034961934, 5233.7960000000002765, 0, 5233.7830000000003565, 0, 5233.7960000000002765, 0, 5233.7960000000002765, 0
5233.7989999999999782, 0, 5233.7879999999995562, 0, 5233.7989999999999782, 0, 5233.7989999999999782, 0, 5233.7989999999999782, 108.58246171893367205, 5233.7879999999995562, 1, 5233.7989999999999782, 7.817559858018992891, 5233.7989999999999782, -3.1817273491159312471, 5233.7989999999999782, 94.648646151962509521, 5233.7879999999995562, 1, 5233.7989999999999782, -3.1577055535337130721, 5233.7989999999999782, 37.168120770118903806, 5233.7989999999999782, 0, 5233.7879999999995562, 0, 5233.7989999999999782, 0, 5233.7989999999999782, 0
5233.8059999999995853, 0, 5233.7929999999996653, 0, 5233.8059999999995853, 0, 5233.8059999999995853, 0, 5233.8059999999995853, 107.68535465432843523, 5233.7929999999996653, 1, 5233.8059999999995853, 6.6615478792188591584, 5233.8059999999995853, -4.0845499208084277143, 5233.8059999999995853, 95.826661623265167123, 5233.7929999999996653, 1, 5233.8059999999995853, -4.3142419280120796188, 5233.8059999999995853, 36.347044030005605464, 5233.8059999999995853, 0, 5233.7929999999996653, 0, 5233.8059999999995853, 0, 5233.8059999999995853, 0
5233.8119999999998981, 0, 5233.7979999999997744, 0, 5233.8119999999998981, 0, 5233.8119999999998981, 0, 5233.8119999999998981, 106.5926978060732182, 5233.7979999999997744, 1, 5233.8119999999998981, 6.4136833183725183716, 5233.8119999999998981, -5.0619216548425001179, 5233.8119999999998981, 96.773252261832453769, 5233.7979999999997744, 1, 5233.8119999999998981, -4.1994347058461576339, 5233.8119999999998981, 35.421642641198801016, 5233.8119999999998981, 0, 5233.7979999999997744, 0, 5233.8119999999998981, 0, 5233.8119999999998981, 0
5233.8159999999998035, 0, 5233.8029999999998836, 0, 5233.8159999999998035, 0, 5233.8159999999998035, 0, 5233.8159999999998035, 105.02012207627475959, 5233.8029999999998836, 1, 5233.8159999999998035, 5.6398331413254503275, 5233.8159999999998035, -6.6353577954273958994, 5233.8159999999998035, 100.72799808510964681, 5233.8029999999998836, 1, 5233.8159999999998035, -5.1051128207324776298, 5233.8159999999998035, 34.021571215487632855, 5233.8159999999998035, 0, 5233.8029999999998836, 0, 5233.8159999999998035, 0, 5233.8159999999998035, 0
5233.8209999999999127, 0, 5233.8079999999999927, 0, 5233.8209999999999127, 0, 5233.8209999999999127, 0, 5233.8209999999999127, 103.61935043857810967, 5233.8079999999999927, 1, 5233.8209999999999127, 5.0902647562385654467, 5233.8209999999999127, -7.9602432168980996607, 5233.8209999999999127, 101.95547493629193525, 5233.8079999999999927, 1, 5233.8209999999999127, -5.4301260574438749984, 5233.8209999999999127, 32.722310226039589054, 5233.8209999999999127, 0, 5233.8079999999999927, 0, 5233.8209999999999127, 0, 5233.8209999999999127, 0
5233.8260000000000218, 0, 5233.8130000000001019, 0, 5233.8260000000000218, 0, 5233.8260000000000218, 0, 5233.8260000000000218, 102.53471238409301236, 5233.8130000000001019, 1, 5233.8260000000000218, 4.4738861180239783977, 5233.8260000000000218, -9.2865016760289051945, 5233.8260000000000218, 102.75267350986730719, 5233.8130000000001019, 1, 5233.8260000000000218, -5.6286144008305969422, 5233.8260000000000218, 31.415945757405587813, 5233.8260000000000218, 0, 5233.8130000000001019, 0, 5233.8260000000000218, 0, 5233.8260000000000218, 0
5233.831000000000131, 305.11372798425861674, 5233.818000000000211, 0, 5233.831000000000131, -16.310009466854864968, 5233.831000000000131, -181.18108266145725338, 5233.831000000000131, 101.89765520815652167, 5233.818000000000211, 1, 5233.831000000000131, 3.9434975008465236179, 5233.831000000000131, -4.5863253867982649581, 5233.831000000000131, 101.21022532306275821, 5233.818000000000211, 1, 5233.831000000000131, -5.7477539396328767296, 5233.831000000000131, 36.137328705233649373, 5233.831000000000131, 0, 5233.818000000000211, 0, 5233.831000000000131, 0, 5233.831000000000131, 0
5233.8360000000002401, 394.11195033845854141, 5233.8230000000003201, 0, 5233.8360000000002401, -93.686426914904231467, 5233.8360000000002401, -236.5156361631765094, 5233.8360000000002401, 82.697163373489942728, 5233.8230000000003201, 1, 5233.8360000000002401, -14.763833927855516848, 5233.8360000000002401, -8.5308041595866086482, 5233.8360000000002401, 90.114736354571533639, 5233.8230000000003201, 1, 5233.8360000000002401, -11.067248751057533696, 5233.8360000000002401, 32.597252188922112737, 5233.8360000000002401, 0, 5233.8230000000003201, 0, 5233.8360000000002401, 0, 5233.8360000000002401, 0
5233.8419999999996435, 384.50670769176963404, 5233.8280000000004293, 0, 5233.8419999999996435, -109.96923944442781362, 5233.8419999999996435, -199.95276101042998107, 5233.8419999999996435, 32.762441323185029773, 5233.8280000000004293, 1, 5233.8419999999996435, -21.942985651260389801, 5233.8419999999996435, -14.505019320265240879, 5233.8419999999996435, 77.099230630337956427, 5233.8280000000004293, 1, 5233.8419999999996435, -15.884642802823741192, 5233.8419999999996435, 27.52027395400905263, 5233.8419999999996435, 0, 5233.8280000000004293, 0, 5233.8419999999996435, 0, 5233.8419999999996435, 0
5233.8459999999995489, 373.30721288271024605, 5233.8329999999996289, 0, 5233.8459999999995489, -114.74644174044108524, 5233.8459999999995489, -183.82499088346645522, 5233.8459999999995489, 12.074060706103248108, 5233.8329999999996289, 1, 5233.8459999999995489, -8.5961165468533238254, 5233.8459999999995489, -8.0158279664920772944, 5233.8459999999995489, 69.601363282029495849, 5233.8329999999996289, 1, 5233.8459999999995489, -20.957375487043208295, 5233.8459999999995489, 22.611396655476184492, 5233.8459999999995489, 0, 5233.8329999999996289, 0, 5233.8459999999995489, 0, 5233.8459999999995489, 0
5233.850999999999658, 338.82910703566039956, 5233.8379999999997381, 0, 5233.850999999999658, -112.87306043344894135, 5233.850999999999658, -145.48344608932197275, 5233.850999999999658, 0.86324095837966963174, 5233.8379999999997381, 1, 5233.850999999999658, -0.61404786278083312023, 5233.850999999999658, -0.58022735247879186904, 5233.850999999999658, 71.083543546299893023, 5233.8379999999997381, 1, 5233.850999999999658, -29.569879661583598818, 5233.850999999999658, 16.990360279947484656, 5233.850999999999658, 0, 5233.8379999999997381, 0, 5233.850999999999658, 0, 5233.850999999999658, 0
5233.8559999999997672, 216.10752348922363808, 5233.8440000000000509, 0, 5233.8559999999997672, -90.655140337251609139, 5233.8559999999997672, -96.19613364924209975, 5233.8559999999997672, 0, 5233.8440000000000509, 1, 5233.8559999999997672, 0, 5233.8559999999997672, 0, 5233.8559999999997672, 80.607105593907405705, 5233.8440000000000509, 1, 5233.8559999999997672, -32.215519832821193802, 5233.8559999999997672, 3.7734817376752474161, 5233.8559999999997672, 0, 5233.8440000000000509, 0, 5233.8559999999997672, 0, 5233.8559999999997672, 0
5233.8609999999998763, 101.72732669116868465, 5233.8479999999999563, 0, 5233.8609999999998763, -51.187429402858441563, 5233.8609999999998763, -28.836603273488776722, 5233.8609999999998763, 0, 5233.8479999999999563, 1, 5233.8609999999998763, 0, 5233.8609999999998763, 0, 5233.8609999999998763, 66.070922720894031954, 5233.8479999999999563, 1, 5233.8609999999998763, -27.726933385248550223, 5233.8609999999998763, -7.7959356531241148502, 5233.8609999999998763, 0, 5233.8479999999999563, 0, 5233.8609999999998763, 0, 5233.8609999999998763, 0
5233.8659999999999854, 26.42746750529610722, 5233.8530000000000655, 0, 5233.8659999999999854, -18.686728297864242165, 5233.8659999999999854, 13.112829809735425002, 5233.8659999999999854, 0, 5233.8530000000000655, 1, 5233.8659999999999854, 0, 5233.8659999999999854, 0, 5233.8659999999999854, 77.069817521699889085, 5233.8530000000000655, 1, 5233.8659999999999854, -21.730900922677470533, 5233.8659999999999854, -15.16452807414272641, 5233.8659999999999854, 0, 5233.8530000000000655, 0, 5233.8659999999999854, 0, 5233.8659999999999854, 0
5233.8710000000000946, 11.166881639105968205, 5233.8580000000001746, 1, 5233.8710000000000946, -7.1239704446600278231, 5233.8710000000000946, 6.5095739758802046993, 5233.8710000000000946, 0, 5233.8580000000001746, 1, 5233.8710000000000946, 0, 5233.8710000000000946, 0, 5233.8710000000000946, 45.968893755910940513, 5233.8580000000001746, 1, 5233.8710000000000946, -13.88332058771114319, 5233.8710000000000946, -22.49383689020105237, 5233.8710000000000946, 87.016252347208364881, 5233.8580000000001746, 1, 5233.8710000000000946, 0.6769025158785637597, 5233.8710000000000946, -3.6486781029412895805
5233.8760000000002037, 11.068038853729269988, 5233.8630000000002838, 1, 5233.8760000000002037, -6.959241006049851741, 5233.8760000000002037, 6.269206231383713579, 5233.8760000000002037, 0, 5233.8630000000002838, 1, 5233.8760000000002037, 0, 5233.8760000000002037, 0, 5233.8760000000002037, 24.832239384523735026, 5233.8630000000002838, 1, 5233.8760000000002037, -0.76354323681723323958, 5233.8760000000002037, -15.866405644900673622, 5233.8760000000002037, 45.836515787119154197, 5233.8630000000002838, 1, 5233.8760000000002037, 5.8163972464472859514, 5233.8760000000002037, 1.5467595120947557064
5233.8819999999996071, 6.7294768364670192184, 5233.8680000000003929, 1, 5233.8819999999996071, -4.1742582306841597983, 5233.8819999999996071, 3.6948998548998961411, 5233.8819999999996071, 0, 5233.8680000000003929, 1, 5233.8819999999996071, 0, 5233.8819999999996071, 0, 5233.8819999999996071, 19.046102519396576724, 5233.8680000000003929, 1, 5233.8819999999996071, -2.506853440517090803, 5233.8819999999996071, -12.403999888404547036, 5233.8819999999996071, 26.428839522332282286, 5233.8680000000003929, 1, 5233.8819999999996071, 1.113220876261111103, 5233.8819999999996071, 2.7111236725296912198
5233.8869999999997162, 11.803395363176695909, 5233.8739999999997963, 1, 5233.8869999999997162, -7.3315808522736265473, 5233.8869999999997162, 3.751771385684186555, 5233.8869999999997162, 0, 5233.8739999999997963, 1, 5233.8869999999997162, 0, 5233.8869999999997162, 0, 5233.8869999999997162, 22.919581676579248608, 5233.8739999999997963, 1, 5233.8869999999997162, 1.2108299287776473907, 5233.8869999999997162, -15.038026175855993216, 5233.8869999999997162, 26.839900184858343835, 5233.8739999999997963, 1, 5233.8869999999997162, 3.6793408137077689979, 5233.8869999999997162, 2.204625935896659783
5233.8909999999996217, 23.020060292963481885, 5233.8779999999997017, 1, 5233.8909999999996217, -14.526699038419964793, 5233.8909999999996217, -1.8474169387591388158, 5233.8909999999996217, 0, 5233.8779999999997017, 1, 5233.8909999999996217, 0, 5233.8909999999996217, 0, 5233.8909999999996217, 22.760539656843253198, 5233.8779999999997017, 1, 5233.8909999999996217, -2.634245208679539374, 5233.8909999999996217, -15.206557539961645276, 5233.8909999999996217, 23.638149367553189961, 5233.8779999999997017, 1, 5233.8909999999996217, 0.94689863755889558394, 5233.8909999999996217, 2.1550931834574562629
5233.8969999999999345, 37.551822136439106714, 5233.8840000000000146, 1, 5233.8969999999999345, -18.705215717000658771, 5233.8969999999999345, -7.2598791161885518619, 5233.8969999999999345, 0, 5233.8840000000000146, 1, 5233.8969999999999345, 0, 5233.8969999999999345, 0, 5233.8969999999999345, 27.672416022495696097, 5233.8840000000000146, 1, 5233.8969999999999345, 1.2353851682497714037, 5233.8969999999999345, -18.632537216245978584, 5233.8969999999999345, 23.669722310223328066, 5233.8840000000000146, 1, 5233.8969999999999345, 3.9072013743568105859, 5233.8969999999999345, 2.1635399775805055356
5233.9020000000000437, 51.563973580282222997, 5233.88799999999992, 1, 5233.9020000000000437, -22.965786908758317963, 5233.9020000000000437, -4.2436143463275683985, 5233.9020000000000437, 0, 5233.88799999999992, 1, 5233.9020000000000437, 0, 5233.9020000000000437, 0, 5233.9020000000000437, 28.418780283222485394, 5233.88799999999992, 1, 5233.9020000000000437, -2.6006302945499202295, 5233.9020000000000437, -15.75269157353197258, 5233.9020000000000437, 24.46838138460283929, 5233.88799999999992, 1, 5233.9020000000000437, 1.9548610241623707307, 5233.9020000000000437, 5.5287436629350850126
5233.9070000000001528, 61.254451958862688343, 5233.8940000000002328, 1, 5233.9070000000001528, -23.535355891905474834, 5233.9070000000001528, -5.6422362861599459904, 5233.9070000000001528, 0, 5233.8940000000002328, 1, 5233.9070000000001528, 0, 5233.9070000000001528, 0, 5233.9070000000001528, 32.027388344593234137, 5233.8940000000002328, 1, 5233.9070000000001528, 0.32303399813611105573, 5233.9070000000001528, -17.961382258194511508, 5233.9070000000001528, 27.625372712962246169, 5233.8940000000002328, 1, 5233.9070000000001528, 4.5192188758552163108, 5233.9070000000001528, 5.6969344564672592668
5233.9120000000002619, 70.937682448406661706, 5233.8980000000001382, 1, 5233.9120000000002619, -27.022128659194681433, 5233.9120000000002619, -6.4326550910785726956, 5233.9120000000002619, 0, 5233.8980000000001382, 1, 5233.9120000000002619, 0, 5233.9120000000002619, 0, 5233.9120000000002619, 30.003894921237403537, 5233.8980000000001382, 1, 5233.9120000000002619, -4.0143399657056662022, 5233.9120000000002619, -17.108021323112435397, 5233.9120000000002619, 30.726078513898059441, 5233.8980000000001382, 1, 5233.9120000000002619, 2.3767157160723750842, 5233.9120000000002619, 6.8026357520362683573
5233.9170000000003711, 77.446877928623507614, 5233.9030000000002474, 1, 5233.9170000000003711, -26.733650241708389217, 5233.9170000000003711, -6.9243540673228807236, 5233.9170000000003711, 0, 5233.9030000000002474, 1, 5233.9170000000003711, 0, 5233.9170000000003711, 0, 5233.9170000000003711, 32.842153321243138464, 5233.9030000000002474, 1, 5233.9170000000003711, -0.94071830189375149622, 5233.9170000000003711, -18.937315002807419972, 5233.9170000000003711, 34.57577819390066054, 5233.9030000000002474, 1, 5233.9170000000003711, 5.1191560797747701628, 5233.9170000000003711, 7.0099015339087742404
5233.9219999999995707, 85.09677475323218232, 5233.9080000000003565, 1, 5233.9219999999995707, -29.562117392588746156, 5233.9219999999995707, -7.1230368540777178055, 5233.9219999999995707, 0, 5233.9080000000003565, 1, 5233.9219999999995707, 0, 5233.9219999999995707, 0, 5233.9219999999995707, 30.137939989501305149, 5233.9080000000003565, 1, 5233.9219999999995707, -5.0839177114592697393, 5233.9219999999995707, -17.644563600628810462, 5233.9219999999995707, 38.161500068326731139, 5233.9080000000003565, 1, 5233.9219999999995707, 3.1653575196454304397, 5233.9219999999995707, 8.1577114825686525279
5233.9269999999996799, 89.62357472632490385, 5233.9129999999995562, 1, 5233.9269999999996799, -28.053377073508443118, 5233.9269999999996799, -7.2802654607569152745, 5233.9269999999996799, 85.034501082476012357, 5233.9129999999995562, 1, 5233.9269999999996799, 10.038140262319068086, 5233.9269999999996799, -30.002821490262114423, 5233.9269999999996799, 32.804250827717666539, 5233.9129999999995562, 1, 5233.9269999999996799, -1.9955596923406206944, 5233.9269999999996799, -19.407278692780863594, 5233.9269999999996799, 42.3051573107002028, 5233.9129999999995562, 1, 5233.9269999999996799, 5.6695547969578647951, 5233.9269999999996799, 8.2066817664951194899
5233.9309999999995853, 85.764155940366521236, 5233.9179999999996653, 1, 5233.9309999999995853, -22.952143491817082577, 5233.9309999999995853, -5.7883171251679073066, 5233.9309999999995853, 86.825445583164409413, 5233.9179999999996653, 1, 5233.9309999999995853, 16.371663110313800615, 5233.9309999999995853, -23.564738330725344184, 5233.9309999999995853, 30.764465176808347024, 5233.9179999999996653, 1, 5233.9309999999995853, 0.79480447699202849687, 5233.9309999999995853, -18.391527395307889492, 5233.9309999999995853, 36.18094989433109987, 5233.9179999999996653, 1, 5233.9309999999995853, 7.286165747498712264, 5233.9309999999995853, 10.741697895725364376
5233.9359999999996944, 66.353736507388418886, 5233.9229999999997744, 1, 5233.9359999999996944, -13.003010627610606775, 5233.9359999999996944, -4.4000512919632797093, 5233.9359999999996944, 137.99605953253109192, 5233.9229999999997744, 1, 5233.9359999999996944, 23.91550658155159681, 5233.9359999999996944, 101.13078478467305388, 5233.9359999999996944, 125.78329531818607734, 5233.9229999999997744, 1, 5233.9359999999996944, -22.641401944703822835, 5233.9359999999996944, 99.064501053238544159, 5233.9359999999996944, 55.619389912830953904, 5233.9229999999997744, 1, 5233.9359999999996944, 13.318223036466527276, 5233.9359999999996944, 3.1969151249930725101
5233.9409999999998035, 20.141129184777788907, 5233.9279999999998836, 1, 5233.9409999999998035, -6.1878173235955564735, 5233.9409999999998035, -8.4466320804492056595, 5233.9409999999998035, 84.521229846472436975, 5233.9279999999998836, 1, 5233.9409999999998035, 15.646540153292924913, 5233.9409999999998035, 70.111302449768515999, 5233.9409999999998035, 134.7571574184462122, 5233.9279999999998836, 1, 5233.9409999999998035, -21.003009158450506533, 5233.9409999999998035, 110.7121815199511019, 5233.9409999999998035, 88.72347034969749302, 5233.9279999999998836, 1, 5233.9409999999998035, 18.929229951704446222, 5233.9409999999998035, -18.963662052768164301
5233.9459999999999127, 20.01353438502741966, 5233.9329999999999927, 1, 5233.9459999999999127, -9.6322660912874678019, 5233.9459999999999127, -9.467895816858991509, 5233.9459999999999127, 1.8992521744036845455, 5233.9329999999999927, 0, 5233.9459999999999127, -0.6323513606772868112, 5233.9459999999999127, 1.5028828767000919076, 5233.9459999999999127, 50.625689976288917649, 5233.9329999999999927, 0, 5233.9459999999999127, -5.8833287955508053457, 5233.9459999999999127, 39.941648829389556852, 5233.9459999999999127, 81.395007770660626534, 5233.9329999999999927, 1, 5233.9459999999999127, 16.836733815973591533, 5233.9459999999999127, -17.357435326865456204
5233.9510000000000218, 41.740909603790271376, 5233.9380000000001019, 1, 5233.9510000000000218, -9.6515645634739239966, 5233.9510000000000218, -12.048180036914610369, 5233.9510000000000218, 0, 5233.9380000000001019, 0, 5233.9510000000000218, 0, 5233.9510000000000218, 0, 5233.9510000000000218, 0, 5233.9380000000001019, 0, 5233.9510000000000218, 0, 5233.9510000000000218, 0, 5233.9510000000000218, 77.978020699284428474, 5233.9380000000001019, 1, 5233.9510000000000218, 17.319504976137185537, 5233.9510000000000218, -13.541803745957331273
5233.956000000000131, 60.652002733427963221, 5233.943000000000211, 1, 5233.956000000000131, -10.983648242292307629, 5233.956000000000131, -12.003878914799283706, 5233.956000000000131, 0, 5233.943000000000211, 0, 5233.956000000000131, 0, 5233.956000000000131, 0, 5233.956000000000131, 0, 5233.943000000000211, 0, 5233.956000000000131, 0, 5233.956000000000131, 0, 5233.956000000000131, 69.885326305571510375, 5233.943000000000211, 1, 5233.956000000000131, 18.142187163212131651, 5233.956000000000131, -6.8622658372327087761
5233.9610000000002401, 76.259587834338304901, 5233.9480000000003201, 1, 5233.9610000000002401, -14.115431936768370491, 5233.9610000000002401, -13.146446429667701494, 5233.9610000000002401, 0, 5233.9480000000003201, 0, 5233.9610000000002401, 0, 5233.9610000000002401, 0, 5233.9610000000002401, 0, 5233.9480000000003201, 0, 5233.9610000000002401, 0, 5233.9610000000002401, 0, 5233.9610000000002401, 72.444227243168143104, 5233.9480000000003201, 1, 5233.9610000000002401, 13.86521983293983773, 5233.9610000000002401, -4.6607037724989268668
5233.9639999999999418, 84.878484624618835142, 5233.9530000000004293, 1, 5233.9639999999999418, -14.210715928398716557, 5233.9639999999999418, -10.155919987075918698, 5233.9639999999999418, 0, 5233.9530000000004293, 0, 5233.9639999999999418, 0, 5233.9639999999999418, 0, 5233.9639999999999418, 0, 5233.9530000000004293, 0, 5233.9639999999999418, 0, 5233.9639999999999418, 0, 5233.9639999999999418, 68.488020816215140485, 5233.9530000000004293, 1, 5233.9639999999999418, 15.429961426158051552, 5233.9639999999999418, -2.5655453390871727493
5233.9709999999995489, 94.197091226325795787, 5233.9579999999996289, 1, 5233.9709999999995489, -17.207248530424131161, 5233.9709999999995489, -8.7438025372800751711, 5233.9709999999995489, 0, 5233.9579999999996289, 0, 5233.9709999999995489, 0, 5233.9709999999995489, 0, 5233.9709999999995489, 0, 5233.9579999999996289, 0, 5233.9709999999995489, 0, 5233.9709999999995489, 0, 5233.9709999999995489, 74.215735081307173004, 5233.9579999999996289, 1, 5233.9709999999995489, 10.659646052841615926, 5233.9709999999995489, 3.8038019999119185854
5233.9769999999998618, 98.959268033169365708, 5233.9629999999997381, 1, 5233.9769999999998618, -16.440536581467270594, 5233.9769999999998618, -7.761012095039482972, 5233.9769999999998618, 0, 5233.9629999999997381, 0, 5233.9769999999998618, 0, 5233.9769999999998618, 0, 5233.9769999999998618, 0, 5233.9629999999997381, 0, 5233.9769999999998618, 0, 5233.9769999999998618, 0, 5233.9769999999998618, 70.721726265231623643, 5233.9629999999997381, 1, 5233.9769999999998618, 12.511242269332568, 5233.9769999999998618, 7.247090130087638471
5233.98700000000008, 104.53532826291515789, 5233.9679999999998472, 1, 5233.98700000000008, -18.506722015767664402, 5233.98700000000008, -8.0937163431055196838, 5233.98700000000008, 0, 5233.9679999999998472, 0, 5233.98700000000008, 0, 5233.98700000000008, 0, 5233.98700000000008, 0, 5233.9679999999998472, 0, 5233.98700000000008, 0, 5233.98700000000008, 0, 5233.98700000000008, 76.275941487635691374, 5233.9679999999998472, 1, 5233.98700000000008, 7.9240150620735496645, 5233.98700000000008, 7.6117901478492271394
5233.9920000000001892, 107.31936223409370257, 5233.9729999999999563, 1, 5233.9920000000001892, -17.021888218163727657, 5233.9920000000001892, -7.057224218859126097, 5233.9920000000001892, 0, 5233.9729999999999563, 0, 5233.9920000000001892, 0, 5233.9920000000001892, 0, 5233.9920000000001892, 0, 5233.9729999999999563, 0, 5233.9920000000001892, 0, 5233.9920000000001892, 0, 5233.9920000000001892, 72.554419664965649872, 5233.9729999999999563, 1, 5233.9920000000001892, 9.8820399470144995036, 5233.9920000000001892, 10.829985019367502019
5233.9970000000002983, 110.5211577767541371, 5233.9780000000000655, 1, 5233.9970000000002983, -18.474791298973634923, 5233.9970000000002983, -7.3262235049475492588, 5233.9970000000002983, 0, 5233.9780000000000655, 0, 5233.9970000000002983, 0, 5233.9970000000002983, 0, 5233.9970000000002983, 0, 5233.9780000000000655, 0, 5233.9970000000002983, 0, 5233.9970000000002983, 0, 5233.9970000000002983, 77.993184386277164322, 5233.9780000000000655, 1, 5233.9970000000002983, 5.589815920462468668, 5233.9970000000002983, 10.898834715224289482
5233.9970000000002983, 112.45400089790676645, 5233.9830000000001746, 1, 5233.9970000000002983, -16.569320036772744231, 5233.9970000000002983, -6.1653501390769562818, 5233.9970000000002983, 0, 5233.9830000000001746, 0, 5233.9970000000002983, 0, 5233.9970000000002983, 0, 5233.9970000000002983, 0, 5233.9830000000001746, 0, 5233.9970000000002983, 0, 5233.9970000000002983, 0, 5233.9970000000002983, 73.5031545410128615, 5233.9830000000001746, 1, 5233.9970000000002983, 7.5698058082556816117, 5233.9970000000002983, 14.198380753926944209
5234.0069999999996071, 112.73938606500044557, 5233.9880000000002838, 1, 5234.0069999999996071, -17.505400086646982771, 5234.0069999999996071, -6.7856189579282144564, 5234.0069999999996071, 0, 5233.9880000000002838, 0, 5234.0069999999996071, 0, 5234.0069999999996071, 0, 5234.0069999999996071, 0, 5233.9880000000002838, 0, 5234.0069999999996071, 0, 5234.0069999999996071, 0, 5234.0069999999996071, 81.579018569201139144, 5233.9880000000002838, 1, 5234.0069999999996071, 4.0621726885236046911, 5234.0069999999996071, 12.999947816018220692
5234.0069999999996071, 114.504374269246739, 5233.9930000000003929, 1, 5234.0069999999996071, -15.326752103066207056, 5234.0069999999996071, -5.6066603502489158473, 5234.0069999999996071, 0, 5233.9930000000003929, 0, 5234.0069999999996071, 0, 5234.0069999999996071, 0, 5234.0069999999996071, 0, 5233.9930000000003929, 0, 5234.0069999999996071, 0, 5234.0069999999996071, 0, 5234.0069999999996071, 76.55922733957281423, 5233.9930000000003929, 1, 5234.0069999999996071, 6.0258455504425647575, 5234.0069999999996071, 16.320458582369081313
5234.0119999999997162, 114.20465082202431972, 5233.9989999999997963, 1, 5234.0119999999997162, -16.006272171486337186, 5234.0119999999997162, 0.67592073303202226953, 5234.0119999999997162, 0, 5233.9989999999997963, 0, 5234.0119999999997162, 0, 5234.0119999999997162, 0, 5234.0119999999997162, 0, 5233.9989999999997963, 0, 5234.0119999999997162, 0, 5234.0119999999997162, 0, 5234.0119999999997162, 82.907410569355249663, 5233.9989999999997963, 1, 5234.0119999999997162, 2.6972034781495382028, 5234.0119999999997162, 20.152794902190102277
5234.0169999999998254, 114.85764364787598879, 5234.0029999999997017, 1, 5234.0169999999998254, -13.422169484035739728, 5234.0169999999998254, -6.527367766421825479, 5234.0169999999998254, 0, 5234.0029999999997017, 0, 5234.0169999999998254, 0, 5234.0169999999998254, 0, 5234.0169999999998254, 0, 5234.0029999999997017, 0, 5234.0169999999998254, 0, 5234.0169999999998254, 0, 5234.0169999999998254, 80.61134110677561182, 5234.0029999999997017, 1, 5234.0169999999998254, 5.427788662018606658, 5234.0169999999998254, 15.843900425073563554
5234.0219999999999345, 114.57654191462228255, 5234.0079999999998108, 1, 5234.0219999999999345, -14.118010830043131065, 5234.0219999999999345, -6.8820917797523080139, 5234.0219999999999345, 0, 5234.0079999999998108, 0, 5234.0219999999999345, 0, 5234.0219999999999345, 0, 5234.0219999999999345, 0, 5234.0079999999998108, 0, 5234.0219999999999345, 0, 5234.0219999999999345, 0, 5234.0219999999999345, 86.404458112137859871, 5234.0079999999998108, 1, 5234.0219999999999345, 2.0048516557761733026, 5234.0219999999999345, 14.972774903295139381
5234.0270000000000437, 113.69130430608491622, 5234.01299999999992, 1, 5234.0270000000000437, -11.28340603695815858, 5234.0270000000000437, -6.332870434307565688, 5234.0270000000000437, 0, 5234.01299999999992, 0, 5234.0270000000000437, 0, 5234.0270000000000437, 0, 5234.0270000000000437, 0, 5234.01299999999992, 0, 5234.0270000000000437, 0, 5234.0270000000000437, 0, 5234.0270000000000437, 85.330677165468273415, 5234.01299999999992, 1, 5234.0270000000000437, 4.9078290822486492218, 5234.0270000000000437, 16.501139317517164784
5234.0320000000001528, 113.67345842586540527, 5234.0180000000000291, 1, 5234.0320000000001528, -12.221826849190881248, 5234.0320000000001528, -6.6965610498616143786, 5234.0320000000001528, 0, 5234.0180000000000291, 0, 5234.0320000000001528, 0, 5234.0320000000001528, 0, 5234.0320000000001528, 0, 5234.0180000000000291, 0, 5234.0320000000001528, 0, 5234.0320000000001528, 0, 5234.0320000000001528, 90.434862487255827546, 5234.0180000000000291, 1, 5234.0320000000001528, 1.6020614141193445512, 5234.0320000000001528, 15.735647300755502442
5234.0370000000002619, 111.94392857866489521, 5234.024000000000342, 1, 5234.0370000000002619, -9.0837032961590313818, 5234.0370000000002619, -6.3726752368394556925, 5234.0370000000002619, 0, 5234.024000000000342, 0, 5234.0370000000002619, 0, 5234.0370000000002619, 0, 5234.0370000000002619, 0, 5234.024000000000342, 0, 5234.0370000000002619, 0, 5234.0370000000002619, 0, 5234.0370000000002619, 90.637176577091608465, 5234.024000000000342, 1, 5234.0370000000002619, 4.8895366277953664635, 5234.0370000000002619, 16.61146718398406108
5234.0420000000003711, 112.24100163607189984, 5234.0280000000002474, 1, 5234.0420000000003711, -10.115716534243968994, 5234.0420000000003711, -6.7580422955584182887, 5234.0420000000003711, 0, 5234.0280000000002474, 0, 5234.0420000000003711, 0, 5234.0420000000003711, 0, 5234.0420000000003711, 0, 5234.0280000000002474, 0, 5234.0420000000003711, 0, 5234.0420000000003711, 0, 5234.0420000000003711, 94.895905401821551095, 5234.0280000000002474, 1, 5234.0420000000003711, 1.3796667906220991817, 5234.0420000000003711, 15.937318095376099336
5234.0469999999995707, 111.51568970108573353, 5234.0339999999996508, 1, 5234.0469999999995707, -6.638386618993055599, 5234.0469999999995707, -6.1901640458022484381, 5234.0469999999995707, 0, 5234.0339999999996508, 0, 5234.0469999999995707, 0, 5234.0469999999995707, 0, 5234.0469999999995707, 0, 5234.0339999999996508, 0, 5234.0469999999995707, 0, 5234.0469999999995707, 0, 5234.0469999999995707, 93.404167672678937606, 5234.0339999999996508, 1, 5234.0469999999995707, 4.4661806834647403974, 5234.0469999999995707, 17.37388789584659321
5234.0519999999996799, 110.58289471270992976, 5234.0379999999995562, 1, 5234.0519999999996799, -7.6165867008776340086, 5234.0519999999996799, 7.4148120245784880922, 5234.0519999999996799, 0, 5234.0379999999995562, 0, 5234.0519999999996799, 0, 5234.0519999999996799, 0, 5234.0519999999996799, 0, 5234.0379999999995562, 0, 5234.0519999999996799, 0, 5234.0519999999996799, 0, 5234.0519999999996799, 96.385140488578386453, 5234.0379999999995562, 1, 5234.0519999999996799, 0.86333897637878365128, 5234.0519999999996799, 29.421935077190759955
5234.056999999999789, 109.9125917146480873, 5234.0429999999996653, 1, 5234.056999999999789, -7.4331815788709798554, 5234.056999999999789, -1.2040719589559287783, 5234.056999999999789, 0, 5234.0429999999996653, 0, 5234.056999999999789, 0, 5234.056999999999789, 0, 5234.056999999999789, 0, 5234.0429999999996653, 0, 5234.056999999999789, 0, 5234.056999999999789, 0, 5234.056999999999789, 97.246596238066103979, 5234.0429999999996653, 1, 5234.056999999999789, 5.4813775004644043065, 5234.056999999999789, 20.55185243705409448
5234.0619999999998981, 108.33381141275825144, 5234.0479999999997744, 1, 5234.0619999999998981, -7.2325222598462648449, 5234.0619999999998981, -1.7504227943024375236, 5234.0619999999998981, 0, 5234.0479999999997744, 0, 5234.0619999999998981, 0, 5234.0619999999998981, 0, 5234.0619999999998981, 0, 5234.0479999999997744, 0, 5234.0619999999998981, 0, 5234.0619999999998981, 0, 5234.0619999999998981, 102.94196336361827093, 5234.0479999999997744, 1, 5234.0619999999998981, 2.3465597124647641358, 5234.0619999999998981, 19.136682054489789095
5234.0670000000000073, 108.13487968059709488, 5234.0529999999998836, 1, 5234.0670000000000073, -3.8336473084636706332, 5234.0670000000000073, -1.4662567029254489626, 5234.0670000000000073, 0, 5234.0529999999998836, 0, 5234.0670000000000073, 0, 5234.0670000000000073, 0, 5234.0670000000000073, 0, 5234.0529999999998836, 0, 5234.0670000000000073, 0, 5234.0670000000000073, 0, 5234.0670000000000073, 100.70219549164210093, 5234.0529999999998836, 1, 5234.0670000000000073, 5.6652072680621854417, 5234.0670000000000073, 20.429183463322736714
5234.0709999999999127, 106.90048647455660102, 5234.0579999999999927, 1, 5234.0709999999999127, -4.1158497124199442396, 5234.0709999999999127, -2.0548151646618890709, 5234.0709999999999127, 0, 5234.0579999999999927, 0, 5234.0709999999999127, 0, 5234.0709999999999127, 0, 5234.0709999999999127, 0, 5234.0579999999999927, 0, 5234.0709999999999127, 0, 5234.0709999999999127, 0, 5234.0709999999999127, 104.67453442108588035, 5234.0579999999999927, 1, 5234.0709999999999127, 4.0630601075074812556, 5234.0709999999999127, 19.416493855020988235
5234.0760000000000218, 106.68258733663148519, 5234.0630000000001019, 1, 5234.0760000000000218, -3.1747420864756943359, 5234.0760000000000218, -2.1237130616265176286, 5234.0760000000000218, 0, 5234.0630000000001019, 0, 5234.0760000000000218, 0, 5234.0760000000000218, 0, 5234.0760000000000218, 0, 5234.0630000000001019, 0, 5234.0760000000000218, 0, 5234.0760000000000218, 0, 5234.0760000000000218, 104.36212191897296009, 5234.0630000000001019, 1, 5234.0760000000000218, 4.0610522851584915927, 5234.0760000000000218, 19.848963198723254209
5234.081000000000131, 104.88678328793221795, 5234.0690000000004147, 1, 5234.081000000000131, -5.1346049050486879395, 5234.081000000000131, -2.6510107819261179429, 5234.081000000000131, 0, 5234.0690000000004147, 0, 5234.081000000000131, 0, 5234.081000000000131, 0, 5234.081000000000131, 0, 5234.0690000000004147, 0, 5234.081000000000131, 0, 5234.081000000000131, 0, 5234.081000000000131, 108.15414065494285012, 5234.0690000000004147, 1, 5234.081000000000131, 0.88217690249893221388, 5234.081000000000131, 18.811920970840674272
5234.0870000000004438, 105.8377473853584263, 5234.0730000000003201, 1, 5234.0870000000004438, 1.3174363092637511041, 5234.0870000000004438, -2.545860948475571206, 5234.0870000000004438, 0, 5234.0730000000003201, 0, 5234.0870000000004438, 0, 5234.0870000000004438, 0, 5234.0870000000004438, 0, 5234.0730000000003201, 0, 5234.0870000000004438, 0, 5234.0870000000004438, 0, 5234.0870000000004438, 104.75533674388091754, 5234.0730000000003201, 1, 5234.0870000000004438, 6.9748904306295820277, 5234.0870000000004438, 20.224965874760250983
5234.0910000000003492, 102.35399343162981722, 5234.0780000000004293, 1, 5234.0910000000003492, -3.9388345025443394221, 5234.0910000000003492, 12.010610775436532549, 5234.0910000000003492, 0, 5234.0780000000004293, 0, 5234.0910000000003492, 0, 5234.0910000000003492, 0, 5234.0910000000003492, 0, 5234.0780000000004293, 0, 5234.0910000000003492, 0, 5234.0910000000003492, 0, 5234.0910000000003492, 104.85813004434420748, 5234.0780000000004293, 1, 5234.0910000000003492, -1.9749384727437560016, 5234.0910000000003492, 37.465138859973770025
5234.0959999999995489, 103.21117581276942587, 5234.0829999999996289, 1, 5234.0959999999995489, 0.21693205513818206165, 5234.0959999999995489, 12.00005293217731861, 5234.0959999999995489, 0, 5234.0829999999996289, 0, 5234.0959999999995489, 0, 5234.0959999999995489, 0, 5234.0959999999995489, 0, 5234.0829999999996289, 0, 5234.0959999999995489, 0, 5234.0959999999995489, 0, 5234.0959999999995489, 101.39089857933177541, 5234.0829999999996289, 1, 5234.0959999999995489, 5.7774559911734595374, 5234.0959999999995489, 38.121175361948324678
5234.1019999999998618, 102.52705090622477258, 5234.0879999999997381, 1, 5234.1019999999998618, 0.99823300044971030598, 5234.1019999999998618, 11.483109869478717258, 5234.1019999999998618, 0, 5234.0879999999997381, 0, 5234.1019999999998618, 0, 5234.1019999999998618, 0, 5234.1019999999998618, 0, 5234.0879999999997381, 0, 5234.1019999999998618, 0, 5234.1019999999998618, 0, 5234.1019999999998618, 105.88578837882357675, 5234.0879999999997381, 1, 5234.1019999999998618, -2.268124620386122281, 5234.1019999999998618, 37.321404934179447821
5234.1059999999997672, 102.80916651314331034, 5234.0929999999998472, 1, 5234.1059999999997672, 4.844982729636806873, 5234.1059999999997672, 11.107201788372115914, 5234.1059999999997672, 0, 5234.0929999999998472, 0, 5234.1059999999997672, 0, 5234.1059999999997672, 0, 5234.1059999999997672, 0, 5234.0929999999998472, 0, 5234.1059999999997672, 0, 5234.1059999999997672, 0, 5234.1059999999997672, 103.48124718046432235, 5234.0929999999998472, 1, 5234.1059999999997672, 5.1056562301949597327, 5234.1059999999997672, 37.628901160807807003
5234.11200000000008, 100.44913149706832201, 5234.0979999999999563, 1, 5234.11200000000008, -0.46594655619563463134, 5234.11200000000008, 10.158509632792174671, 5234.11200000000008, 0, 5234.0979999999999563, 0, 5234.11200000000008, 0, 5234.11200000000008, 0, 5234.11200000000008, 0, 5234.0979999999999563, 0, 5234.11200000000008, 0, 5234.11200000000008, 0, 5234.11200000000008, 107.10893839902486491, 5234.0979999999999563, 1, 5234.11200000000008, -0.92391170000995315181, 5234.11200000000008, 36.790210731568585345
5234.1170000000001892, 101.13737068172864042, 5234.1030000000000655, 1, 5234.1170000000001892, 4.3198801385696237176, 5234.1170000000001892, 9.5747405400999312519, 5234.1170000000001892, 0, 5234.1030000000000655, 0, 5234.1170000000001892, 0, 5234.1170000000001892, 0, 5234.1170000000001892, 0, 5234.1030000000000655, 0, 5234.1170000000001892, 0, 5234.1170000000001892, 0, 5234.1170000000001892, 107.26140942373736209, 5234.1030000000000655, 1, 5234.1170000000001892, 3.5528101256895245896, 5234.1170000000001892, 36.502552647618486503
5234.1229999999995925, 98.862142223951366304, 5234.1080000000001746, 1, 5234.1229999999995925, 2.2933717885511692991, 5234.1229999999995925, 13.413327120535157633, 5234.1229999999995925, 0, 5234.1080000000001746, 0, 5234.1229999999995925, 0, 5234.1229999999995925, 0, 5234.1229999999995925, 0, 5234.1080000000001746, 0, 5234.1229999999995925, 0, 5234.1229999999995925, 0, 5234.1229999999995925, 108.4608486151178397, 5234.1080000000001746, 1, 5234.1229999999995925, 1.3297653271775051742, 5234.1229999999995925, 40.964171397465470648
5234.1260000000002037, 99.327777616643047054, 5234.1130000000002838, 1, 5234.1260000000002037, 4.1268962693794142282, 5234.1260000000002037, 12.972080644428594098, 5234.1260000000002037, 0, 5234.1130000000002838, 0, 5234.1260000000002037, 0, 5234.1260000000002037, 0, 5234.1260000000002037, 0, 5234.1130000000002838, 0, 5234.1260000000002037, 0, 5234.1260000000002037, 0, 5234.1260000000002037, 107.09378119964634379, 5234.1130000000002838, 1, 5234.1260000000002037, 2.173910897723988267, 5234.1260000000002037, 40.623918028722492579
5234.1319999999996071, 97.986421486989442542, 5234.1180000000003929, 1, 5234.1319999999996071, 4.2864207354658141469, 5234.1319999999996071, 11.468492766628216373, 5234.1319999999996071, 0, 5234.1180000000003929, 0, 5234.1319999999996071, 0, 5234.1319999999996071, 0, 5234.1319999999996071, 0, 5234.1180000000003929, 0, 5234.1319999999996071, 0, 5234.1319999999996071, 0, 5234.1319999999996071, 111.65089179109133966, 5234.1180000000003929, 1, 5234.1319999999996071, 2.8829605181317821128, 5234.1319999999996071, 39.408390833684762811
5234.1369999999997162, 96.896397171049756025, 5234.125, 1, 5234.1369999999997162, 4.8864545734943929389, 5234.1369999999997162, 10.069477046661333475, 5234.1369999999997162, 0, 5234.125, 0, 5234.1369999999997162, 0, 5234.1369999999997162, 0, 5234.1369999999997162, 0, 5234.125, 0, 5234.1369999999997162, 0, 5234.1369999999997162, 0, 5234.1369999999997162, 113.93797007663202692, 5234.125, 1, 5234.1369999999997162, 2.8764866350405791096, 5234.1369999999997162, 38.202951726188601356
5234.1419999999998254, 96.502862325821894274, 5234.1289999999999054, 1, 5234.1419999999998254, 5.6381153386356759327, 5234.1419999999998254, 8.876707782695540061, 5234.1419999999998254, 0, 5234.1289999999999054, 0, 5234.1419999999998254, 0, 5234.1419999999998254, 0, 5234.1419999999998254, 0, 5234.1289999999999054, 0, 5234.1419999999998254, 0, 5234.1419999999998254, 0, 5234.1419999999998254, 113.58311994103746656, 5234.1289999999999054, 1, 5234.1419999999998254, 3.172723061745240436, 5234.1419999999998254, 37.266133781799638314
5234.1480000000001382, 95.469326118399692405, 5234.1329999999998108, 1, 5234.1480000000001382, 6.1486305757739581068, 5234.1480000000001382, 7.1953879057799028374, 5234.1480000000001382, 0, 5234.1329999999998108, 0, 5234.1480000000001382, 0, 5234.1480000000001382, 0, 5234.1480000000001382, 0, 5234.1329999999998108, 0, 5234.1480000000001382, 0, 5234.1480000000001382, 0, 5234.1480000000001382, 115.42444869784216621, 5234.1329999999998108, 1, 5234.1480000000001382, 3.2058558533393406442, 5234.1480000000001382, 35.742240160228860191
5234.1530000000002474, 94.74946359561886311, 5234.13799999999992, 1, 5234.1530000000002474, 6.7232889703388485358, 5234.1530000000002474, 5.4947870144091979228, 5234.1530000000002474, 0, 5234.13799999999992, 0, 5234.1530000000002474, 0, 5234.1530000000002474, 0, 5234.1530000000002474, 0, 5234.13799999999992, 0, 5234.1530000000002474, 0, 5234.1530000000002474, 0, 5234.1530000000002474, 116.59316972850848515, 5234.13799999999992, 1, 5234.1530000000002474, 3.3215135916158935458, 5234.1530000000002474, 34.156908024733667162
5234.1580000000003565, 93.822655126405919646, 5234.1430000000000291, 1, 5234.1580000000003565, 7.2519368769596859181, 5234.1580000000003565, 3.6806381496745288473, 5234.1580000000003565, 0, 5234.1430000000000291, 0, 5234.1580000000003565, 0, 5234.1580000000003565, 0, 5234.1580000000003565, 0, 5234.1430000000000291, 0, 5234.1580000000003565, 0, 5234.1580000000003565, 0, 5234.1580000000003565, 118.21097658703027378, 5234.1430000000000291, 1, 5234.1580000000003565, 3.7133607346170034447, 5234.1580000000003565, 32.420634751181417244
5234.168999999999869, 93.508821809965411376, 5234.1480000000001382, 1, 5234.168999999999869, 8.2503429081315946547, 5234.168999999999869, 8.8224330044119554373, 5234.168999999999869, 368.48314939884323849, 5234.1480000000001382, 0, 5234.168999999999869, 53.876438280659741054, 5234.168999999999869, -213.28944696797623237, 5234.168999999999869, 0, 5234.1480000000001382, 0, 5234.168999999999869, 0, 5234.168999999999869, 0, 5234.168999999999869, 112.85351364847977607, 5234.1480000000001382, 1, 5234.168999999999869, 2.6680231265775868899, 5234.168999999999869, 38.829365946032652346
5234.168999999999869, 68.436211384676482794, 5234.1530000000002474, 1, 5234.168999999999869, 30.276909470219742104, 5234.168999999999869, 3.445415709553678596, 5234.168999999999869, 395.34233019295487566, 5234.1530000000002474, 0, 5234.168999999999869, 104.95542397412513935, 5234.168999999999869, -203.5693167912708077, 5234.168999999999869, 0, 5234.1530000000002474, 0, 5234.168999999999869, 0, 5234.168999999999869, 0, 5234.168999999999869, 98.145903761038212565, 5234.1530000000002474, 1, 5234.168999999999869, 11.002873884675061333, 5234.168999999999869, 34.291479515750708629
5234.1729999999997744, 30.895617208377075258, 5234.1580000000003565, 1, 5234.1729999999997744, 21.322294498509354099, 5234.1729999999997744, -3.1709621282850974922, 5234.1729999999997744, 371.86626406671013001, 5234.1580000000003565, 0, 5234.1729999999997744, 110.40126798879229852, 5234.1729999999997744, -165.40297091113532701, 5234.1729999999997744, 0, 5234.1580000000003565, 0, 5234.1729999999997744, 0, 5234.1729999999997744, 0, 5234.1729999999997744, 94.629839673882031548, 5234.1580000000003565, 1, 5234.1729999999997744, 14.936220681014656719, 5234.1729999999997744, 28.484307385261118384
5234.1779999999998836, 11.928049740441311499, 5234.1639999999997599, 1, 5234.1779999999998836, 7.8466414813952081175, 5234.1779999999998836, -5.4069804402728474102, 5234.1779999999998836, 317.79864641033680073, 5234.1639999999997599, 0, 5234.1779999999998836, 104.52125715113652404, 5234.1779999999998836, -111.1249042195078971, 5234.1779999999998836, 0, 5234.1639999999997599, 0, 5234.1779999999998836, 0, 5234.1779999999998836, 0, 5234.1779999999998836, 92.384119653104392, 5234.1639999999997599, 1, 5234.1779999999998836, 23.817675022953281427, 5234.1779999999998836, 22.199517143968698463
5234.181999999999789, 0.97175204277236848505, 5234.1679999999996653, 1, 5234.181999999999789, 0.62033336062740784822, 5234.181999999999789, -0.61929839238600170592, 5234.181999999999789, 209.16676316082663334, 5234.1679999999996653, 0, 5234.181999999999789, 87.303294712537748978, 5234.181999999999789, -89.768674470443770019, 5234.181999999999789, 0, 5234.1679999999996653, 0, 5234.181999999999789, 0, 5234.181999999999789, 0, 5234.181999999999789, 95.279770613088743403, 5234.1679999999996653, 1, 5234.181999999999789, 26.990172053785080664, 5234.181999999999789, 16.872020974246190406
5234.193000000000211, 0, 5234.1729999999997744, 1, 5234.193000000000211, 0, 5234.193000000000211, 0, 5234.193000000000211, 68.197789766700140035, 5234.1729999999997744, 0, 5234.193000000000211, 42.088673558789487572, 5234.193000000000211, 10.686079945095801946, 5234.193000000000211, 146.14083492497852035, 5234.1729999999997744, 0, 5234.193000000000211, -1.4750827168581279736, 5234.193000000000211, -18.624956716355050901, 5234.193000000000211, 84.70061820450388268, 5234.1729999999997744, 1, 5234.193000000000211, 22.199459319945120228, 5234.193000000000211, 8.8485455452493226858
5234.1980000000003201, 0, 5234.1779999999998836, 1, 5234.1980000000003201, 0, 5234.1980000000003201, 0, 5234.1980000000003201, 36.803944159171209094, 5234.1779999999998836, 0, 5234.1980000000003201, 23.285424253837256003, 5234.1980000000003201, 14.510521633014015208, 5234.1980000000003201, 89.491717645512181889, 5234.1779999999998836, 0, 5234.1980000000003201, -12.787768611717304168, 5234.1980000000003201, 2.613127838938417824, 5234.1980000000003201, 57.880512874523944333, 5234.1779999999998836, 1, 5234.1980000000003201, 3.7972075111360741317, 5234.1980000000003201, 19.732785196153443508
5234.2030000000004293, 0, 5234.1829999999999927, 1, 5234.2030000000004293, 0, 5234.2030000000004293, 0, 5234.2030000000004293, 24.584552972822191208, 5234.1829999999999927, 1, 5234.2030000000004293, 13.830604033907778927, 5234.2030000000004293, 11.733043261466036711, 5234.2030000000004293, 62.192992466270425211, 5234.1829999999999927, 1, 5234.2030000000004293, -8.5000540590329567436, 5234.2030000000004293, 6.8640725259908279554, 5234.2030000000004293, 46.987640248083565098, 5234.1829999999999927, 1, 5234.2030000000004293, 3.1103576933144339023, 5234.2030000000004293, 18.887332775213138802
5234.2079999999996289, 0, 5234.1880000000001019, 1, 5234.2079999999996289, 0, 5234.2079999999996289, 0, 5234.2079999999996289, 5.9946336058090325949, 5234.1880000000001019, 1, 5234.2079999999996289, 4.3498067795778920797, 5234.2079999999996289, 4.0000158297043393318, 5234.2079999999996289, 34.278960150240266103, 5234.1880000000001019, 1, 5234.2079999999996289, -3.2961307940849935427, 5234.2079999999996289, 5.4486692271278691635, 5234.2079999999996289, 46.546264385979505107, 5234.1880000000001019, 1, 5234.2079999999996289, 2.380535716807800295, 5234.2079999999996289, 18.911043101143022227
5234.2129999999997381, 0, 5234.193000000000211, 1, 5234.2129999999997381, 0, 5234.2129999999997381, 0, 5234.2129999999997381, 4.0689225383205434028, 5234.193000000000211, 1, 5234.2129999999997381, 2.9208467087889262714, 5234.2129999999997381, 2.6575708858898834386, 5234.2129999999997381, 23.103824820356187786, 5234.193000000000211, 1, 5234.2129999999997381, 2.2431564999035802366, 5234.2129999999997381, 5.3556879600961737609, 5234.2129999999997381, 45.230681629631689589, 5234.193000000000211, 1, 5234.2129999999997381, 6.4489321667429555518, 5234.2129999999997381, 19.96123605648160293
5234.2179999999998472, 0, 5234.1980000000003201, 1, 5234.2179999999998472, 0, 5234.2179999999998472, 0, 5234.2179999999998472, 13.663377917346769763, 5234.1980000000003201, 1, 5234.2179999999998472, 8.6723432608989288184, 5234.2179999999998472, -1.6881929501906478563, 5234.2179999999998472, 15.509076237309656676, 5234.1980000000003201, 1, 5234.2179999999998472, 5.4387422574419268528, 5234.2179999999998472, 4.3508350448535200172, 5234.2179999999998472, 48.63736546946996242, 5234.1980000000003201, 1, 5234.2179999999998472, 7.223170941423522784, 5234.2179999999998472, 21.671002068958447495
5234.2280000000000655, 0, 5234.2030000000004293, 1, 5234.2280000000000655, 0, 5234.2280000000000655, 0, 5234.2280000000000655, 22.543397751372129534, 5234.2030000000004293, 1, 5234.2280000000000655, 11.317109362037550468, 5234.2280000000000655, -5.4435393336176396417, 5234.2280000000000655, 16.162295535946711311, 5234.2030000000004293, 1, 5234.2280000000000655, 3.7287848177748297296, 5234.2280000000000655, 2.881515368143363176, 5234.2280000000000655, 54.321261321798800736, 5234.2030000000004293, 1, 5234.2280000000000655, 7.8375272817524654911, 5234.2280000000000655, 20.428204188476822623
5234.2280000000000655, 0, 5234.2079999999996289, 1, 5234.2280000000000655, 0, 5234.2280000000000655, 0, 5234.2280000000000655, 36.996201316828958738, 5234.2079999999996289, 1, 5234.2280000000000655, 14.589746848804875157, 5234.2280000000000655, -9.4207515446110789981, 5234.2280000000000655, 17.942740490542291809, 5234.2079999999996289, 1, 5234.2280000000000655, 5.1655268021331375294, 5234.2280000000000655, 3.1557610846655128611, 5234.2280000000000655, 54.965288313738014381, 5234.2079999999996289, 1, 5234.2280000000000655, 11.08724844561563927, 5234.2280000000000655, 21.333093149244543696
5234.2380000000002838, 0, 5234.2129999999997381, 1, 5234.2380000000002838, 0, 5234.2380000000002838, 0, 5234.2380000000002838, 46.916430759493650271, 5234.2129999999997381, 1, 5234.2380000000002838, 15.860994514967229563, 5234.2380000000002838, -9.6026426362574497375, 5234.2380000000002838, 20.819925955350921498, 5234.2129999999997381, 1, 5234.2380000000002838, 3.0677559115052641658, 5234.2380000000002838, 3.2570708485157577883, 5234.2380000000002838, 55.280909908149510557, 5234.2129999999997381, 1, 5234.2380000000002838, 7.9352473532200500372, 5234.2380000000002838, 28.490524053857100739
5234.2380000000002838, 0, 5234.2179999999998472, 1, 5234.2380000000002838, 0, 5234.2380000000002838, 0, 5234.2380000000002838, 57.536481525400638759, 5234.2179999999998472, 1, 5234.2380000000002838, 19.095225637427983401, 5234.2380000000002838, -11.781671972162875761, 5234.2380000000002838, 23.468777268985668627, 5234.2179999999998472, 1, 5234.2380000000002838, 5.1633655505963709231, 5234.2380000000002838, 3.4370004011444290626, 5234.2380000000002838, 54.07560744643999584, 5234.2179999999998472, 1, 5234.2380000000002838, 11.856052598422598621, 5234.2380000000002838, 28.996574961902187084
5234.2409999999999854, 0, 5234.2229999999999563, 1, 5234.2409999999999854, 0, 5234.2409999999999854, 0, 5234.2409999999999854, 64.148382394399106943, 5234.2229999999999563, 1, 5234.2409999999999854, 19.041203125017027276, 5234.2409999999999854, -13.457888754905958706, 5234.2409999999999854, 27.250351882970505812, 5234.2229999999999563, 1, 5234.2409999999999854, 2.7667785018246386919, 5234.2409999999999854, 2.6191313236007474075, 5234.2409999999999854, 55.831267492489445203, 5234.2229999999999563, 1, 5234.2409999999999854, 9.2208320353558441695, 5234.2409999999999854, 29.259573047776271437
5234.2479999999995925, 102.40429151897502891, 5234.2280000000000655, 1, 5234.2479999999995925, -12.022980823208657242, 5234.2479999999995925, 18.745874073944182925, 5234.2479999999995925, 65.946924718121408659, 5234.2280000000000655, 1, 5234.2479999999995925, 15.938280968745132782, 5234.2479999999995925, -15.108224436069249919, 5234.2479999999995925, 29.481766281909354888, 5234.2280000000000655, 1, 5234.2479999999995925, 1.4618841598758001155, 5234.2479999999995925, 1.2160116689617463948, 5234.2479999999995925, 58.294489995015176476, 5234.2280000000000655, 1, 5234.2479999999995925, 9.3349281758769215855, 5234.2479999999995925, 28.953632853786174906
5234.2529999999997017, 69.183972141451434368, 5234.2330000000001746, 1, 5234.2529999999997017, -9.6451499549631378727, 5234.2529999999997017, 13.738969874395650095, 5234.2529999999997017, 59.941523727851532044, 5234.2330000000001746, 1, 5234.2529999999997017, 12.874834954269218201, 5234.2529999999997017, -15.460319507205380063, 5234.2529999999997017, 30.874724764890174811, 5234.2330000000001746, 1, 5234.2529999999997017, -1.1855447869724349275, 5234.2529999999997017, -0.90707900249111972357, 5234.2529999999997017, 59.396618212415781102, 5234.2330000000001746, 1, 5234.2529999999997017, 6.5421288534763624156, 5234.2529999999997017, 27.604260754969317304
5234.2579999999998108, 54.813823369379193196, 5234.2380000000002838, 1, 5234.2579999999998108, -7.2023808819595460662, 5234.2579999999998108, 0.045724312113570420024, 5234.2579999999998108, 61.829833549546044935, 5234.2380000000002838, 1, 5234.2579999999998108, 13.536059738171397626, 5234.2579999999998108, -18.46096816830360865, 5234.2579999999998108, 32.762703885566246242, 5234.2380000000002838, 1, 5234.2579999999998108, -1.550788014498094336, 5234.2579999999998108, -3.7989897781412711453, 5234.2579999999998108, 40.684151801804404158, 5234.2380000000002838, 1, 5234.2579999999998108, 2.2084840005039887423, 5234.2579999999998108, 12.564401563083203328
5234.26299999999992, 74.366066856570455457, 5234.2430000000003929, 1, 5234.26299999999992, -10.350103578030125817, 5234.26299999999992, 36.445195545809980331, 5234.26299999999992, 56.960733910349752307, 5234.2430000000003929, 1, 5234.26299999999992, 10.502363955920381855, 5234.26299999999992, -16.413584479997904708, 5234.26299999999992, 33.284552547413710499, 5234.2430000000003929, 1, 5234.26299999999992, -2.6300996169676427172, 5234.26299999999992, -2.488209033917669899, 5234.26299999999992, 58.455165020105283702, 5234.2430000000003929, 1, 5234.26299999999992, 6.1248200144421893754, 5234.26299999999992, 36.232130066156777559
5234.2680000000000291, 15.597146102236635556, 5234.2479999999995925, 1, 5234.2680000000000291, -1.0842035401520411231, 5234.2680000000000291, 9.2115868782579930496, 5234.2680000000000291, 49.171343838118154679, 5234.2479999999995925, 1, 5234.2680000000000291, 9.4998842013646775939, 5234.2680000000000291, -19.184811165288031987, 5234.2680000000000291, 54.74427029841001513, 5234.2479999999995925, 1, 5234.2680000000000291, -7.8484986574927164682, 5234.2680000000000291, -12.355336207344471688, 5234.2680000000000291, 14.879408205482565819, 5234.2479999999995925, 1, 5234.2680000000000291, 0.0031791791376406539418, 5234.2680000000000291, 9.8391493833441820982
5234.2780000000002474, 0, 5234.2529999999997017, 1, 5234.2780000000002474, 0, 5234.2780000000002474, 0, 5234.2780000000002474, 61.492962113813689484, 5234.2529999999997017, 1, 5234.2780000000002474, 10.604827786010805113, 5234.2780000000002474, -23.136116045199575098, 5234.2780000000002474, 72.137723207090829192, 5234.2529999999997017, 1, 5234.2780000000002474, -11.060553721781369418, 5234.2780000000002474, -17.160906021295126322, 5234.2780000000002474, 0, 5234.2529999999997017, 1, 5234.2780000000002474, 0, 5234.2780000000002474, 0
5234.2830000000003565, 0, 5234.2579999999998108, 0, 5234.2830000000003565, 0, 5234.2830000000003565, 0, 5234.2830000000003565, 75.239709987977079209, 5234.2579999999998108, 1, 5234.2830000000003565, 11.667155344495190761, 5234.2830000000003565, -24.995527315767578358, 5234.2830000000003565, 73.476308920247717538, 5234.2579999999998108, 1, 5234.2830000000003565, -12.968853730050968309, 5234.2830000000003565, -15.240784716053585868, 5234.2830000000003565, 0, 5234.2579999999998108, 0, 5234.2830000000003565, 0, 5234.2830000000003565, 0
5234.2870000000002619, 0, 5234.26299999999992, 0, 5234.2870000000002619, 0, 5234.2870000000002619, 0, 5234.2870000000002619, 87.22247791360078395, 5234.26299999999992, 1, 5234.2870000000002619, 13.057048819412617746, 5234.2870000000002619, -27.370197284073356059, 5234.2870000000002619, 80.06837891306268773, 5234.26299999999992, 1, 5234.2870000000002619, -10.735064607542287973, 5234.2870000000002619, -15.675223731536796379, 5234.2870000000002619, 0, 5234.26299999999992, 0, 5234.2870000000002619, 0, 5234.2870000000002619, 0
5234.2929999999996653, 0, 5234.2680000000000291, 0, 5234.2929999999996653, 0, 5234.2929999999996653, 0, 5234.2929999999996653, 94.667367752768626588, 5234.2680000000000291, 1, 5234.2929999999996653, 14.054033364177545451, 5234.2929999999996653, -27.255634758154286601, 5234.2929999999996653, 75.860038396232695845, 5234.2680000000000291, 1, 5234.2929999999996653, -11.611877085240541518, 5234.2929999999996653, -11.741164523998754987, 5234.2929999999996653, 0, 5234.2680000000000291, 0, 5234.2929999999996653, 0, 5234.2929999999996653, 0
5234.2979999999997744, 0, 5234.2730000000001382, 0, 5234.2979999999997744, 0, 5234.2979999999997744, 0, 5234.2979999999997744, 103.90324724310536908, 5234.2730000000001382, 1, 5234.2979999999997744, 15.457267472586428525, 5234.2979999999997744, -28.714554433454978266, 5234.2979999999997744, 80.405624522193591019, 5234.2730000000001382, 1, 5234.2979999999997744, -7.927153542431340405, 5234.2979999999997744, -11.398911566251776151, 5234.2979999999997744, 0, 5234.2730000000001382, 0, 5234.2979999999997744, 0, 5234.2979999999997744, 0
5234.3029999999998836, 0, 5234.2780000000002474, 0, 5234.3029999999998836, 0, 5234.3029999999998836, 0, 5234.3029999999998836, 108.93255377065794676, 5234.2780000000002474, 1, 5234.3029999999998836, 16.09901882746540025, 5234.3029999999998836, -27.56348495105790164, 5234.3029999999998836, 73.06900402999229982, 5234.2780000000002474, 1, 5234.3029999999998836, -8.0578213566807193047, 5234.3029999999998836, -6.2107292349499374495, 5234.3029999999998836, 0, 5234.2780000000002474, 0, 5234.3029999999998836, 0, 5234.3029999999998836, 0
5234.3079999999999927, 0, 5234.2839999999996508, 0, 5234.3079999999999927, 0, 5234.3079999999999927, 0, 5234.3079999999999927, 114.25933128835808361, 5234.2839999999996508, 1, 5234.3079999999999927, 17.044490489846332082, 5234.3079999999999927, -28.276886036097465649, 5234.3079999999999927, 77.339725234359150363, 5234.2839999999996508, 1, 5234.3079999999999927, -4.3162234019841188015, 5234.3079999999999927, -6.0456797156371990809, 5234.3079999999999927, 0, 5234.2839999999996508, 0, 5234.3079999999999927, 0, 5234.3079999999999927, 0
5234.3130000000001019, 0, 5234.2879999999995562, 0, 5234.3130000000001019, 0, 5234.3130000000001019, 0, 5234.3130000000001019, 116.50241451961321104, 5234.2879999999995562, 1, 5234.3130000000001019, 17.253398024434108748, 5234.3130000000001019, -26.889994523916897151, 5234.3130000000001019, 71.338837292424358338, 5234.2879999999995562, 1, 5234.3130000000001019, -4.7096420584066622794, 5234.3130000000001019, -1.6763910518833924357, 5234.3130000000001019, 0, 5234.2879999999995562, 0, 5234.3130000000001019, 0, 5234.3130000000001019, 0
5234.318000000000211, 0, 5234.2929999999996653, 0, 5234.318000000000211, 0, 5234.318000000000211, 0, 5234.318000000000211, 122.64920906527061106, 5234.2929999999996653, 1, 5234.318000000000211, 18.923043774873029577, 5234.318000000000211, -13.423795673941754103, 5234.318000000000211, 73.551868343215375035, 5234.2929999999996653, 1, 5234.318000000000211, -0.63907319958752406563, 5234.318000000000211, 7.5415593101455158376, 5234.318000000000211, 0, 5234.2929999999996653, 0, 5234.318000000000211, 0, 5234.318000000000211, 0
5234.318000000000211, 0, 5234.2979999999997744, 0, 5234.318000000000211, 0, 5234.318000000000211, 0, 5234.318000000000211, 122.50474627079711354, 5234.2979999999997744, 1, 5234.318000000000211, 18.756181237142829588, 5234.318000000000211, -12.078867678190825075, 5234.318000000000211, 69.571773455470847125, 5234.2979999999997744, 1, 5234.318000000000211, -1.6597024748324151755, 5234.318000000000211, 10.23577181545111614, 5234.318000000000211, 0, 5234.2979999999997744, 0, 5234.318000000000211, 0, 5234.318000000000211, 0
5234.3280000000004293, 0, 5234.3040000000000873, 0, 5234.3280000000004293, 0, 5234.3280000000004293, 0, 5234.3280000000004293, 125.0329018418690481, 5234.3040000000000873, 1, 5234.3280000000004293, 18.668680154113285852, 5234.3280000000004293, -11.824781529664932123, 5234.3280000000004293, 72.607855159636926601, 5234.3040000000000873, 1, 5234.3280000000004293, 1.5601434231596329472, 5234.3280000000004293, 10.94202825317002592, 5234.3280000000004293, 0, 5234.3040000000000873, 0, 5234.3280000000004293, 0, 5234.3280000000004293, 0
5234.3329999999996289, 0, 5234.3079999999999927, 0, 5234.3329999999996289, 0, 5234.3329999999996289, 0, 5234.3329999999996289, 123.23069420144857133, 5234.3079999999999927, 1, 5234.3329999999996289, 17.938683522893168032, 5234.3329999999996289, -10.794061741842760682, 5234.3329999999996289, 70.664706230123982778, 5234.3079999999999927, 1, 5234.3329999999996289, -0.032005144212768600609, 5234.3329999999996289, 12.784079275471889048, 5234.3329999999996289, 0, 5234.3079999999999927, 0, 5234.3329999999996289, 0, 5234.3329999999996289, 0
5234.3350000000000364, 0, 5234.3140000000003056, 0, 5234.3350000000000364, 0, 5234.3350000000000364, 0, 5234.3350000000000364, 125.36327331709483701, 5234.3140000000003056, 1, 5234.3350000000000364, 17.80073638428399363, 5234.3350000000000364, -10.581519624131438206, 5234.3350000000000364, 73.981369543125651944, 5234.3140000000003056, 1, 5234.3350000000000364, 2.6908071827295412248, 5234.3350000000000364, 13.284378431988344005, 5234.3350000000000364, 0, 5234.3140000000003056, 0, 5234.3350000000000364, 0, 5234.3350000000000364, 0
5234.3429999999998472, 0, 5234.318000000000211, 0, 5234.3429999999998472, 0, 5234.3429999999998472, 0, 5234.3429999999998472, 124.1073709302270629, 5234.318000000000211, 1, 5234.3429999999998472, 16.96394316321391571, 5234.3429999999998472, -9.2741024433371990199, 5234.3429999999998472, 70.413219792368337835, 5234.318000000000211, 1, 5234.3429999999998472, 1.3053636283358565073, 5234.3429999999998472, 15.656551479171099572, 5234.3429999999998472, 0, 5234.318000000000211, 0, 5234.3429999999998472, 0, 5234.3429999999998472, 0
5234.3479999999999563, 0, 5234.3239999999996144, 0, 5234.3479999999999563, 0, 5234.3479999999999563, 0, 5234.3479999999999563, 123.13769320960243192, 5234.3239999999996144, 1, 5234.3479999999999563, 16.167019194751528488, 5234.3479999999999563, -9.7502831742382838343, 5234.3479999999999563, 78.224151994812416433, 5234.3239999999996144, 1, 5234.3479999999999563, 2.9857264362907058874, 5234.3479999999999563, 14.410118985853181073, 5234.3479999999999563, 0, 5234.3239999999996144, 0, 5234.3479999999999563, 0, 5234.3479999999999563, 0
5234.3479999999999563, 0, 5234.3289999999997235, 0, 5234.3479999999999563, 0, 5234.3479999999999563, 0, 5234.3479999999999563, 123.19396284511722683, 5234.3289999999997235, 1, 5234.3479999999999563, 15.546269167901296981, 5234.3479999999999563, -8.4079143825431756909, 5234.3479999999999563, 73.856944471430438171, 5234.3289999999997235, 1, 5234.3479999999999563, 1.7558892068434539535, 5234.3479999999999563, 16.979129856279712385, 5234.3479999999999563, 0, 5234.3289999999997235, 0, 5234.3479999999999563, 0, 5234.3479999999999563, 0
5234.3519999999998618, 0, 5234.3329999999996289, 0, 5234.3519999999998618, 0, 5234.3519999999998618, 0, 5234.3519999999998618, 123.41004333607884291, 5234.3329999999996289, 1, 5234.3519999999998618, 14.753972163300852927, 5234.3519999999998618, -1.8191490561451857388, 5234.3519999999998618, 77.341209902865756476, 5234.3329999999996289, 1, 5234.3519999999998618, 3.7098130093776315874, 5234.3519999999998618, 20.943710573481947534, 5234.3519999999998618, 0, 5234.3329999999996289, 0, 5234.3519999999998618, 0, 5234.3519999999998618, 0
5234.3569999999999709, 0, 5234.3379999999997381, 0, 5234.3569999999999709, 0, 5234.3569999999999709, 0, 5234.3569999999999709, 120.81689040775231092, 5234.3379999999997381, 1, 5234.3569999999999709, 13.693830374053325372, 5234.3569999999999709, -0.23287627416590339635, 5234.3569999999999709, 76.392916158457779829, 5234.3379999999997381, 1, 5234.3569999999999709, 1.543627106581049846, 5234.3569999999999709, 22.651102499387064881, 5234.3569999999999709, 0, 5234.3379999999997381, 0, 5234.3569999999999709, 0, 5234.3569999999999709, 0
5234.3630000000002838, 0, 5234.3440000000000509, 0, 5234.3630000000002838, 0, 5234.3630000000002838, 0, 5234.3630000000002838, 119.92724243221134373, 5234.3440000000000509, 1, 5234.3630000000002838, 12.760181784165061103, 5234.3630000000002838, -0.80361079942917967855, 5234.3630000000002838, 83.645885094151736894, 5234.3440000000000509, 1, 5234.3630000000002838, 2.951848795303780193, 5234.3630000000002838, 21.802758546337663859, 5234.3630000000002838, 0, 5234.3440000000000509, 0, 5234.3630000000002838, 0, 5234.3630000000002838, 0
5234.3680000000003929, 0, 5234.3490000000001601, 0, 5234.3680000000003929, 0, 5234.3680000000003929, 0, 5234.3680000000003929, 116.95901107138330133, 5234.3490000000001601, 1, 5234.3680000000003929, 11.367759874586784719, 5234.3680000000003929, -0.58353846399489128771, 5234.3680000000003929, 84.410104201967641302, 5234.3490000000001601, 1, 5234.3680000000003929, 0.49518938199888878904, 5234.3680000000003929, 22.296494628525913129, 5234.3680000000003929, 0, 5234.3490000000001601, 0, 5234.3680000000003929, 0, 5234.3680000000003929, 0
5234.3729999999995925, 0, 5234.3540000000002692, 0, 5234.3729999999995925, 0, 5234.3729999999995925, 0, 5234.3729999999995925, 117.06761375498456346, 5234.3540000000002692, 1, 5234.3729999999995925, 10.558767023220985593, 5234.3729999999995925, -0.93568421971038873153, 5234.3729999999995925, 89.220915197738918323, 5234.3540000000002692, 1, 5234.3729999999995925, 1.9745063670447893234, 5234.3729999999995925, 21.903577521337787459, 5234.3729999999995925, 0, 5234.3540000000002692, 0, 5234.3729999999995925, 0, 5234.3729999999995925, 0
5234.3829999999998108, 0, 5234.3580000000001746, 0, 5234.3829999999998108, 0, 5234.3829999999998108, 0, 5234.3829999999998108, 115.60888905993547837, 5234.3580000000001746, 1, 5234.3829999999998108, 9.4992019476438365189, 5234.3829999999998108, -0.19253537769586870354, 5234.3829999999998108, 86.706353862897117324, 5234.3580000000001746, 1, 5234.3829999999998108, 0.3878550058335648032, 5234.3829999999998108, 23.276313399586960884, 5234.3829999999998108, 0, 5234.3580000000001746, 0, 5234.3829999999998108, 0, 5234.3829999999998108, 0
5234.3900000000003274, 0, 5234.3630000000002838, 0, 5234.3900000000003274, 0, 5234.3900000000003274, 0, 5234.3900000000003274, 115.24564460003303168, 5234.3630000000002838, 1, 5234.3900000000003274, 8.770266771015938545, 5234.3900000000003274, -0.59917730624230358671, 5234.3900000000003274, 91.462221310046260214, 5234.3630000000002838, 1, 5234.3900000000003274, 1.7583181667384557567, 5234.3900000000003274, 22.764895895740686171, 5234.3900000000003274, 0, 5234.3630000000002838, 0, 5234.3900000000003274, 0, 5234.3900000000003274, 0
5234.3900000000003274, 0, 5234.3680000000003929, 0, 5234.3900000000003274, 0, 5234.3900000000003274, 0, 5234.3900000000003274, 112.71039169596203067, 5234.3680000000003929, 1, 5234.3900000000003274, 7.4924007936922869533, 5234.3900000000003274, 4.9185827768497247803, 5234.3900000000003274, 91.479124556269823643, 5234.3680000000003929, 1, 5234.3900000000003274, 0.63342924664781286026, 5234.3900000000003274, 27.560725022105465598, 5234.3900000000003274, 0, 5234.3680000000003929, 0, 5234.3900000000003274, 0, 5234.3900000000003274, 0
5234.3999999999996362, 0, 5234.3729999999995925, 0, 5234.3999999999996362, 0, 5234.3999999999996362, 0, 5234.3999999999996362, 111.97223847640583472, 5234.3729999999995925, 1, 5234.3999999999996362, 6.6038450849385377239, 5234.3999999999996362, 5.995784818465040189, 5234.3999999999996362, 92.876718784495125192, 5234.3729999999995925, 1, 5234.3999999999996362, 0.53784117009064402737, 5234.3999999999996362, 28.741350057703897392, 5234.3999999999996362, 0, 5234.3729999999995925, 0, 5234.3999999999996362, 0, 5234.3999999999996362, 0
5234.4049999999997453, 0, 5234.3779999999997017, 0, 5234.4049999999997453, 0, 5234.4049999999997453, 0, 5234.4049999999997453, 111.05697275920856271, 5234.3779999999997017, 1, 5234.4049999999997453, 5.5092331625828689923, 5234.4049999999997453, 6.2007363388313834207, 5234.4049999999997453, 92.192702324357611587, 5234.3779999999997017, 1, 5234.4049999999997453, -0.42272064051303498422, 5234.4049999999997453, 29.320144173533385867, 5234.4049999999997453, 0, 5234.3779999999997017, 0, 5234.4049999999997453, 0, 5234.4049999999997453, 0
5234.4049999999997453, 0, 5234.3840000000000146, 0, 5234.4049999999997453, 0, 5234.4049999999997453, 0, 5234.4049999999997453, 108.94153302566138564, 5234.3840000000000146, 1, 5234.4049999999997453, 5.7560940870288543891, 5234.4049999999997453, 5.3149636253058218927, 5234.4049999999997453, 98.058118277846531896, 5234.3840000000000146, 1, 5234.4049999999997453, 1.3664088689210562855, 5234.4049999999997453, 28.407230429330184052, 5234.4049999999997453, 0, 5234.3840000000000146, 0, 5234.4049999999997453, 0, 5234.4049999999997453, 0
5234.4099999999998545, 0, 5234.3900000000003274, 0, 5234.4099999999998545, 0, 5234.4099999999998545, 0, 5234.4099999999998545, 108.8295102525336091, 5234.3900000000003274, 1, 5234.4099999999998545, 2.8488380634060113117, 5234.4099999999998545, 5.8038493893871745399, 5234.4099999999998545, 94.816895125293470414, 5234.3900000000003274, 1, 5234.4099999999998545, -1.7409581394437911861, 5234.4099999999998545, 29.407942810674214229, 5234.4099999999998545, 0, 5234.3900000000003274, 0, 5234.4099999999998545, 0, 5234.4099999999998545, 0
5234.4200000000000728, 0, 5234.3940000000002328, 0, 5234.4200000000000728, 0, 5234.4200000000000728, 0, 5234.4200000000000728, 106.57922666241579179, 5234.3940000000002328, 1, 5234.4200000000000728, 5.2686000049964443193, 5234.4200000000000728, 5.0252709353425331074, 5234.4200000000000728, 100.08130134507638331, 5234.3940000000002328, 1, 5234.4200000000000728, 2.0999374742283278827, 5234.4200000000000728, 28.51857739148663029, 5234.4200000000000728, 0, 5234.3940000000002328, 0, 5234.4200000000000728, 0, 5234.4200000000000728, 0
5234.4200000000000728, 0, 5234.3980000000001382, 0, 5234.4200000000000728, 0, 5234.4200000000000728, 0, 5234.4200000000000728, 107.0941678022627741, 5234.3980000000001382, 1, 5234.4200000000000728, 0.52912123019436918536, 5234.4200000000000728, 5.3979932887491131055, 5234.4200000000000728, 96.688993164265681912, 5234.3980000000001382, 1, 5234.4200000000000728, -2.7566105941092353682, 5234.4200000000000728, 29.421348599310746863, 5234.4200000000000728, 0, 5234.3980000000001382, 0, 5234.4200000000000728, 0, 5234.4200000000000728, 0
5234.430000000000291, 0, 5234.4030000000002474, 0, 5234.430000000000291, 0, 5234.430000000000291, 0, 5234.430000000000291, 103.61282345873971167, 5234.4030000000002474, 1, 5234.430000000000291, 4.5044001190892242192, 5234.430000000000291, 10.444471840827475262, 5234.430000000000291, 99.567684790604204181, 5234.4030000000002474, 1, 5234.430000000000291, 2.2830262819564453025, 5234.430000000000291, 34.111701418700221211, 5234.430000000000291, 0, 5234.4030000000002474, 0, 5234.430000000000291, 0, 5234.430000000000291, 0
5234.430000000000291, 0, 5234.4080000000003565, 0, 5234.430000000000291, 0, 5234.430000000000291, 0, 5234.430000000000291, 105.19416803986925402, 5234.4080000000003565, 1, 5234.430000000000291, -0.86777674345078936735, 5234.430000000000291, 10.604929374916594043, 5234.430000000000291, 97.916288121387580645, 5234.4080000000003565, 1, 5234.430000000000291, -2.8675897172810773661, 5234.430000000000291, 34.492062132994796286, 5234.430000000000291, 0, 5234.4080000000003565, 0, 5234.430000000000291, 0, 5234.430000000000291, 0
5234.4350000000004002, 0, 5234.4129999999995562, 0, 5234.4350000000004002, 0, 5234.4350000000004002, 0, 5234.4350000000004002, 101.85396682488124043, 5234.4129999999995562, 1, 5234.4350000000004002, 2.8503910769308271611, 5234.4350000000004002, 9.7788693787818417036, 5234.4350000000004002, 100.93073542252022889, 5234.4129999999995562, 1, 5234.4350000000004002, 1.3395942283080668478, 5234.4350000000004002, 33.896283440513883534, 5234.4350000000004002, 0, 5234.4129999999995562, 0, 5234.4350000000004002, 0, 5234.4350000000004002, 0
5234.4399999999995998, 0, 5234.4179999999996653, 0, 5234.4399999999995998, 0, 5234.4399999999995998, 0, 5234.4399999999995998, 102.98621397635633912, 5234.4179999999996653, 1, 5234.4399999999995998, -1.2456022477942361171, 5234.4399999999995998, 9.4682198563192230267, 5234.4399999999995998, 101.48724996781641039, 5234.4179999999996653, 1, 5234.4399999999995998, -2.3208141288412522663, 5234.4399999999995998, 33.791215268704149821, 5234.4399999999995998, 0, 5234.4179999999996653, 0, 5234.4399999999995998, 0, 5234.4399999999995998, 0
5234.4499999999998181, 0, 5234.4239999999999782, 0, 5234.4499999999998181, 0, 5234.4499999999998181, 0, 5234.4499999999998181, 100.22550974743563756, 5234.4239999999999782, 1, 5234.4499999999998181, 0.55876946993552900622, 5234.4499999999998181, 8.6614138597521517227, 5234.4499999999998181, 102.92329276372251456, 5234.4239999999999782, 1, 5234.4499999999998181, -0.90324784943902147738, 5234.4499999999998181, 33.175512895287972981, 5234.4499999999998181, 0, 5234.4239999999999782, 0, 5234.4499999999998181, 0, 5234.4499999999998181, 0
5234.4549999999999272, 0, 5234.4279999999998836, 0, 5234.4549999999999272, 0, 5234.4549999999999272, 0, 5234.4549999999999272, 100.90191290756868625, 5234.4279999999998836, 1, 5234.4549999999999272, -1.6097221449931597981, 5234.4549999999999272, 8.1712131812820416599, 5234.4549999999999272, 104.76945479435130437, 5234.4279999999998836, 1, 5234.4549999999999272, -1.4886797902681232486, 5234.4549999999999272, 32.748638571555396481, 5234.4549999999999272, 0, 5234.4279999999998836, 0, 5234.4549999999999272, 0, 5234.4549999999999272, 0
5234.4610000000002401, 0, 5234.4340000000001965, 0, 5234.4610000000002401, 0, 5234.4610000000002401, 0, 5234.4610000000002401, 98.323657496247250265, 5234.4340000000001965, 1, 5234.4610000000002401, 1.1658114642636681069, 5234.4610000000002401, 4.1262859487498033673, 5234.4610000000002401, 109.93850068908420781, 5234.4340000000001965, 1, 5234.4610000000002401, -5.2249113634944182039, 5234.4610000000002401, 22.696337960044317583, 5234.4610000000002401, 0, 5234.4340000000001965, 0, 5234.4610000000002401, 0, 5234.4610000000002401, 0
5234.4650000000001455, 0, 5234.4380000000001019, 0, 5234.4650000000001455, 0, 5234.4650000000001455, 0, 5234.4650000000001455, 97.370677286637558723, 5234.4380000000001019, 1, 5234.4650000000001455, -2.599496455585017074, 5234.4650000000001455, 11.569884656164425962, 5234.4650000000001455, 107.52413503687736807, 5234.4380000000001019, 1, 5234.4650000000001455, -2.6148115086230290238, 5234.4650000000001455, 37.183113499025203907, 5234.4650000000001455, 0, 5234.4380000000001019, 0, 5234.4650000000001455, 0, 5234.4650000000001455, 0
5234.4650000000001455, 0, 5234.443000000000211, 0, 5234.4650000000001455, 0, 5234.4650000000001455, 0, 5234.4650000000001455, 96.008781258278304449, 5234.443000000000211, 1, 5234.4650000000001455, -3.1294791724566328739, 5234.4650000000001455, 10.264297807380749816, 5234.4650000000001455, 109.31718035135040168, 5234.443000000000211, 1, 5234.4650000000001455, -2.841674897017226975, 5234.4650000000001455, 36.163082342836091243, 5234.4650000000001455, 0, 5234.443000000000211, 0, 5234.4650000000001455, 0, 5234.4650000000001455, 0
5234.475999999999658, 0, 5234.4480000000003201, 0, 5234.475999999999658, 0, 5234.475999999999658, 0, 5234.475999999999658, 95.603564785568224238, 5234.4480000000003201, 1, 5234.475999999999658, -4.1076429830402618748, 5234.475999999999658, 9.0661278059642285143, 5234.475999999999658, 110.51274298322930179, 5234.4480000000003201, 1, 5234.475999999999658, -3.4705877011986077108, 5234.475999999999658, 35.234625337940961742, 5234.475999999999658, 0, 5234.4480000000003201, 0, 5234.475999999999658, 0, 5234.475999999999658, 0
5234.4799999999995634, 0, 5234.4539999999997235, 0, 5234.4799999999995634, 0, 5234.4799999999995634, 0, 5234.4799999999995634, 93.198749628111286825, 5234.4539999999997235, 1, 5234.4799999999995634, -4.2593562805110085634, 5234.4799999999995634, 7.4469475335250621129, 5234.4799999999995634, 111.68191795987195292, 5234.4539999999997235, 1, 5234.4799999999995634, -2.8317260639759953555, 5234.4799999999995634, 33.720772010909932703, 5234.4799999999995634, 0, 5234.4539999999997235, 0, 5234.4799999999995634, 0, 5234.4799999999995634, 0
5234.4849999999996726, 352.29255096968211092, 5234.4589999999998327, 0, 5234.4849999999996726, -74.602665816833649615, 5234.4849999999996726, -242.45605565995694519, 5234.4849999999996726, 89.022035125870644379, 5234.4589999999998327, 1, 5234.4849999999996726, -12.695424787549837831, 5234.4849999999996726, 5.77807290380199845, 5234.4849999999996726, 106.92415034570211674, 5234.4589999999998327, 1, 5234.4849999999996726, -5.2962807301917562697, 5234.4849999999996726, 32.250031315009252353, 5234.4849999999996726, 0, 5234.4589999999998327, 0, 5234.4849999999996726, 0, 5234.4849999999996726, 0
5234.4899999999997817, 376.41946995465002601, 5234.4639999999999418, 0, 5234.4899999999997817, -110.5244480021037532, 5234.4899999999997817, -251.49654996228358073, 5234.4899999999997817, 43.007724667147286368, 5234.4639999999999418, 1, 5234.4899999999997817, -27.182303855529841741, 5234.4899999999997817, -0.13547155293605328552, 5234.4899999999997817, 92.796300292544628974, 5234.4639999999999418, 1, 5234.4899999999997817, -11.375321058810728303, 5234.4899999999997817, 27.497965338215024644, 5234.4899999999997817, 0, 5234.4639999999999418, 0, 5234.4899999999997817, 0, 5234.4899999999997817, 0
5234.4899999999997817, 369.34609016658481551, 5234.4679999999998472, 0, 5234.4899999999997817, -118.45734641174252033, 5234.4899999999997817, -220.04015482196717812, 5234.4899999999997817, 19.081947029737328592, 5234.4679999999998472, 1, 5234.4899999999997817, -14.105721393012981224, 5234.4899999999997817, -4.0178587269344232524, 5234.4899999999997817, 82.22661351767662552, 5234.4679999999998472, 1, 5234.4899999999997817, -15.704257316169128345, 5234.4899999999997817, 23.086012355634203175, 5234.4899999999997817, 0, 5234.4679999999998472, 0, 5234.4899999999997817, 0, 5234.4899999999997817, 0
5234.4949999999998909, 369.50408723577737646, 5234.4729999999999563, 0, 5234.4949999999998909, -127.41569466986831571, 5234.4949999999998909, -220.98707655178446885, 5234.4949999999998909, 3.2075687830981283177, 5234.4729999999999563, 1, 5234.4949999999998909, -2.3843640910383245846, 5234.4949999999998909, -2.0360745223095859657, 5234.4949999999998909, 74.471873857778845718, 5234.4729999999999563, 1, 5234.4949999999998909, -22.39593728720474175, 5234.4949999999998909, 18.427120562095279155, 5234.4949999999998909, 0, 5234.4729999999999563, 0, 5234.4949999999998909, 0, 5234.4949999999998909, 0
5234.5, 348.24836602077658654, 5234.4780000000000655, 0, 5234.5, -124.3915860364745356, 5234.5, -117.46612006735583122, 5234.5, 0, 5234.4780000000000655, 1, 5234.5, 0, 5234.5, 0, 5234.5, 76.117421270118015286, 5234.4780000000000655, 1, 5234.5, -31.750962454625682341, 5234.5, 17.07143775788856388, 5234.5, 0, 5234.4780000000000655, 0, 5234.5, 0, 5234.5, 0
5234.5050000000001091, 240.92757942993443976, 5234.4830000000001746, 0, 5234.5050000000001091, -102.02271552631921736, 5234.5050000000001091, -67.475835074702771976, 5234.5050000000001091, 0, 5234.4830000000001746, 1, 5234.5050000000001091, 0, 5234.5050000000001091, 0, 5234.5050000000001091, 86.030605441582352455, 5234.4830000000001746, 1, 5234.5050000000001091, -33.660430438929168417, 5234.5050000000001091, 9.604331712406899868, 5234.5050000000001091, 0, 5234.4830000000001746, 0, 5234.5050000000001091, 0, 5234.5050000000001091, 0
5234.5100000000002183, 165.28983608898741409, 5234.4880000000002838, 0, 5234.5100000000002183, -77.206337186865425792, 5234.5100000000002183, -67.411218603021012541, 5234.5100000000002183, 0, 5234.4880000000002838, 1, 5234.5100000000002183, 0, 5234.5100000000002183, 0, 5234.5100000000002183, 68.558359731314538976, 5234.4880000000002838, 1, 5234.5100000000002183, -26.029260987337341504, 5234.5100000000002183, -1.4345655598258701957, 5234.5100000000002183, 0, 5234.4880000000002838, 0, 5234.5100000000002183, 0, 5234.5100000000002183, 0
5234.5200000000004366, 23.611395200115282478, 5234.4930000000003929, 0, 5234.5200000000004366, -17.279744815631616461, 5234.5200000000004366, 16.326856180735440205, 5234.5200000000004366, 0, 5234.4930000000003929, 1, 5234.5200000000004366, 0, 5234.5200000000004366, 0, 5234.5200000000004366, 74.431281826984545091, 5234.4930000000003929, 1, 5234.5200000000004366, -21.815821142112341136, 5234.5200000000004366, -12.494850641504338995, 5234.5200000000004366, 0, 5234.4930000000003929, 0, 5234.5200000000004366, 0, 5234.5200000000004366, 0
5234.5200000000004366, 0, 5234.4979999999995925, 0, 5234.5200000000004366, 0, 5234.5200000000004366, 0, 5234.5200000000004366, 0, 5234.4979999999995925, 1, 5234.5200000000004366, 0, 5234.5200000000004366, 0, 5234.5200000000004366, 56.732527387967422783, 5234.4979999999995925, 1, 5234.5200000000004366, -17.406169176453630598, 5234.5200000000004366, -19.110668896427092989, 5234.5200000000004366, 0, 5234.4979999999995925, 0, 5234.5200000000004366, 0, 5234.5200000000004366, 0
5234.5299999999997453, 0, 5234.5029999999997017, 0, 5234.5299999999997453, 0, 5234.5299999999997453, 0, 5234.5299999999997453, 0, 5234.5029999999997017, 1, 5234.5299999999997453, 0, 5234.5299999999997453, 0, 5234.5299999999997453, 44.980793219518119486, 5234.5029999999997017, 1, 5234.5299999999997453, -10.243368543533232895, 5234.5299999999997453, -20.784356966489685448, 5234.5299999999997453, 0, 5234.5029999999997017, 0, 5234.5299999999997453, 0, 5234.5299999999997453, 0
5234.5299999999997453, 0, 5234.5079999999998108, 1, 5234.5299999999997453, 0, 5234.5299999999997453, 0, 5234.5299999999997453, 0, 5234.5079999999998108, 1, 5234.5299999999997453, 0, 5234.5299999999997453, 0, 5234.5299999999997453, 26.136453065354981362, 5234.5079999999998108, 1, 5234.5299999999997453, -7.5196716500573073105, 5234.5299999999997453, -13.963810889656537384, 5234.5299999999997453, 55.499910942722003426, 5234.5079999999998108, 1, 5234.5299999999997453, -2.0028572782983276035, 5234.5299999999997453, -5.5333195037108282577
5234.5349999999998545, 0, 5234.5140000000001237, 1, 5234.5349999999998545, 0, 5234.5349999999998545, 0, 5234.5349999999998545, 0, 5234.5140000000001237, 1, 5234.5349999999998545, 0, 5234.5349999999998545, 0, 5234.5349999999998545, 19.689901904215410866, 5234.5140000000001237, 1, 5234.5349999999998545, -3.8582117459667450987, 5234.5349999999998545, -10.645783043894297748, 5234.5349999999998545, 17.439367277503862397, 5234.5140000000001237, 1, 5234.5349999999998545, -3.7764274931215990883, 5234.5349999999998545, 8.5436177293543167366
5234.5450000000000728, 0, 5234.5180000000000291, 1, 5234.5450000000000728, 0, 5234.5450000000000728, 0, 5234.5450000000000728, 0, 5234.5180000000000291, 1, 5234.5450000000000728, 0, 5234.5450000000000728, 0, 5234.5450000000000728, 25.178855853203270243, 5234.5180000000000291, 1, 5234.5450000000000728, -3.8383704842088333109, 5234.5450000000000728, -13.748625804548826324, 5234.5450000000000728, 12.966115183627071161, 5234.5180000000000291, 1, 5234.5450000000000728, -4.7359210741246231535, 5234.5450000000000728, 7.4392864533524694082
5234.5500000000001819, 0, 5234.5230000000001382, 1, 5234.5500000000001819, 0, 5234.5500000000001819, 0, 5234.5500000000001819, 0, 5234.5230000000001382, 1, 5234.5500000000001819, 0, 5234.5500000000001819, 0, 5234.5500000000001819, 28.589049985070182913, 5234.5230000000001382, 1, 5234.5500000000001819, -1.0489499765949354959, 5234.5500000000001819, -15.720432976632965349, 5234.5500000000001819, 15.049225584417385448, 5234.5230000000001382, 1, 5234.5500000000001819, -3.3953455899156566034, 5234.5500000000001819, 7.3819331944476900276
5234.555000000000291, 0, 5234.5280000000002474, 1, 5234.555000000000291, 0, 5234.555000000000291, 0, 5234.555000000000291, 0, 5234.5280000000002474, 1, 5234.555000000000291, 0, 5234.555000000000291, 0, 5234.555000000000291, 26.777467506297739419, 5234.5280000000002474, 1, 5234.555000000000291, -3.1502164632778355546, 5234.555000000000291, -14.951056361953879659, 5234.555000000000291, 16.123714814658107741, 5234.5280000000002474, 1, 5234.555000000000291, -4.550646882350243061, 5234.555000000000291, 8.5404230013801161192
5234.5609999999996944, 0, 5234.5330000000003565, 1, 5234.5609999999996944, 0, 5234.5609999999996944, 0, 5234.5609999999996944, 0, 5234.5330000000003565, 1, 5234.5609999999996944, 0, 5234.5609999999996944, 0, 5234.5609999999996944, 28.850427087075246391, 5234.5330000000003565, 1, 5234.5609999999996944, 0.79484740676919607427, 5234.5609999999996944, -16.226939713988375757, 5234.5609999999996944, 20.278892365502422024, 5234.5330000000003565, 1, 5234.5609999999996944, -1.466342723832273709, 5234.5609999999996944, 9.0210461082783659492
5234.5649999999995998, 92.461145140107547036, 5234.5379999999995562, 1, 5234.5649999999995998, -50.432867738562762838, 5234.5649999999995998, -3.6829546441633596032, 5234.5649999999995998, 0, 5234.5379999999995562, 1, 5234.5649999999995998, 0, 5234.5649999999995998, 0, 5234.5649999999995998, 30.702240036788328581, 5234.5379999999995562, 1, 5234.5649999999995998, -2.3336920833407814868, 5234.5649999999995998, -17.561165119849686533, 5234.5649999999995998, 27.352816815392131389, 5234.5379999999995562, 1, 5234.5649999999995998, -1.9723318165910215249, 5234.5649999999995998, 9.2095676362463088083
5234.5709999999999127, 83.102402990220738843, 5234.543999999999869, 1, 5234.5709999999999127, -39.809810735072396426, 5234.5709999999999127, -6.0411861071356014463, 5234.5709999999999127, 0, 5234.543999999999869, 1, 5234.5709999999999127, 0, 5234.5709999999999127, 0, 5234.5709999999999127, 38.308722801358271681, 5234.543999999999869, 1, 5234.5709999999999127, 3.4494135919347410635, 5234.5709999999999127, -21.094143332432228277, 5234.5709999999999127, 31.370573886032040889, 5234.543999999999869, 1, 5234.5709999999999127, 4.4033177359867181622, 5234.5709999999999127, 8.6624046046907139385
5234.5709999999999127, 91.1748820716402264, 5234.5489999999999782, 1, 5234.5709999999999127, -41.160112289240103678, 5234.5709999999999127, -6.3751169447891342656, 5234.5709999999999127, 0, 5234.5489999999999782, 1, 5234.5709999999999127, 0, 5234.5709999999999127, 0, 5234.5709999999999127, 38.245501332059795629, 5234.5489999999999782, 1, 5234.5709999999999127, 1.4620695980885631826, 5234.5709999999999127, -21.507188706055103466, 5234.5709999999999127, 34.684164191921482256, 5234.5489999999999782, 1, 5234.5709999999999127, 4.4255521751861630619, 5234.5709999999999127, 10.107553442788345777
5234.5760000000000218, 97.052259400232344433, 5234.5529999999998836, 1, 5234.5760000000000218, -42.308065621517172872, 5234.5760000000000218, -6.1246867585795286004, 5234.5760000000000218, 0, 5234.5529999999998836, 1, 5234.5760000000000218, 0, 5234.5760000000000218, 0, 5234.5760000000000218, 37.11438813361951361, 5234.5529999999998836, 1, 5234.5760000000000218, -1.0458461846242752546, 5234.5760000000000218, -21.809201628400582962, 5234.5760000000000218, 37.986594579802847704, 5234.5529999999998836, 1, 5234.5760000000000218, 3.7322165709240628928, 5234.5760000000000218, 11.597660396417259321
5234.581000000000131, 99.325761739646623028, 5234.5579999999999927, 1, 5234.581000000000131, -39.928171649904832918, 5234.581000000000131, -0.9835358676117067489, 5234.581000000000131, 84.792721325782324016, 5234.5579999999999927, 1, 5234.581000000000131, 5.1617414463149158266, 5234.581000000000131, -22.784185801677935501, 5234.581000000000131, 39.758437827111762886, 5234.5579999999999927, 1, 5234.581000000000131, 1.7550010712959416281, 5234.581000000000131, -23.937609743347177726, 5234.581000000000131, 40.162476943315880362, 5234.5579999999999927, 1, 5234.581000000000131, 5.9595690393701428178, 5234.581000000000131, 14.160667413461302644
5234.5910000000003492, 94.890574911017012028, 5234.5630000000001019, 1, 5234.5910000000003492, -31.439741014987617973, 5234.5910000000003492, 0.66362329453610868768, 5234.5910000000003492, 98.078366522006831474, 5234.5630000000001019, 1, 5234.5910000000003492, 12.541881483231035688, 5234.5910000000003492, 4.5464459595256982993, 5234.5910000000003492, 62.121242799229548837, 5234.5630000000001019, 1, 5234.5910000000003492, 0.53275290420186882656, 5234.5910000000003492, -2.1986222125943797323, 5234.5910000000003492, 34.153680062730053635, 5234.5630000000001019, 1, 5234.5910000000003492, 9.8961515921425942111, 5234.5910000000003492, 16.710879881104382605
5234.5919999999996435, 51.095489708350655178, 5234.568000000000211, 1, 5234.5919999999996435, -18.061227489816847225, 5234.5919999999996435, -6.5978040138441436113, 5234.5919999999996435, 127.05606310186155383, 5234.568000000000211, 1, 5234.5919999999996435, 16.754003157421220038, 5234.5919999999996435, 76.399648751701249694, 5234.5919999999996435, 166.87589328111280906, 5234.568000000000211, 1, 5234.5919999999996435, -18.311911723639035188, 5234.5919999999996435, 94.932621539613094797, 5234.5919999999996435, 85.310098932246773984, 5234.568000000000211, 1, 5234.5919999999996435, 20.636686563292169438, 5234.5919999999996435, -9.3837819518853891054
5234.5959999999995489, 27.749083162124687618, 5234.5730000000003201, 1, 5234.5959999999995489, -17.64639226859138077, 5234.5959999999995489, -8.1085998485416119763, 5234.5959999999995489, 33.371690077719094347, 5234.5730000000003201, 1, 5234.5959999999995489, 3.5417001185964718246, 5234.5959999999995489, 18.921039845067614493, 5234.5959999999995489, 67.765185621936325333, 5234.5730000000003201, 1, 5234.5959999999995489, -5.2271607533759407715, 5234.5959999999995489, 36.776880187273441436, 5234.5959999999995489, 91.725940749065586033, 5234.5730000000003201, 1, 5234.5959999999995489, 19.25952895090201622, 5234.5959999999995489, -17.068900746850168559
5234.6000000000003638, 42.099497624862472378, 5234.5780000000004293, 1, 5234.6000000000003638, -16.784347074548822576, 5234.6000000000003638, -10.047997788678920017, 5234.6000000000003638, 0, 5234.5780000000004293, 1, 5234.6000000000003638, 0, 5234.6000000000003638, 0, 5234.6000000000003638, 0, 5234.5780000000004293, 1, 5234.6000000000003638, 0, 5234.6000000000003638, 0, 5234.6000000000003638, 87.735783115493546802, 5234.5780000000004293, 1, 5234.6000000000003638, 22.140480593856796787, 5234.6000000000003638, -14.019125230831150475
5234.6059999999997672, 62.091697630977350286, 5234.5839999999998327, 1, 5234.6059999999997672, -16.984719484762543118, 5234.6059999999997672, -10.085241561475484673, 5234.6059999999997672, 0, 5234.5839999999998327, 0, 5234.6059999999997672, 0, 5234.6059999999997672, 0, 5234.6059999999997672, 0, 5234.5839999999998327, 0, 5234.6059999999997672, 0, 5234.6059999999997672, 0, 5234.6059999999997672, 77.240643994001942474, 5234.5839999999998327, 1, 5234.6059999999997672, 20.708994462972338368, 5234.6059999999997672, -6.2724444718911485097
5234.6109999999998763, 74.406896768879903448, 5234.5879999999997381, 1, 5234.6109999999998763, -16.390240625362046956, 5234.6109999999998763, -10.730856767003189134, 5234.6109999999998763, 0, 5234.5879999999997381, 0, 5234.6109999999998763, 0, 5234.6109999999998763, 0, 5234.6109999999998763, 0, 5234.5879999999997381, 0, 5234.6109999999998763, 0, 5234.6109999999998763, 0, 5234.6109999999998763, 77.968210895371186098, 5234.5879999999997381, 1, 5234.6109999999998763, 21.327357041938864057, 5234.6109999999998763, -3.7445870302084358627
5234.6210000000000946, 85.076188232287535129, 5234.5929999999998472, 1, 5234.6210000000000946, -17.648848948202306985, 5234.6210000000000946, -10.970482305637325737, 5234.6210000000000946, 0, 5234.5929999999998472, 0, 5234.6210000000000946, 0, 5234.6210000000000946, 0, 5234.6210000000000946, 0, 5234.5929999999998472, 0, 5234.6210000000000946, 0, 5234.6210000000000946, 0, 5234.6210000000000946, 74.086031666946723817, 5234.5929999999998472, 1, 5234.6210000000000946, 17.538537004626885363, 5234.6210000000000946, 0.5461373074104400871
5234.6210000000000946, 92.836391943408443694, 5234.5979999999999563, 1, 5234.6210000000000946, -17.715013619209408091, 5234.6210000000000946, -11.351268939405791514, 5234.6210000000000946, 0, 5234.5979999999999563, 0, 5234.6210000000000946, 0, 5234.6210000000000946, 0, 5234.6210000000000946, 0, 5234.5979999999999563, 0, 5234.6210000000000946, 0, 5234.6210000000000946, 0, 5234.6210000000000946, 77.335402621451095229, 5234.5979999999999563, 1, 5234.6210000000000946, 16.630640574997002545, 5234.6210000000000946, 2.1421435581107175494
5234.6260000000002037, 98.099444586072166885, 5234.6030000000000655, 1, 5234.6260000000002037, -17.590321357735984265, 5234.6260000000002037, -11.403388489278839302, 5234.6260000000002037, 0, 5234.6030000000000655, 0, 5234.6260000000002037, 0, 5234.6260000000002037, 0, 5234.6260000000002037, 0, 5234.6030000000000655, 0, 5234.6260000000002037, 0, 5234.6260000000002037, 0, 5234.6260000000002037, 78.810466676796551155, 5234.6030000000000655, 1, 5234.6260000000002037, 15.796276521678969118, 5234.6260000000002037, 3.983135075468275943
5234.6310000000003129, 101.33527072556749715, 5234.6080000000001746, 1, 5234.6310000000003129, -17.183520525228200171, 5234.6310000000003129, -11.595753870206429781, 5234.6310000000003129, 0, 5234.6080000000001746, 0, 5234.6310000000003129, 0, 5234.6310000000003129, 0, 5234.6310000000003129, 0, 5234.6080000000001746, 0, 5234.6310000000003129, 0, 5234.6310000000003129, 0, 5234.6310000000003129, 82.395866123307200724, 5234.6080000000001746, 1, 5234.6310000000003129, 15.097927148316145463, 5234.6310000000003129, 4.4686323870054067697
5234.636000000000422, 105.68288929544399934, 5234.6130000000002838, 1, 5234.636000000000422, -18.397396862881507218, 5234.636000000000422, -10.563270870201300511, 5234.636000000000422, 0, 5234.6130000000002838, 0, 5234.636000000000422, 0, 5234.636000000000422, 0, 5234.636000000000422, 0, 5234.6130000000002838, 0, 5234.636000000000422, 0, 5234.636000000000422, 0, 5234.636000000000422, 81.206950891669990256, 5234.6130000000002838, 1, 5234.636000000000422, 12.626567021682642888, 5234.636000000000422, 7.6662856444406912715
5234.6409999999996217, 106.76834228492300838, 5234.6180000000003929, 1, 5234.6409999999996217, -16.786855689469742714, 5234.6409999999996217, -11.093201806604866988, 5234.6409999999996217, 0, 5234.6180000000003929, 0, 5234.6409999999996217, 0, 5234.6409999999996217, 0, 5234.6409999999996217, 0, 5234.6180000000003929, 0, 5234.6409999999996217, 0, 5234.6409999999996217, 0, 5234.6409999999996217, 82.235790851516824773, 5234.6180000000003929, 1, 5234.6409999999996217, 11.32892377679673146, 5234.6409999999996217, 9.3410947139761972835
5234.6459999999997308, 109.83296683446855013, 5234.6229999999995925, 1, 5234.6459999999997308, -17.059981896961598835, 5234.6459999999997308, -9.982060426935504438, 5234.6459999999997308, 0, 5234.6229999999995925, 0, 5234.6459999999997308, 0, 5234.6459999999997308, 0, 5234.6459999999997308, 0, 5234.6229999999995925, 0, 5234.6459999999997308, 0, 5234.6459999999997308, 0, 5234.6459999999997308, 80.45239795284716422, 5234.6229999999995925, 1, 5234.6459999999997308, 9.7998522482229120101, 5234.6459999999997308, 12.085550707174391505
5234.6509999999998399, 109.64752968668454969, 5234.6279999999997017, 1, 5234.6509999999998399, -17.722558422718140747, 5234.6509999999998399, 1.6708553927986002918, 5234.6509999999998399, 0, 5234.6279999999997017, 0, 5234.6509999999998399, 0, 5234.6509999999998399, 0, 5234.6509999999998399, 0, 5234.6279999999997017, 0, 5234.6509999999998399, 0, 5234.6509999999998399, 0, 5234.6509999999998399, 85.580081969605345193, 5234.6279999999997017, 1, 5234.6509999999998399, 10.101705395974663659, 5234.6509999999998399, 20.28067521725830602
5234.6559999999999491, 111.73468142578113316, 5234.6329999999998108, 1, 5234.6559999999999491, -16.086586119609094681, 5234.6559999999999491, -5.0547046532640251826, 5234.6559999999999491, 0, 5234.6329999999998108, 0, 5234.6559999999999491, 0, 5234.6559999999999491, 0, 5234.6559999999999491, 0, 5234.6329999999998108, 0, 5234.6559999999999491, 0, 5234.6559999999999491, 0, 5234.6559999999999491, 82.729245574231043747, 5234.6329999999998108, 1, 5234.6559999999999491, 8.4611944065672162196, 5234.6559999999999491, 16.789937319466311294
5234.6610000000000582, 110.47728836379387474, 5234.63799999999992, 1, 5234.6610000000000582, -15.119142461092430096, 5234.6610000000000582, -5.5732430377210420147, 5234.6610000000000582, 0, 5234.63799999999992, 0, 5234.6610000000000582, 0, 5234.6610000000000582, 0, 5234.6610000000000582, 0, 5234.63799999999992, 0, 5234.6610000000000582, 0, 5234.6610000000000582, 0, 5234.6610000000000582, 90.065987046982229458, 5234.63799999999992, 1, 5234.6610000000000582, 8.1797037355465462838, 5234.6610000000000582, 15.075423133231623751
5234.6660000000001673, 112.45844612233216253, 5234.6430000000000291, 1, 5234.6660000000001673, -13.836955341765557748, 5234.6660000000001673, -4.5082261877804086225, 5234.6660000000001673, 0, 5234.6430000000000291, 0, 5234.6660000000001673, 0, 5234.6660000000001673, 0, 5234.6660000000001673, 0, 5234.6430000000000291, 0, 5234.6660000000001673, 0, 5234.6660000000001673, 0, 5234.6660000000001673, 85.46312686494930233, 5234.6430000000000291, 1, 5234.6660000000001673, 7.258484207435438762, 5234.6660000000001673, 18.873158158669951945
5234.6710000000002765, 110.33235010350892935, 5234.6480000000001382, 1, 5234.6710000000002765, -13.450356160794729732, 5234.6710000000002765, -5.0380997456825298286, 5234.6710000000002765, 0, 5234.6480000000001382, 0, 5234.6710000000002765, 0, 5234.6710000000002765, 0, 5234.6710000000002765, 0, 5234.6480000000001382, 0, 5234.6710000000002765, 0, 5234.6710000000002765, 0, 5234.6710000000002765, 93.118370412155883287, 5234.6480000000001382, 1, 5234.6710000000002765, 6.4591326514029789863, 5234.6710000000002765, 16.84798026266413018
5234.6760000000003856, 110.84847724633659993, 5234.6530000000002474, 1, 5234.6760000000003856, -11.065846736899203506, 5234.6760000000003856, -4.4309180088370467843, 5234.6760000000003856, 0, 5234.6530000000002474, 0, 5234.6760000000003856, 0, 5234.6760000000003856, 0, 5234.6760000000003856, 0, 5234.6530000000002474, 0, 5234.6760000000003856, 0, 5234.6760000000003856, 0, 5234.6760000000003856, 90.867529620787280464, 5234.6530000000002474, 1, 5234.6760000000003856, 6.8347034154483887747, 5234.6760000000003856, 19.427387644609488859
5234.6859999999996944, 108.37678882565366223, 5234.6580000000003565, 1, 5234.6859999999996944, -11.177350723877838234, 5234.6859999999996944, -5.2444334271230346189, 5234.6859999999996944, 0, 5234.6580000000003565, 0, 5234.6859999999996944, 0, 5234.6859999999996944, 0, 5234.6859999999996944, 0, 5234.6580000000003565, 0, 5234.6859999999996944, 0, 5234.6859999999996944, 0, 5234.6859999999996944, 99.568054880283995089, 5234.6580000000003565, 1, 5234.6859999999996944, 5.8504596051982362681, 5234.6859999999996944, 16.743550729685878764
5234.6909999999998035, 109.78977194137367235, 5234.6629999999995562, 1, 5234.6909999999998035, -9.2398958097793322253, 5234.6909999999998035, 0.19600001181218118518, 5234.6909999999998035, 0, 5234.6629999999995562, 0, 5234.6909999999998035, 0, 5234.6909999999998035, 0, 5234.6909999999998035, 0, 5234.6629999999995562, 0, 5234.6909999999998035, 0, 5234.6909999999998035, 0, 5234.6909999999998035, 93.505793555911765225, 5234.6629999999995562, 1, 5234.6909999999998035, 7.4289111757626020704, 5234.6909999999998035, 22.948111104589138165
5234.694999999999709, 107.92123046579567358, 5234.6679999999996653, 1, 5234.694999999999709, -10.656474530844814552, 5234.694999999999709, -0.73162556071515894018, 5234.694999999999709, 0, 5234.6679999999996653, 0, 5234.694999999999709, 0, 5234.694999999999709, 0, 5234.694999999999709, 0, 5234.6679999999996653, 0, 5234.694999999999709, 0, 5234.694999999999709, 0, 5234.694999999999709, 102.34015678003305538, 5234.6679999999996653, 1, 5234.694999999999709, 5.1433894823618961922, 5234.694999999999709, 20.372070774754639899
5234.7010000000000218, 108.8355951203832177, 5234.6729999999997744, 1, 5234.7010000000000218, -6.4452542122833236249, 5234.7010000000000218, -0.029264116835221898327, 5234.7010000000000218, 0, 5234.6729999999997744, 0, 5234.7010000000000218, 0, 5234.7010000000000218, 0, 5234.7010000000000218, 0, 5234.6729999999997744, 0, 5234.7010000000000218, 0, 5234.7010000000000218, 0, 5234.7010000000000218, 100.6814556598951782, 5234.6729999999997744, 1, 5234.7010000000000218, 5.7236982785171539589, 5234.7010000000000218, 22.215544377970125822
5234.7010000000000218, 105.52481496738190003, 5234.6790000000000873, 1, 5234.7010000000000218, -9.1718752861232140106, 5234.7010000000000218, -1.0044306517720897887, 5234.7010000000000218, 0, 5234.6790000000000873, 0, 5234.7010000000000218, 0, 5234.7010000000000218, 0, 5234.7010000000000218, 0, 5234.6790000000000873, 0, 5234.7010000000000218, 0, 5234.7010000000000218, 0, 5234.7010000000000218, 104.48916626319117995, 5234.6790000000000873, 1, 5234.7010000000000218, 5.7364669502719527472, 5234.7010000000000218, 21.620195505072629771
5234.706000000000131, 107.67112971945522304, 5234.6840000000001965, 1, 5234.706000000000131, -2.9667657737463914991, 5234.706000000000131, -0.57921217148147263742, 5234.706000000000131, 0, 5234.6840000000001965, 0, 5234.706000000000131, 0, 5234.706000000000131, 0, 5234.706000000000131, 0, 5234.6840000000001965, 0, 5234.706000000000131, 0, 5234.706000000000131, 0, 5234.706000000000131, 101.79444536590588655, 5234.6840000000001965, 1, 5234.706000000000131, 8.3931583433772551928, 5234.706000000000131, 23.3938538173251942
5234.7110000000002401, 103.71673326880568311, 5234.6880000000001019, 1, 5234.7110000000002401, -8.4555140444602052696, 5234.7110000000002401, -1.4039633891275968836, 5234.7110000000002401, 0, 5234.6880000000001019, 0, 5234.7110000000002401, 0, 5234.7110000000002401, 0, 5234.7110000000002401, 0, 5234.6880000000001019, 0, 5234.7110000000002401, 0, 5234.7110000000002401, 0, 5234.7110000000002401, 110.47676659099357721, 5234.6880000000001019, 1, 5234.7110000000002401, 2.2053381100673203896, 5234.7110000000002401, 20.585669662903846699
5234.7209999999995489, 104.9211170332177403, 5234.693000000000211, 1, 5234.7209999999995489, -4.3329986651812637533, 5234.7209999999995489, -1.3597554061329830688, 5234.7209999999995489, 0, 5234.693000000000211, 0, 5234.7209999999995489, 0, 5234.7209999999995489, 0, 5234.7209999999995489, 0, 5234.693000000000211, 0, 5234.7209999999995489, 0, 5234.7209999999995489, 0, 5234.7209999999995489, 105.49631796334585943, 5234.693000000000211, 1, 5234.7209999999995489, 9.8441457487179828689, 5234.7209999999995489, 23.140478260351855511
5234.7209999999995489, 103.97697026899868433, 5234.6989999999996144, 1, 5234.7209999999995489, -3.2811588904391357779, 5234.7209999999995489, -1.6600722668410057281, 5234.7209999999995489, 0, 5234.6989999999996144, 0, 5234.7209999999995489, 0, 5234.7209999999995489, 0, 5234.7209999999995489, 0, 5234.6989999999996144, 0, 5234.7209999999995489, 0, 5234.7209999999995489, 0, 5234.7209999999995489, 112.77098675204442202, 5234.6989999999996144, 1, 5234.7209999999995489, 0.036071630530921772184, 5234.7209999999995489, 20.784927159730642643
5234.7309999999997672, 105.18694981306114755, 5234.7030000000004293, 1, 5234.7309999999997672, 3.020505092306964734, 5234.7309999999997672, 3.9294215998483394969, 5234.7309999999997672, 0, 5234.7030000000004293, 0, 5234.7309999999997672, 0, 5234.7309999999997672, 0, 5234.7309999999997672, 0, 5234.7030000000004293, 0, 5234.7309999999997672, 0, 5234.7309999999997672, 0, 5234.7309999999997672, 107.66829827683838516, 5234.7030000000004293, 1, 5234.7309999999997672, 12.171175348671944505, 5234.7309999999997672, 26.841541801053658389
5234.7309999999997672, 100.47127525424849637, 5234.7089999999998327, 1, 5234.7309999999997672, -9.5641203773290364154, 5234.7309999999997672, 3.3916677901501230963, 5234.7309999999997672, 0, 5234.7089999999998327, 0, 5234.7309999999997672, 0, 5234.7309999999997672, 0, 5234.7309999999997672, 0, 5234.7089999999998327, 0, 5234.7309999999997672, 0, 5234.7309999999997672, 0, 5234.7309999999997672, 114.41485663027040687, 5234.7089999999998327, 1, 5234.7309999999997672, -1.2977992181743562838, 5234.7309999999997672, 24.931371784252505108
5234.7359999999998763, 104.7479434710728583, 5234.7129999999997381, 1, 5234.7359999999998763, 5.962072708506610752, 5234.7359999999998763, 3.2102390095749626653, 5234.7359999999998763, 0, 5234.7129999999997381, 0, 5234.7359999999998763, 0, 5234.7359999999998763, 0, 5234.7359999999998763, 0, 5234.7129999999997381, 0, 5234.7359999999998763, 0, 5234.7359999999998763, 0, 5234.7359999999998763, 108.94553156398416149, 5234.7129999999997381, 1, 5234.7359999999998763, 13.061004847223879111, 5234.7359999999998763, 26.861802041320316903
5234.7409999999999854, 99.664167269071953115, 5234.7179999999998472, 1, 5234.7409999999999854, -8.5125387697591232694, 5234.7409999999999854, 2.7559014590263046784, 5234.7409999999999854, 0, 5234.7179999999998472, 0, 5234.7409999999999854, 0, 5234.7409999999999854, 0, 5234.7409999999999854, 0, 5234.7179999999998472, 0, 5234.7409999999999854, 0, 5234.7409999999999854, 0, 5234.7409999999999854, 115.12787930977268047, 5234.7179999999998472, 1, 5234.7409999999999854, -2.3316696814497808177, 5234.7409999999999854, 25.036448014525937822
5234.7460000000000946, 103.60452532132987358, 5234.7229999999999563, 1, 5234.7460000000000946, 6.8674113789560502497, 5234.7460000000000946, 2.3136252200790750067, 5234.7460000000000946, 0, 5234.7229999999999563, 0, 5234.7460000000000946, 0, 5234.7460000000000946, 0, 5234.7460000000000946, 0, 5234.7229999999999563, 0, 5234.7460000000000946, 0, 5234.7460000000000946, 0, 5234.7460000000000946, 111.13312604364300284, 5234.7229999999999563, 1, 5234.7460000000000946, 12.214866015759747953, 5234.7460000000000946, 26.341790672075006796
5234.7510000000002037, 99.282956146381593499, 5234.7290000000002692, 1, 5234.7510000000002037, -5.9896976347334485169, 5234.7510000000002037, 0.63896610334154502198, 5234.7510000000002037, 0, 5234.7290000000002692, 0, 5234.7510000000002037, 0, 5234.7510000000002037, 0, 5234.7510000000002037, 0, 5234.7290000000002692, 0, 5234.7510000000002037, 0, 5234.7510000000002037, 0, 5234.7510000000002037, 117.13409144536976214, 5234.7290000000002692, 1, 5234.7510000000002037, -1.219539734057989655, 5234.7510000000002037, 23.386368486168564118
5234.7560000000003129, 102.09078320767878267, 5234.7330000000001746, 1, 5234.7560000000003129, 5.7820110308674950161, 5234.7560000000003129, -1.7150862728326359274, 5234.7560000000003129, 0, 5234.7330000000001746, 0, 5234.7560000000003129, 0, 5234.7560000000003129, 0, 5234.7560000000003129, 0, 5234.7330000000001746, 0, 5234.7560000000003129, 0, 5234.7560000000003129, 0, 5234.7560000000003129, 116.23054363474901152, 5234.7330000000001746, 1, 5234.7560000000003129, 10.212733112801185342, 5234.7560000000003129, 21.955170178344594945
5234.761000000000422, 99.839474370757045563, 5234.7380000000002838, 1, 5234.761000000000422, -2.5207886090178046601, 5234.761000000000422, 0.097493048846168051114, 5234.761000000000422, 0, 5234.7380000000002838, 0, 5234.761000000000422, 0, 5234.761000000000422, 0, 5234.761000000000422, 0, 5234.7380000000002838, 0, 5234.761000000000422, 0, 5234.761000000000422, 0, 5234.761000000000422, 115.47850373732853768, 5234.7380000000002838, 1, 5234.761000000000422, 0.37025574051643550533, 5234.761000000000422, 23.758796100703278853
5234.7659999999996217, 99.954793964162561792, 5234.7430000000003929, 1, 5234.7659999999996217, 5.6037115941873665292, 5234.7659999999996217, 17.6973302176734677, 5234.7659999999996217, 0, 5234.7430000000003929, 0, 5234.7659999999996217, 0, 5234.7659999999996217, 0, 5234.7659999999996217, 0, 5234.7430000000003929, 0, 5234.7659999999996217, 0, 5234.7659999999996217, 0, 5234.7659999999996217, 103.34698105300788029, 5234.7430000000003929, 1, 5234.7659999999996217, 4.1383981132454694674, 5234.7659999999996217, 48.881261548453188936
5234.7709999999997308, 98.571657499240288303, 5234.7489999999997963, 1, 5234.7709999999997308, -0.22927475923428874971, 5234.7709999999997308, 6.6740110355504569384, 5234.7709999999997308, 0, 5234.7489999999997963, 0, 5234.7709999999997308, 0, 5234.7709999999997308, 0, 5234.7709999999997308, 0, 5234.7489999999997963, 0, 5234.7709999999997308, 0, 5234.7709999999997308, 0, 5234.7709999999997308, 116.08807186736328276, 5234.7489999999997963, 1, 5234.7709999999997308, 3.6968152933129561077, 5234.7709999999997308, 29.636424266543976103
5234.7759999999998399, 98.47492524576840367, 5234.7529999999997017, 1, 5234.7759999999998399, 2.547814777901737493, 5234.7759999999998399, 5.3344096465237669236, 5234.7759999999998399, 0, 5234.7529999999997017, 0, 5234.7759999999998399, 0, 5234.7759999999998399, 0, 5234.7759999999998399, 0, 5234.7529999999997017, 0, 5234.7759999999998399, 0, 5234.7759999999998399, 0, 5234.7759999999998399, 118.18039640354672315, 5234.7529999999997017, 1, 5234.7759999999998399, 6.4944389885808648799, 5234.7759999999998399, 28.227279734531620647
5234.7809999999999491, 97.396237833170374643, 5234.7579999999998108, 1, 5234.7809999999999491, 2.0839346958376241403, 5234.7809999999999491, 3.7988595716339546016, 5234.7809999999999491, 0, 5234.7579999999998108, 0, 5234.7809999999999491, 0, 5234.7809999999999491, 0, 5234.7809999999999491, 0, 5234.7579999999998108, 0, 5234.7809999999999491, 0, 5234.7809999999999491, 0, 5234.7809999999999491, 121.34664502767969907, 5234.7579999999998108, 1, 5234.7809999999999491, 5.7943385233722857208, 5234.7809999999999491, 26.376280653106164209
5234.7860000000000582, 96.649571355576455289, 5234.76299999999992, 1, 5234.7860000000000582, 2.9803662137235811258, 5234.7860000000000582, 2.765607470947031743, 5234.7860000000000582, 0, 5234.76299999999992, 0, 5234.7860000000000582, 0, 5234.7860000000000582, 0, 5234.7860000000000582, 0, 5234.76299999999992, 0, 5234.7860000000000582, 0, 5234.7860000000000582, 0, 5234.7860000000000582, 121.04904335774972424, 5234.76299999999992, 1, 5234.7860000000000582, 6.0830959419054693171, 5234.7860000000000582, 25.405627064289220129
5234.7960000000002765, 97.032481278704779015, 5234.7680000000000291, 1, 5234.7960000000002765, 3.7859366843818591519, 5234.7960000000002765, 1.11757396630930117, 5234.7960000000002765, 0, 5234.7680000000000291, 0, 5234.7960000000002765, 0, 5234.7960000000002765, 0, 5234.7960000000002765, 0, 5234.7680000000000291, 0, 5234.7960000000002765, 0, 5234.7960000000002765, 0, 5234.7960000000002765, 123.90845426932689577, 5234.7680000000000291, 1, 5234.7960000000002765, 6.9516665786197959775, 5234.7960000000002765, 23.656559948001287808
5234.7960000000002765, 94.828639906204045928, 5234.7730000000001382, 1, 5234.7960000000002765, 3.9583745897140159009, 5234.7960000000002765, -0.35863507354650892012, 5234.7960000000002765, 0, 5234.7730000000001382, 0, 5234.7960000000002765, 0, 5234.7960000000002765, 0, 5234.7960000000002765, 0, 5234.7730000000001382, 0, 5234.7960000000002765, 0, 5234.7960000000002765, 0, 5234.7960000000002765, 124.78211355637806435, 5234.7730000000001382, 1, 5234.7960000000002765, 6.4961168492307237443, 5234.7960000000002765, 21.815945380623411154
5234.8010000000003856, 95.632161254975684983, 5234.7780000000002474, 1, 5234.8010000000003856, 4.9506821675639498537, 5234.8010000000003856, -1.9952300782485181685, 5234.8010000000003856, 0, 5234.7780000000002474, 0, 5234.8010000000003856, 0, 5234.8010000000003856, 0, 5234.8010000000003856, 0, 5234.7780000000002474, 0, 5234.8010000000003856, 0, 5234.8010000000003856, 0, 5234.8010000000003856, 126.09213299736529734, 5234.7780000000002474, 1, 5234.8010000000003856, 7.4209161873436979562, 5234.8010000000003856, 20.290555437821616636
5234.8109999999996944, 93.86853109559456243, 5234.7830000000003565, 1, 5234.8109999999996944, 4.3699951044962599411, 5234.8109999999996944, 3.3084661621187763103, 5234.8109999999996944, 0, 5234.7830000000003565, 0, 5234.8109999999996944, 0, 5234.8109999999996944, 0, 5234.8109999999996944, 0, 5234.7830000000003565, 0, 5234.8109999999996944, 0, 5234.8109999999996944, 0, 5234.8109999999996944, 126.39751911811517004, 5234.7830000000003565, 1, 5234.8109999999996944, 8.0507552738748273669, 5234.8109999999996944, 25.945789339841816457
5234.8109999999996944, 94.069701259127214144, 5234.7879999999995562, 1, 5234.8109999999996944, 4.708818002208023934, 5234.8109999999996944, 1.7991565890953324924, 5234.8109999999996944, 0, 5234.7879999999995562, 0, 5234.8109999999996944, 0, 5234.8109999999996944, 0, 5234.8109999999996944, 0, 5234.7879999999995562, 0, 5234.8109999999996944, 0, 5234.8109999999996944, 0, 5234.8109999999996944, 125.42780570036674703, 5234.7879999999995562, 1, 5234.8109999999996944, 7.738605023614121059, 5234.8109999999996944, 24.513620537447749825
5234.8159999999998035, 93.991839135858867849, 5234.7929999999996653, 1, 5234.8159999999998035, 4.7845538969881360458, 5234.8159999999998035, 0.21212299110105448108, 5234.8159999999998035, 0, 5234.7929999999996653, 0, 5234.8159999999998035, 0, 5234.8159999999998035, 0, 5234.8159999999998035, 0, 5234.7929999999996653, 0, 5234.8159999999998035, 0, 5234.8159999999998035, 0, 5234.8159999999998035, 124.55677741687509297, 5234.7929999999996653, 1, 5234.8159999999998035, 7.3668203041011111054, 5234.8159999999998035, 22.914028437410344452
5234.8209999999999127, 95.188695034291043839, 5234.7979999999997744, 1, 5234.8209999999999127, 4.5949653770108209727, 5234.8209999999999127, -0.99674802999979306151, 5234.8209999999999127, 0, 5234.7979999999997744, 0, 5234.8209999999999127, 0, 5234.8209999999999127, 0, 5234.8209999999999127, 0, 5234.7979999999997744, 0, 5234.8209999999999127, 0, 5234.8209999999999127, 0, 5234.8209999999999127, 121.6871724713679157, 5234.7979999999997744, 1, 5234.8209999999999127, 6.3799810680824826647, 5234.8209999999999127, 21.875439659073144583
5234.8249999999998181, 95.88059550950265475, 5234.8029999999998836, 1, 5234.8249999999998181, 1.5472431157321016038, 5234.8249999999998181, -1.2261832519121043106, 5234.8249999999998181, 0, 5234.8029999999998836, 0, 5234.8249999999998181, 0, 5234.8249999999998181, 0, 5234.8249999999998181, 289.47294102529440352, 5234.8029999999998836, 0, 5234.8249999999998181, -35.312991338258662211, 5234.8249999999998181, -117.1911237866110298, 5234.8249999999998181, 115.27728078638681097, 5234.8029999999998836, 1, 5234.8249999999998181, 0.4452671831916141798, 5234.8249999999998181, 21.468774625853896509
5234.8299999999999272, 82.841841847573235214, 5234.8090000000001965, 1, 5234.8299999999999272, -3.2997229426040393108, 5234.8299999999999272, 10.727740887341134624, 5234.8299999999999272, 274.32627097245296, 5234.8090000000001965, 0, 5234.8299999999999272, 35.46881281020741028, 5234.8299999999999272, -63.48969998646050783, 5234.8299999999999272, 269.13030757927492687, 5234.8090000000001965, 0, 5234.8299999999999272, -65.777031007247884986, 5234.8299999999999272, -73.215170421481786889, 5234.8299999999999272, 40.339600877292795644, 5234.8090000000001965, 1, 5234.8299999999999272, -19.024792672392219828, 5234.8299999999999272, 21.127249994273906708
5234.8350000000000364, 30.764886131830099458, 5234.8130000000001019, 1, 5234.8350000000000364, 13.38657893051208525, 5234.8350000000000364, 8.2513242854059978271, 5234.8350000000000364, 184.61765077248813327, 5234.8130000000001019, 0, 5234.8350000000000364, 33.769102244049499006, 5234.8350000000000364, -22.937924249805647037, 5234.8350000000000364, 149.30721411692078959, 5234.8130000000001019, 0, 5234.8350000000000364, -33.266517992596391196, 5234.8350000000000364, -2.3652169040601762617, 5234.8350000000000364, 24.047988073282731136, 5234.8130000000001019, 1, 5234.8350000000000364, -11.356796694157603511, 5234.8350000000000364, 13.528086482044381356
5234.8400000000001455, 9.2731337677425678123, 5234.818000000000211, 1, 5234.8400000000001455, 5.6678827624424990006, 5234.8400000000001455, 4.4468855536791460636, 5234.8400000000001455, 99.943544043612561723, 5234.818000000000211, 0, 5234.8400000000001455, 17.75719715013791955, 5234.8400000000001455, -7.9230889464185167981, 5234.8400000000001455, 101.55339753589154839, 5234.818000000000211, 0, 5234.8400000000001455, -18.272254918694894599, 5234.8400000000001455, -2.8506319717893759957, 5234.8400000000001455, 29.060080265338854133, 5234.818000000000211, 1, 5234.8400000000001455, -2.9245308065104147488, 5234.8400000000001455, 15.165469739188894849
5234.8450000000002547, 4.1044860667385014708, 5234.8230000000003201, 1, 5234.8450000000002547, 2.4810479185967833082, 5234.8450000000002547, 1.9554672435510596085, 5234.8450000000002547, 54.92780735471712461, 5234.8230000000003201, 0, 5234.8450000000002547, 8.6315085630766859026, 5234.8450000000002547, -1.4447498916935117563, 5234.8450000000002547, 70.516244620698287804, 5234.8230000000003201, 0, 5234.8450000000002547, -8.1275085225546099821, 5234.8450000000002547, -1.8218899891758475462, 5234.8450000000002547, 35.284229806059549617, 5234.8230000000003201, 1, 5234.8450000000002547, 2.8908534116966606575, 5234.8450000000002547, 16.849630667284955621
5234.8500000000003638, 3.1960354691506984715, 5234.8289999999997235, 1, 5234.8500000000003638, 2.0052675223633857904, 5234.8500000000003638, 1.8121202672939220601, 5234.8500000000003638, 40.767061150530203406, 5234.8289999999997235, 1, 5234.8500000000003638, 4.7756737473670130001, 5234.8500000000003638, 3.062759977128560962, 5234.8500000000003638, 58.806307241815943598, 5234.8289999999997235, 1, 5234.8500000000003638, -3.5995607062456778102, 5234.8500000000003638, 3.6863615478402707026, 5234.8500000000003638, 39.604209210652157935, 5234.8289999999997235, 1, 5234.8500000000003638, 5.8069855376611165809, 5234.8500000000003638, 17.578431724414699033
5234.8549999999995634, 6.7131569781423339194, 5234.8329999999996289, 1, 5234.8549999999995634, 4.5285331184072665778, 5234.8549999999995634, 2.9639584217754526563, 5234.8549999999995634, 18.102339359856554069, 5234.8329999999996289, 1, 5234.8549999999995634, -0.22769967275672281515, 5234.8549999999995634, 2.6431002943907930813, 5234.8549999999995634, 31.979916173029714344, 5234.8329999999996289, 1, 5234.8549999999995634, 2.2872323005339927349, 5234.8549999999995634, 6.5912823840594807479, 5234.8549999999995634, 42.461052745545359244, 5234.8329999999996289, 1, 5234.8549999999995634, 6.6548343475459024177, 5234.8549999999995634, 23.306603005945035534
5234.8599999999996726, 10.499853683409895666, 5234.8379999999997381, 1, 5234.8599999999996726, 6.8985257569506917008, 5234.8599999999996726, 3.1398136465222759028, 5234.8599999999996726, 24.250503686677930659, 5234.8379999999997381, 1, 5234.8599999999996726, -0.68601147260328343425, 5234.8599999999996726, -0.52365139593065990198, 5234.8599999999996726, 30.107614287105306516, 5234.8379999999997381, 1, 5234.8599999999996726, 2.5236447239903871953, 5234.8599999999996726, 5.728418922515453815, 5234.8599999999996726, 45.850454303268847411, 5234.8379999999997381, 1, 5234.8599999999996726, 6.7053350113129042143, 5234.8599999999996726, 23.503033106817749598
5234.8649999999997817, 15.043252866117809319, 5234.8429999999998472, 1, 5234.8649999999997817, 9.3400127769106990883, 5234.8649999999997817, 3.6751052382396380835, 5234.8649999999997817, 26.735181225675532346, 5234.8429999999998472, 1, 5234.8649999999997817, -1.601214982413848853, 5234.8649999999997817, -3.8767572537613030903, 5234.8649999999997817, 24.052260165281317938, 5234.8429999999998472, 1, 5234.8649999999997817, 3.2046240289327987405, 5234.8649999999997817, 4.7567185360065664668, 5234.8649999999997817, 49.180666798109974991, 5234.8429999999998472, 1, 5234.8649999999997817, 6.6315761124221124234, 5234.8649999999997817, 23.797249666592144024
5234.8710000000000946, 22.822390215866541041, 5234.8500000000003638, 1, 5234.8710000000000946, 7.4066403467475021571, 5234.8710000000000946, 4.6437896839355676804, 5234.8710000000000946, 32.526153796213499447, 5234.8500000000003638, 1, 5234.8710000000000946, -1.5995425466689658922, 5234.8710000000000946, -7.0230835731051506343, 5234.8710000000000946, 21.825550791463840028, 5234.8500000000003638, 1, 5234.8710000000000946, 3.1242044675586631008, 5234.8710000000000946, 3.8901771208774018618, 5234.8710000000000946, 51.64080514153837953, 5234.8500000000003638, 1, 5234.8710000000000946, 6.4178089396795972021, 5234.8710000000000946, 23.906964764649551114
5234.8770000000004075, 31.754015008401495379, 5234.8530000000000655, 1, 5234.8770000000004075, 5.6411084208227970649, 5234.8770000000004075, 5.4900470197703672426, 5234.8770000000004075, 38.012159479810051721, 5234.8530000000000655, 1, 5234.8770000000004075, -0.78462201478754189932, 5234.8770000000004075, -9.7339236408866174344, 5234.8770000000004075, 21.756959561173200512, 5234.8530000000000655, 1, 5234.8770000000004075, 3.1852378697904879523, 5234.8770000000004075, 2.7383268373744105162, 5234.8770000000004075, 52.936039573860220742, 5234.8530000000000655, 1, 5234.8770000000004075, 6.4794259884040021902, 5234.8770000000004075, 23.7441814961863642
5234.8810000000003129, 38.954150772535420799, 5234.8590000000003783, 1, 5234.8810000000003129, 4.2199185244176220522, 5234.8810000000003129, 5.9642737418547824291, 5234.8810000000003129, 42.933970110173248713, 5234.8590000000003783, 1, 5234.8810000000003129, 0.095453191072467774569, 5234.8810000000003129, -12.108105501844988794, 5234.8810000000003129, 22.410661604046779871, 5234.8590000000003783, 1, 5234.8810000000003129, 3.0581395259073707038, 5234.8810000000003129, 1.5394653407296736702, 5234.8810000000003129, 53.484480522173939221, 5234.8590000000003783, 1, 5234.8810000000003129, 6.3266512866864550446, 5234.8810000000003129, 23.39899019577759276
5234.886000000000422, 44.53978606881845792, 5234.8630000000002838, 1, 5234.886000000000422, 3.1125144364077272918, 5234.886000000000422, 6.1447109576352136884, 5234.886000000000422, 47.09963163622420268, 5234.8630000000002838, 1, 5234.886000000000422, 0.90918882430078906687, 5234.886000000000422, -14.155645002824321921, 5234.886000000000422, 23.27871529999288569, 5234.8630000000002838, 1, 5234.886000000000422, 2.8233357372669982688, 5234.886000000000422, 0.39022863837500132433, 5234.886000000000422, 53.348621360520944279, 5234.8630000000002838, 1, 5234.886000000000422, 5.99780099521993737, 5234.886000000000422, 22.909138308298555131
5234.8909999999996217, 47.851749455221266771, 5234.8680000000003929, 1, 5234.8909999999996217, 2.3497610884546267229, 5234.8909999999996217, 9.3279272408767202052, 5234.8909999999996217, 51.100351118643331461, 5234.8680000000003929, 1, 5234.8909999999996217, 1.5915361498750035807, 5234.8909999999996217, -13.339413528913752316, 5234.8909999999996217, 24.088867688290218183, 5234.8680000000003929, 1, 5234.8909999999996217, 2.5499159425853581418, 5234.8909999999996217, 0.56504665395623376867, 5234.8909999999996217, 50.731563944387552567, 5234.8680000000003929, 1, 5234.8909999999996217, 5.5042362057137124154, 5234.8909999999996217, 25.775675227633762177
5234.8959999999997308, 51.481372632146857882, 5234.8729999999995925, 1, 5234.8959999999997308, 1.583986343330031854, 5234.8959999999997308, 9.89103013038684864, 5234.8959999999997308, 54.006585893321044978, 5234.8729999999995925, 1, 5234.8959999999997308, 2.1884163183720488632, 5234.8959999999997308, -14.428396864730867577, 5234.8959999999997308, 25.169320263582804387, 5234.8729999999995925, 1, 5234.8959999999997308, 2.25393057525728846, 5234.8959999999997308, -0.3317939843040935699, 5234.8959999999997308, 50.069584435921832721, 5234.8729999999995925, 1, 5234.8959999999997308, 5.1004216051450557146, 5234.8959999999997308, 25.57789165126218478
5234.9009999999998399, 53.546845851783615444, 5234.8779999999997017, 1, 5234.9009999999998399, 1.1511577459741872964, 5234.9009999999998399, 9.7255427196384136579, 5234.9009999999998399, 56.062081913609013384, 5234.8779999999997017, 1, 5234.9009999999998399, 2.629481757137562159, 5234.9009999999998399, -15.583450884018361648, 5234.9009999999998399, 25.810297733084347271, 5234.8779999999997017, 1, 5234.9009999999998399, 2.0022703421247478595, 5234.9009999999998399, -1.165345514294175544, 5234.9009999999998399, 48.6802328546109635, 5234.8779999999997017, 1, 5234.9009999999998399, 4.5523605456943334602, 5234.9009999999998399, 24.758540325281842343
5234.9059999999999491, 48.657694459432043743, 5234.8829999999998108, 1, 5234.9059999999999491, 2.0595237731139395265, 5234.9059999999999491, 3.2864716213575260184, 5234.9059999999999491, 58.145238680151230426, 5234.8829999999998108, 1, 5234.9059999999999491, 3.2877972454702915073, 5234.9059999999999491, -16.63187365977350396, 5234.9059999999999491, 26.323721757751744832, 5234.8829999999998108, 1, 5234.9059999999999491, 1.7786905486417394773, 5234.9059999999999491, -1.8501443647000019865, 5234.9059999999999491, 40.527175288008173482, 5234.8829999999998108, 1, 5234.9059999999999491, 2.4087165608582270515, 5234.9059999999999491, 17.534273167203888733
5234.9110000000000582, 54.356696346948332632, 5234.88799999999992, 1, 5234.9110000000000582, 1.1554042848268271104, 5234.9110000000000582, 14.528572863343780952, 5234.9110000000000582, 63.140468320664368207, 5234.88799999999992, 1, 5234.9110000000000582, 3.5197448083510103345, 5234.9110000000000582, -17.790097346230254516, 5234.9110000000000582, 26.654313784057752201, 5234.88799999999992, 1, 5234.9110000000000582, 1.2480602035117716042, 5234.9110000000000582, -1.6103689660824631602, 5234.9110000000000582, 39.951751312108193304, 5234.88799999999992, 1, 5234.9110000000000582, 2.3722018087283038845, 5234.9110000000000582, 20.998146736119633005
5234.9160000000001673, 37.042649445915451167, 5234.8930000000000291, 1, 5234.9160000000001673, -0.050487555600174656434, 5234.9160000000001673, 23.350543162315318568, 5234.9160000000001673, 57.814206952183184285, 5234.8930000000000291, 1, 5234.9160000000001673, 1.9118431173562848713, 5234.9160000000001673, -20.885543200736584879, 5234.9160000000001673, 42.537937170271092668, 5234.8930000000000291, 1, 5234.9160000000001673, -2.9595195513256054021, 5234.9160000000001673, -9.3571699485009034447, 5234.9160000000001673, 33.258234093725839386, 5234.8930000000000291, 1, 5234.9160000000001673, 2.7126781241251647359, 5234.9160000000001673, 23.520524062038202118
5234.9210000000002765, 0, 5234.8980000000001382, 1, 5234.9210000000002765, 0, 5234.9210000000002765, 0, 5234.9210000000002765, 61.200241243539991842, 5234.8980000000001382, 1, 5234.9210000000002765, 4.6376044002186951332, 5234.9210000000002765, -24.574613895550818654, 5234.9210000000002765, 64.506348039098810432, 5234.8980000000001382, 1, 5234.9210000000002765, -6.1173162706649968356, 5234.9210000000002765, -17.133161336567429345, 5234.9210000000002765, 0, 5234.8980000000001382, 1, 5234.9210000000002765, 0, 5234.9210000000002765, 0
5234.9260000000003856, 0, 5234.9030000000002474, 1, 5234.9260000000003856, 0, 5234.9260000000003856, 0, 5234.9260000000003856, 74.743418288418681072, 5234.9030000000002474, 1, 5234.9260000000003856, 7.4923348775629170504, 5234.9260000000003856, -27.13737963081788962, 5234.9260000000003856, 68.520978386718212505, 5234.9030000000002474, 1, 5234.9260000000003856, -7.0893411295668444794, 5234.9260000000003856, -16.668666532130764324, 5234.9260000000003856, 0, 5234.9030000000002474, 1, 5234.9260000000003856, 0, 5234.9260000000003856, 0
5234.9309999999995853, 0, 5234.9080000000003565, 0, 5234.9309999999995853, 0, 5234.9309999999995853, 0, 5234.9309999999995853, 90.72070157293424586, 5234.9080000000003565, 1, 5234.9309999999995853, 10.505230353907641927, 5234.9309999999995853, -25.740180494284878421, 5234.9309999999995853, 78.285100348935728221, 5234.9080000000003565, 1, 5234.9309999999995853, -5.1893233454346390232, 5234.9309999999995853, -14.360846997859880503, 5234.9309999999995853, 0, 5234.9080000000003565, 0, 5234.9309999999995853, 0, 5234.9309999999995853, 0
5234.9359999999996944, 0, 5234.9129999999995562, 0, 5234.9359999999996944, 0, 5234.9359999999996944, 0, 5234.9359999999996944, 99.719794803012305806, 5234.9129999999995562, 1, 5234.9359999999996944, 12.469230286707796651, 5234.9359999999996944, -24.619452315831765077, 5234.9359999999996944, 73.019001485043460775, 5234.9129999999995562, 1, 5234.9359999999996944, -5.9252675896878947981, 5234.9359999999996944, -10.147127112606334265, 5234.9359999999996944, 0, 5234.9129999999995562, 0, 5234.9359999999996944, 0, 5234.9359999999996944, 0
5234.9409999999998035, 0, 5234.9179999999996653, 0, 5234.9409999999998035, 0, 5234.9409999999998035, 0, 5234.9409999999998035, 108.62246462056111795, 5234.9179999999996653, 1, 5234.9409999999998035, 14.309953613006170414, 5234.9409999999998035, -25.016077418935772414, 5234.9409999999998035, 73.163954512033470223, 5234.9179999999996653, 1, 5234.9409999999998035, -3.2606675141315810684, 5234.9409999999998035, -8.5511625521993295251, 5234.9409999999998035, 0, 5234.9179999999996653, 0, 5234.9409999999998035, 0, 5234.9409999999998035, 0
5234.9459999999999127, 0, 5234.9239999999999782, 0, 5234.9459999999999127, 0, 5234.9459999999999127, 0, 5234.9459999999999127, 114.92756624113653174, 5234.9239999999999782, 1, 5234.9459999999999127, 15.681774793261240575, 5234.9459999999999127, -24.667172459402856077, 5234.9459999999999127, 70.548447649454629982, 5234.9239999999999782, 1, 5234.9459999999999127, -1.4969591169842535461, 5234.9459999999999127, -6.0492057235465424014, 5234.9459999999999127, 0, 5234.9239999999999782, 0, 5234.9459999999999127, 0, 5234.9459999999999127, 0
5234.9510000000000218, 0, 5234.9279999999998836, 0, 5234.9510000000000218, 0, 5234.9510000000000218, 0, 5234.9510000000000218, 120.85871345989961867, 5234.9279999999998836, 1, 5234.9510000000000218, 17.067457046687071198, 5234.9510000000000218, -24.698128524933331107, 5234.9510000000000218, 71.320700854490553411, 5234.9279999999998836, 1, 5234.9510000000000218, 1.1324706857291573225, 5234.9510000000000218, -4.6349827007535679968, 5234.9510000000000218, 0, 5234.9279999999998836, 0, 5234.9510000000000218, 0, 5234.9510000000000218, 0
5234.956000000000131, 0, 5234.9329999999999927, 0, 5234.956000000000131, 0, 5234.956000000000131, 0, 5234.956000000000131, 123.75030590832037092, 5234.9329999999999927, 1, 5234.956000000000131, 17.786468189171412035, 5234.956000000000131, -23.342639205652481849, 5234.956000000000131, 64.829454690012468632, 5234.9329999999999927, 1, 5234.956000000000131, 0.82954176755140474064, 5234.956000000000131, -0.9430733060570233306, 5234.956000000000131, 0, 5234.9329999999999927, 0, 5234.956000000000131, 0, 5234.956000000000131, 0
5234.9610000000002401, 0, 5234.9380000000001019, 0, 5234.9610000000002401, 0, 5234.9610000000002401, 0, 5234.9610000000002401, 127.67022874012724287, 5234.9380000000001019, 1, 5234.9610000000002401, 18.751890817822459923, 5234.9610000000002401, -23.157176653018339607, 5234.9610000000002401, 65.570074650641657854, 5234.9380000000001019, 1, 5234.9610000000002401, 3.0842457913516203583, 5234.9610000000002401, 0.16217913759074065183, 5234.9610000000002401, 0, 5234.9380000000001019, 0, 5234.9610000000002401, 0, 5234.9610000000002401, 0
5234.9709999999995489, 0, 5234.943000000000211, 0, 5234.9709999999995489, 0, 5234.9709999999995489, 0, 5234.9709999999995489, 130.32499112750906534, 5234.943000000000211, 1, 5234.9709999999995489, 19.045408703044461873, 5234.9709999999995489, -15.772239281713446246, 5234.9709999999995489, 64.179816555454110016, 5234.943000000000211, 1, 5234.9709999999995489, 4.092983063229066687, 5234.9709999999995489, 5.1925340142176068525, 5234.9709999999995489, 0, 5234.943000000000211, 0, 5234.9709999999995489, 0, 5234.9709999999995489, 0
5234.9750000000003638, 0, 5234.9480000000003201, 0, 5234.9750000000003638, 0, 5234.9750000000003638, 0, 5234.9750000000003638, 131.94228060878845099, 5234.9480000000003201, 1, 5234.9750000000003638, 19.210181069675805077, 5234.9750000000003638, -14.227840789042922154, 5234.9750000000003638, 66.249421121989144012, 5234.9480000000003201, 1, 5234.9750000000003638, 5.8165837975546654803, 5234.9750000000003638, 6.4838258770300676304, 5234.9750000000003638, 0, 5234.9480000000003201, 0, 5234.9750000000003638, 0, 5234.9750000000003638, 0
5234.975999999999658, 0, 5234.9539999999997235, 0, 5234.975999999999658, 0, 5234.975999999999658, 0, 5234.975999999999658, 131.66092595202246684, 5234.9539999999997235, 1, 5234.975999999999658, 18.973365214903807896, 5234.975999999999658, -12.911068948379792687, 5234.975999999999658, 61.817620981823367288, 5234.9539999999997235, 1, 5234.975999999999658, 4.6724415800871534898, 5234.975999999999658, 8.8596853345003943048, 5234.975999999999658, 0, 5234.9539999999997235, 0, 5234.975999999999658, 0, 5234.975999999999658, 0
5234.9859999999998763, 0, 5234.9579999999996289, 0, 5234.9859999999998763, 0, 5234.9859999999998763, 0, 5234.9859999999998763, 133.04013621892491415, 5234.9579999999996289, 1, 5234.9859999999998763, 19.033978758933699282, 5234.9859999999998763, -12.91091232428629354, 5234.9859999999998763, 66.323190986632269528, 5234.9579999999996289, 1, 5234.9859999999998763, 6.9467739010076057227, 5234.9859999999998763, 8.729001836888109267, 5234.9859999999998763, 0, 5234.9579999999996289, 0, 5234.9859999999998763, 0, 5234.9859999999998763, 0
5234.9909999999999854, 0, 5234.9629999999997381, 0, 5234.9909999999999854, 0, 5234.9909999999999854, 0, 5234.9909999999999854, 132.74748885327332459, 5234.9629999999997381, 1, 5234.9909999999999854, 18.789334360650840949, 5234.9909999999999854, -11.400741006428376068, 5234.9909999999999854, 60.94437152202263519, 5234.9629999999997381, 1, 5234.9909999999999854, 5.7198318588861960521, 5234.9909999999999854, 11.362520156639440927, 5234.9909999999999854, 0, 5234.9629999999997381, 0, 5234.9909999999999854, 0, 5234.9909999999999854, 0
5234.9970000000002983, 0, 5234.9679999999998472, 0, 5234.9970000000002983, 0, 5234.9970000000002983, 0, 5234.9970000000002983, 131.68754786957396163, 5234.9679999999998472, 1, 5234.9970000000002983, 18.078039915249163982, 5234.9970000000002983, -11.849747617580241865, 5234.9970000000002983, 68.32561595217734407, 5234.9679999999998472, 1, 5234.9970000000002983, 7.1197803268675938781, 5234.9970000000002983, 10.165298298898591156, 5234.9970000000002983, 0, 5234.9679999999998472, 0, 5234.9970000000002983, 0, 5234.9970000000002983, 0
5234.9970000000002983, 0, 5234.9740000000001601, 0, 5234.9970000000002983, 0, 5234.9970000000002983, 0, 5234.9970000000002983, 130.31537524914151049, 5234.9740000000001601, 1, 5234.9970000000002983, 17.388872966247667762, 5234.9970000000002983, -11.200417864848787985, 5234.9970000000002983, 68.599146358013285862, 5234.9740000000001601, 1, 5234.9970000000002983, 6.0257856429224592176, 5234.9970000000002983, 11.046651408994488719, 5234.9970000000002983, 0, 5234.9740000000001601, 0, 5234.9970000000002983, 0, 5234.9970000000002983, 0
5235.0069999999996071, 0, 5234.9790000000002692, 0, 5235.0069999999996071, 0, 5235.0069999999996071, 0, 5235.0069999999996071, 130.4514612653472625, 5234.9790000000002692, 1, 5235.0069999999996071, 16.85805286206628395, 5235.0069999999996071, -4.2645949203906639013, 5235.0069999999996071, 66.368750914613286795, 5234.9790000000002692, 1, 5235.0069999999996071, 5.3126016977713321765, 5235.0069999999996071, 15.615395925112704134, 5235.0069999999996071, 0, 5234.9790000000002692, 0, 5235.0069999999996071, 0, 5235.0069999999996071, 0
5235.0119999999997162, 0, 5234.9830000000001746, 0, 5235.0119999999997162, 0, 5235.0119999999997162, 0, 5235.0119999999997162, 129.32132681511598093, 5234.9830000000001746, 1, 5235.0119999999997162, 15.978591561421682243, 5235.0119999999997162, -3.8477437619166252603, 5235.0119999999997162, 72.561102396808308868, 5234.9830000000001746, 1, 5235.0119999999997162, 6.5742497500246726005, 5235.0119999999997162, 15.364028358005327846, 5235.0119999999997162, 0, 5234.9830000000001746, 0, 5235.0119999999997162, 0, 5235.0119999999997162, 0
5235.0169999999998254, 0, 5234.9880000000002838, 0, 5235.0169999999998254, 0, 5235.0169999999998254, 0, 5235.0169999999998254, 127.76515794095472245, 5234.9880000000002838, 1, 5235.0169999999998254, 15.244243412703500695, 5235.0169999999998254, -3.0106078895490995251, 5235.0169999999998254, 70.207257888419277947, 5234.9880000000002838, 1, 5235.0169999999998254, 4.5895832349780825155, 5235.0169999999998254, 16.67315134294646839, 5235.0169999999998254, 0, 5234.9880000000002838, 0, 5235.0169999999998254, 0, 5235.0169999999998254, 0
5235.0219999999999345, 0, 5234.9930000000003929, 0, 5235.0219999999999345, 0, 5235.0219999999999345, 0, 5235.0219999999999345, 126.23297084412618574, 5234.9930000000003929, 1, 5235.0219999999999345, 14.408266813568973319, 5235.0219999999999345, -3.7835158508400610344, 5235.0219999999999345, 78.377601959295219558, 5234.9930000000003929, 1, 5235.0219999999999345, 5.618314051926644126, 5235.0219999999999345, 15.384279874060695192, 5235.0219999999999345, 0, 5234.9930000000003929, 0, 5235.0219999999999345, 0, 5235.0219999999999345, 0
5235.0299999999997453, 0, 5234.9989999999997963, 0, 5235.0299999999997453, 0, 5235.0299999999997453, 0, 5235.0299999999997453, 125.30637579223255784, 5234.9989999999997963, 1, 5235.0299999999997453, 13.597041469559552951, 5235.0299999999997453, -3.2800935285863062063, 5235.0299999999997453, 75.009577434836117504, 5234.9989999999997963, 1, 5235.0299999999997453, 3.7611421133690305929, 5235.0299999999997453, 16.850367360713157439, 5235.0299999999997453, 0, 5234.9989999999997963, 0, 5235.0299999999997453, 0, 5235.0299999999997453, 0
5235.0299999999997453, 0, 5235.0039999999999054, 0, 5235.0299999999997453, 0, 5235.0299999999997453, 0, 5235.0299999999997453, 123.33472390971779475, 5235.0039999999999054, 1, 5235.0299999999997453, 12.470965428425822452, 5235.0299999999997453, -2.974084608855832812, 5235.0299999999997453, 80.01207306219546922, 5235.0039999999999054, 1, 5235.0299999999997453, 3.8434237149412595613, 5235.0299999999997453, 16.411961353160961608, 5235.0299999999997453, 0, 5235.0039999999999054, 0, 5235.0299999999997453, 0, 5235.0299999999997453, 0
5235.0349999999998545, 0, 5235.0079999999998108, 0, 5235.0349999999998545, 0, 5235.0349999999998545, 0, 5235.0349999999998545, 121.55309135063900783, 5235.0079999999998108, 1, 5235.0349999999998545, 11.3356365663756673, 5235.0349999999998545, -3.528352719357719991, 5235.0349999999998545, 85.030189831485358809, 5235.0079999999998108, 1, 5235.0349999999998545, 4.0679234187575277204, 5235.0349999999998545, 15.851879583822359621, 5235.0349999999998545, 0, 5235.0079999999998108, 0, 5235.0349999999998545, 0, 5235.0349999999998545, 0
5235.0399999999999636, 0, 5235.0140000000001237, 0, 5235.0399999999999636, 0, 5235.0399999999999636, 0, 5235.0399999999999636, 120.82844466185318311, 5235.0140000000001237, 1, 5235.0399999999999636, 10.640755168884924231, 5235.0399999999999636, -2.815715934350180305, 5235.0399999999999636, 82.503752974383758101, 5235.0140000000001237, 1, 5235.0399999999999636, 2.4925241670385851478, 5235.0399999999999636, 17.020805716080978698, 5235.0399999999999636, 0, 5235.0140000000001237, 0, 5235.0399999999999636, 0, 5235.0399999999999636, 0
5235.0500000000001819, 0, 5235.0190000000002328, 0, 5235.0500000000001819, 0, 5235.0500000000001819, 0, 5235.0500000000001819, 118.67728994236530582, 5235.0190000000002328, 1, 5235.0500000000001819, 9.8136797961771726762, 5235.0500000000001819, 3.0586406001463615212, 5235.0500000000001819, 87.624375100169146435, 5235.0190000000002328, 1, 5235.0500000000001819, 3.407279234117934319, 5235.0500000000001819, 20.786531722173918979, 5235.0500000000001819, 0, 5235.0190000000002328, 0, 5235.0500000000001819, 0, 5235.0500000000001819, 0
5235.0500000000001819, 0, 5235.024000000000342, 0, 5235.0500000000001819, 0, 5235.0500000000001819, 0, 5235.0500000000001819, 117.33285681700186842, 5235.024000000000342, 1, 5235.0500000000001819, 8.6958194416426550788, 5235.0500000000001819, 3.6508553028402843665, 5235.0500000000001819, 84.433433538145322927, 5235.024000000000342, 1, 5235.0500000000001819, 1.4902080312816383678, 5235.0500000000001819, 21.763497285304850948, 5235.0500000000001819, 0, 5235.024000000000342, 0, 5235.0500000000001819, 0, 5235.0500000000001819, 0
5235.055000000000291, 0, 5235.0290000000004511, 0, 5235.055000000000291, 0, 5235.055000000000291, 0, 5235.055000000000291, 116.91944477775507494, 5235.0290000000004511, 1, 5235.055000000000291, 8.4452208546917670873, 5235.055000000000291, 2.8983355785661828463, 5235.055000000000291, 90.480374006758239602, 5235.0290000000004511, 1, 5235.055000000000291, 3.0575229609712071266, 5235.055000000000291, 20.946951907012639538, 5235.055000000000291, 0, 5235.0290000000004511, 0, 5235.055000000000291, 0, 5235.055000000000291, 0
5235.0600000000004002, 0, 5235.0339999999996508, 0, 5235.0600000000004002, 0, 5235.0600000000004002, 0, 5235.0600000000004002, 115.14370304349034768, 5235.0339999999996508, 1, 5235.0600000000004002, 7.244591492808367228, 5235.0600000000004002, 3.5216633554476288737, 5235.0600000000004002, 86.465491088148382914, 5235.0339999999996508, 1, 5235.0600000000004002, 1.1004438359865942321, 5235.0600000000004002, 22.015348705435371812, 5235.0600000000004002, 0, 5235.0339999999996508, 0, 5235.0600000000004002, 0, 5235.0600000000004002, 0
5235.069999999999709, 0, 5235.0379999999995562, 0, 5235.069999999999709, 0, 5235.069999999999709, 0, 5235.069999999999709, 114.52872635000903756, 5235.0379999999995562, 1, 5235.069999999999709, 7.1770620034637646611, 5235.069999999999709, 2.6689718428389639371, 5235.069999999999709, 92.650871687461972215, 5235.0379999999995562, 1, 5235.069999999999709, 2.8077119312625242742, 5235.069999999999709, 21.050474791355647142, 5235.069999999999709, 0, 5235.0379999999995562, 0, 5235.069999999999709, 0, 5235.069999999999709, 0
5235.0749999999998181, 0, 5235.0429999999996653, 0, 5235.0749999999998181, 0, 5235.0749999999998181, 0, 5235.0749999999998181, 113.20153321339526542, 5235.0429999999996653, 1, 5235.0749999999998181, 5.800312868786884124, 5235.0749999999998181, 8.8461612655877104316, 5235.0749999999998181, 87.586244606997965434, 5235.0429999999996653, 1, 5235.0749999999998181, 0.79836056135188959715, 5235.0749999999998181, 26.384000522337053951, 5235.0749999999998181, 0, 5235.0429999999996653, 0, 5235.0749999999998181, 0, 5235.0749999999998181, 0
5235.0799999999999272, 0, 5235.0489999999999782, 0, 5235.0799999999999272, 0, 5235.0799999999999272, 0, 5235.0799999999999272, 111.59222691834361285, 5235.0489999999999782, 1, 5235.0799999999999272, 6.2146592629695955878, 5235.0799999999999272, 7.957377337854232735, 5235.0799999999999272, 92.506894138718408271, 5235.0489999999999782, 1, 5235.0799999999999272, 2.6169641157849419244, 5235.0799999999999272, 25.747919168375346999, 5235.0799999999999272, 0, 5235.0489999999999782, 0, 5235.0799999999999272, 0, 5235.0799999999999272, 0
5235.0850000000000364, 0, 5235.0529999999998836, 0, 5235.0850000000000364, 0, 5235.0850000000000364, 0, 5235.0850000000000364, 111.16414011359930214, 5235.0529999999998836, 1, 5235.0850000000000364, 4.1359357897420938599, 5235.0850000000000364, 8.1764798085019165796, 5235.0850000000000364, 90.414245059581872965, 5235.0529999999998836, 1, 5235.0850000000000364, 0.1675537268142620051, 5235.0850000000000364, 26.183611152709744374, 5235.0850000000000364, 0, 5235.0529999999998836, 0, 5235.0850000000000364, 0, 5235.0850000000000364, 0
5235.0879999999997381, 0, 5235.0579999999999927, 0, 5235.0879999999997381, 0, 5235.0879999999997381, 0, 5235.0879999999997381, 109.32869797635360953, 5235.0579999999999927, 1, 5235.0879999999997381, 5.1446730287697244322, 5235.0879999999997381, 7.3169179521977412151, 5235.0879999999997381, 94.605917550240235414, 5235.0579999999999927, 1, 5235.0879999999997381, 2.0365647355100664484, 5235.0879999999997381, 25.531406968512392552, 5235.0879999999997381, 0, 5235.0579999999999927, 0, 5235.0879999999997381, 0, 5235.0879999999997381, 0
5235.0950000000002547, 0, 5235.0630000000001019, 0, 5235.0950000000002547, 0, 5235.0950000000002547, 0, 5235.0950000000002547, 108.88669473237084162, 5235.0630000000001019, 1, 5235.0950000000002547, 2.4883228912891426354, 5235.0950000000002547, 7.3761618341683572453, 5235.0950000000002547, 92.572865706687963439, 5235.0630000000001019, 1, 5235.0950000000002547, -0.97336732291213245993, 5235.0950000000002547, 25.772602734131467628, 5235.0950000000002547, 0, 5235.0630000000001019, 0, 5235.0950000000002547, 0, 5235.0950000000002547, 0
5235.100999999999658, 0, 5235.068000000000211, 0, 5235.100999999999658, 0, 5235.100999999999658, 0, 5235.100999999999658, 107.75190395062679727, 5235.068000000000211, 1, 5235.100999999999658, 3.5320964014196500891, 5235.100999999999658, 6.5023475160697543629, 5235.100999999999658, 96.693654869786257677, 5235.068000000000211, 1, 5235.100999999999658, 0.97339127725604346342, 5235.100999999999658, 25.056898928719732567, 5235.100999999999658, 0, 5235.068000000000211, 0, 5235.100999999999658, 0, 5235.100999999999658, 0
5235.100999999999658, 0, 5235.0730000000003201, 0, 5235.100999999999658, 0, 5235.100999999999658, 0, 5235.100999999999658, 106.01539612093480969, 5235.0730000000003201, 1, 5235.100999999999658, 2.0481484330828916285, 5235.100999999999658, 5.7830975884548578847, 5235.100999999999658, 97.542023714914421362, 5235.0730000000003201, 1, 5235.100999999999658, -0.4559536454174356046, 5235.100999999999658, 24.551941259390154926, 5235.100999999999658, 0, 5235.0730000000003201, 0, 5235.100999999999658, 0, 5235.100999999999658, 0
5235.1099999999996726, 0, 5235.0789999999997235, 0, 5235.1099999999996726, 0, 5235.1099999999996726, 0, 5235.1099999999996726, 105.49051073851467208, 5235.0789999999997235, 1, 5235.1099999999996726, 1.6491216046161074615, 5235.1099999999996726, 4.7172378161925010431, 5235.1099999999996726, 101.50436704386342512, 5235.0789999999997235, 1, 5235.1099999999996726, -0.42564068639998942079, 5235.1099999999996726, 23.680706165379923789, 5235.1099999999996726, 0, 5235.0789999999997235, 0, 5235.1099999999996726, 0, 5235.1099999999996726, 0
5235.113999999999578, 0, 5235.0829999999996289, 0, 5235.113999999999578, 0, 5235.113999999999578, 0, 5235.113999999999578, 103.26052879032579312, 5235.0829999999996289, 1, 5235.113999999999578, 0.76031078344107261291, 5235.113999999999578, 10.818082242407157878, 5235.113999999999578, 100.37775661335577126, 5235.0829999999996289, 1, 5235.113999999999578, -1.2263072979381930416, 5235.113999999999578, 29.756429186638882811, 5235.113999999999578, 0, 5235.0829999999996289, 0, 5235.113999999999578, 0, 5235.113999999999578, 0
5235.1199999999998909, 0, 5235.0879999999997381, 0, 5235.1199999999998909, 0, 5235.1199999999998909, 0, 5235.1199999999998909, 102.11863625497089458, 5235.0879999999997381, 1, 5235.1199999999998909, 0.091384043168874329321, 5235.1199999999998909, 9.5260408868372934421, 5235.1199999999998909, 102.91331659265942733, 5235.0879999999997381, 1, 5235.1199999999998909, -1.3134579794839948974, 5235.1199999999998909, 28.874131432148345766, 5235.1199999999998909, 0, 5235.0879999999997381, 0, 5235.1199999999998909, 0, 5235.1199999999998909, 0
5235.1199999999998909, 0, 5235.0929999999998472, 0, 5235.1199999999998909, 0, 5235.1199999999998909, 0, 5235.1199999999998909, 100.86275946560336081, 5235.0929999999998472, 1, 5235.1199999999998909, -0.72192829877385056303, 5235.1199999999998909, 8.315451329778369427, 5235.1199999999998909, 104.03960637060555428, 5235.0929999999998472, 1, 5235.1199999999998909, -1.8637960512227735865, 5235.1199999999998909, 27.958476597746461323, 5235.1199999999998909, 0, 5235.0929999999998472, 0, 5235.1199999999998909, 0, 5235.1199999999998909, 0
5235.125, 270.88857200869733788, 5235.0990000000001601, 0, 5235.125, -19.187658006012085821, 5235.125, -183.64269731063399149, 5235.125, 99.621062738061823438, 5235.0990000000001601, 1, 5235.125, -1.4659254428043513308, 5235.125, 6.8476590151862311018, 5235.125, 105.90520735294590793, 5235.0990000000001601, 1, 5235.125, -1.9874246299971429774, 5235.125, 26.81654883575178161, 5235.125, 0, 5235.0990000000001601, 0, 5235.125, 0, 5235.125, 0
5235.1300000000001091, 377.65751581705546869, 5235.1030000000000655, 0, 5235.1300000000001091, -95.295623758000857606, 5235.1300000000001091, -258.14191514538788397, 5235.1300000000001091, 79.853277461729504694, 5235.1030000000000655, 1, 5235.1300000000001091, -19.487005066869627967, 5235.1300000000001091, 3.2515888685200380337, 5235.1300000000001091, 95.490440420096348362, 5235.1030000000000655, 1, 5235.1300000000001091, -7.0238136338171717199, 5235.1300000000001091, 23.914034197467096021, 5235.1300000000001091, 0, 5235.1030000000000655, 0, 5235.1300000000001091, 0, 5235.1300000000001091, 0
5235.1350000000002183, 374.18553162160981174, 5235.1080000000001746, 0, 5235.1350000000002183, -111.78330935873606222, 5235.1350000000002183, -233.72065841447039247, 5235.1350000000002183, 33.60091273121651767, 5235.1080000000001746, 1, 5235.1350000000002183, -24.015830568670452294, 5235.1350000000002183, -2.3627677721502688968, 5235.1350000000002183, 83.394943253089664381, 5235.1080000000001746, 1, 5235.1350000000002183, -11.925372351988333008, 5235.1350000000002183, 19.646808580896699681, 5235.1350000000002183, 0, 5235.1080000000001746, 0, 5235.1350000000002183, 0, 5235.1350000000002183, 0
5235.1400000000003274, 370.13879116582086226, 5235.1130000000002838, 0, 5235.1400000000003274, -119.96659490904512779, 5235.1400000000003274, -216.7312208479672222, 5235.1400000000003274, 14.202782597979542345, 5235.1130000000002838, 1, 5235.1400000000003274, -10.495409754383494771, 5235.1400000000003274, -5.6440202444724469899, 5235.1400000000003274, 74.817587875631545558, 5235.1130000000002838, 1, 5235.1400000000003274, -16.885293858727145277, 5235.1400000000003274, 15.270053671124635741, 5235.1400000000003274, 0, 5235.1130000000002838, 0, 5235.1400000000003274, 0, 5235.1400000000003274, 0
5235.1440000000002328, 370.37282831355594226, 5235.1180000000003929, 0, 5235.1440000000002328, -128.6486104464808875, 5235.1440000000002328, -217.93628455572286384, 5235.1440000000002328, 1.1052591871105010846, 5235.1180000000003929, 1, 5235.1440000000002328, -0.81914832718759567065, 5235.1440000000002328, -0.73924811892466779639, 5235.1440000000002328, 66.929917713466906548, 5235.1180000000003929, 1, 5235.1440000000002328, -23.796700065931574386, 5235.1440000000002328, 11.087000609690317532, 5235.1440000000002328, 0, 5235.1180000000003929, 0, 5235.1440000000002328, 0, 5235.1440000000002328, 0
5235.1499999999996362, 333.3333618610705571, 5235.1229999999995925, 0, 5235.1499999999996362, -125.70955748254543494, 5235.1499999999996362, -171.41557935476976127, 5235.1499999999996362, 0, 5235.1229999999995925, 1, 5235.1499999999996362, 0, 5235.1499999999996362, 0, 5235.1499999999996362, 68.520248678264849218, 5235.1229999999995925, 1, 5235.1499999999996362, -31.122247204883677796, 5235.1499999999996362, 6.2831257634715207416, 5235.1499999999996362, 0, 5235.1229999999995925, 0, 5235.1499999999996362, 0, 5235.1499999999996362, 0
5235.1549999999997453, 248.40786569668034645, 5235.1289999999999054, 0, 5235.1549999999997453, -102.63918783801265988, 5235.1549999999997453, -67.178974553942609305, 5235.1549999999997453, 0, 5235.1289999999999054, 1, 5235.1549999999997453, 0, 5235.1549999999997453, 0, 5235.1549999999997453, 78.389598317268607275, 5235.1289999999999054, 1, 5235.1549999999997453, -33.357451570860149559, 5235.1549999999997453, 6.2566855992343732851, 5235.1549999999997453, 0, 5235.1289999999999054, 0, 5235.1549999999997453, 0, 5235.1549999999997453, 0
5235.1649999999999636, 138.33140209441879165, 5235.1340000000000146, 0, 5235.1649999999999636, -68.371582693581657963, 5235.1649999999999636, -54.969583831918761518, 5235.1649999999999636, 0, 5235.1340000000000146, 1, 5235.1649999999999636, 0, 5235.1649999999999636, 0, 5235.1649999999999636, 66.415458656569185791, 5235.1340000000000146, 1, 5235.1649999999999636, -26.271625231463307415, 5235.1649999999999636, -11.332817148248992112, 5235.1649999999999636, 0, 5235.1340000000000146, 0, 5235.1649999999999636, 0, 5235.1649999999999636, 0
5235.1649999999999636, 15.859256128701641586, 5235.1390000000001237, 0, 5235.1649999999999636, -11.532636028567711861, 5235.1649999999999636, 10.821569309458004327, 5235.1649999999999636, 0, 5235.1390000000001237, 1, 5235.1649999999999636, 0, 5235.1649999999999636, 0, 5235.1649999999999636, 68.701572937710253086, 5235.1390000000001237, 1, 5235.1649999999999636, -19.908580828077727887, 5235.1649999999999636, -19.726981638302437005, 5235.1649999999999636, 0, 5235.1390000000001237, 0, 5235.1649999999999636, 0, 5235.1649999999999636, 0
5235.1700000000000728, 1.6049139051339567086, 5235.1440000000002328, 0, 5235.1700000000000728, -1.1446473828915648685, 5235.1700000000000728, 1.0628826002145388419, 5235.1700000000000728, 0, 5235.1440000000002328, 1, 5235.1700000000000728, 0, 5235.1700000000000728, 0, 5235.1700000000000728, 47.649965471537804262, 5235.1440000000002328, 1, 5235.1700000000000728, -14.8726298291640191, 5235.1700000000000728, -22.452332022996770888, 5235.1700000000000728, 0, 5235.1440000000002328, 0, 5235.1700000000000728, 0, 5235.1700000000000728, 0
5235.1750000000001819, 0, 5235.1480000000001382, 0, 5235.1750000000001819, 0, 5235.1750000000001819, 0, 5235.1750000000001819, 0, 5235.1480000000001382, 1, 5235.1750000000001819, 0, 5235.1750000000001819, 0, 5235.1750000000001819, 40.519229195936382837, 5235.1480000000001382, 1, 5235.1750000000001819, -12.955813646441063369, 5235.1750000000001819, -22.450334241963812332, 5235.1750000000001819, 0, 5235.1480000000001382, 0, 5235.1750000000001819, 0, 5235.1750000000001819, 0
5235.1850000000004002, 0, 5235.1530000000002474, 0, 5235.1850000000004002, 0, 5235.1850000000004002, 0, 5235.1850000000004002, 0, 5235.1530000000002474, 1, 5235.1850000000004002, 0, 5235.1850000000004002, 0, 5235.1850000000004002, 27.659841735031001519, 5235.1530000000002474, 1, 5235.1850000000004002, -10.389478528264193713, 5235.1850000000004002, -15.565090256220937448, 5235.1850000000004002, 0, 5235.1530000000002474, 0, 5235.1850000000004002, 0, 5235.1850000000004002, 0
5235.1850000000004002, 0, 5235.1580000000003565, 1, 5235.1850000000004002, 0, 5235.1850000000004002, 0, 5235.1850000000004002, 0, 5235.1580000000003565, 1, 5235.1850000000004002, 0, 5235.1850000000004002, 0, 5235.1850000000004002, 23.471813396476747471, 5235.1580000000003565, 1, 5235.1850000000004002, -5.9081593576783433264, 5235.1850000000004002, -13.286006193460449865, 5235.1850000000004002, 54.922607015984837631, 5235.1580000000003565, 1, 5235.1850000000004002, -3.9521812454857720986, 5235.1850000000004002, 1.7883848652619853681
5235.194999999999709, 0, 5235.1629999999995562, 1, 5235.194999999999709, 0, 5235.194999999999709, 0, 5235.194999999999709, 0, 5235.1629999999995562, 1, 5235.194999999999709, 0, 5235.194999999999709, 0, 5235.194999999999709, 24.42188446596395579, 5235.1629999999995562, 1, 5235.194999999999709, -2.2761289136220757001, 5235.194999999999709, -13.882446150229450055, 5235.194999999999709, 12.224797654966863547, 5235.1629999999995562, 1, 5235.194999999999709, -3.639705227737288773, 5235.194999999999709, 7.8370960469824177963
5235.1999999999998181, 0, 5235.1679999999996653, 1, 5235.1999999999998181, 0, 5235.1999999999998181, 0, 5235.1999999999998181, 0, 5235.1679999999996653, 1, 5235.1999999999998181, 0, 5235.1999999999998181, 0, 5235.1999999999998181, 25.748442214241805459, 5235.1679999999996653, 1, 5235.1999999999998181, -3.4375041257976381992, 5235.1999999999998181, -14.787316325058883493, 5235.1999999999998181, 15.175083154608465463, 5235.1679999999996653, 1, 5235.1999999999998181, -4.0234883131865997186, 5235.1999999999998181, 9.2321363863887597745
5235.2049999999999272, 0, 5235.1729999999997744, 1, 5235.2049999999999272, 0, 5235.2049999999999272, 0, 5235.2049999999999272, 0, 5235.1729999999997744, 1, 5235.2049999999999272, 0, 5235.2049999999999272, 0, 5235.2049999999999272, 28.864108182143766612, 5235.1729999999997744, 1, 5235.2049999999999272, 0.84116003420852825112, 5235.2049999999999272, -16.636477540982077983, 5235.2049999999999272, 18.277641876310720903, 5235.1729999999997744, 1, 5235.2049999999999272, -1.0911413763015096468, 5235.2049999999999272, 9.4165480213538188536
5235.2100000000000364, 0, 5235.1779999999998836, 1, 5235.2100000000000364, 0, 5235.2100000000000364, 0, 5235.2100000000000364, 0, 5235.1779999999998836, 1, 5235.2100000000000364, 0, 5235.2100000000000364, 0, 5235.2100000000000364, 25.801257015719055943, 5235.1779999999998836, 1, 5235.2100000000000364, -1.9394301397423794331, 5235.2100000000000364, -15.076523838034809444, 5235.2100000000000364, 22.351630905719524378, 5235.1779999999998836, 1, 5235.2100000000000364, -2.5751581766595537104, 5235.2100000000000364, 10.876192632711369157
5235.2100000000000364, 61.162626014649475792, 5235.1840000000001965, 1, 5235.2100000000000364, -37.060818812609525708, 5235.2100000000000364, 3.5310403129179910309, 5235.2100000000000364, 0, 5235.1840000000001965, 1, 5235.2100000000000364, 0, 5235.2100000000000364, 0, 5235.2100000000000364, 30.07367837463943161, 5235.1840000000001965, 1, 5235.2100000000000364, 0.17479690478897391692, 5235.2100000000000364, -17.719768377103751078, 5235.2100000000000364, 29.674922134578121558, 5235.1840000000001965, 1, 5235.2100000000000364, 0.56289524272460300658, 5235.2100000000000364, 11.100904792590394976
5235.2190000000000509, 84.987082415284021408, 5235.1880000000001019, 1, 5235.2190000000000509, -41.106395291280385607, 5235.2190000000000509, -3.5383673802094079974, 5235.2190000000000509, 0, 5235.1880000000001019, 1, 5235.2190000000000509, 0, 5235.2190000000000509, 0, 5235.2190000000000509, 36.141394520877959451, 5235.1880000000001019, 1, 5235.2190000000000509, 1.9281726933429879089, 5235.2190000000000509, -21.485424511479823906, 5235.2190000000000509, 34.995544361927031218, 5235.1880000000001019, 1, 5235.2190000000000509, 4.3747941950773663322, 5235.2190000000000509, 10.859472878194297962
5235.2190000000000509, 91.240524917282229467, 5235.193000000000211, 1, 5235.2190000000000509, -40.998812482599149121, 5235.2190000000000509, -4.0821001632421811678, 5235.2190000000000509, 0, 5235.193000000000211, 1, 5235.2190000000000509, 0, 5235.2190000000000509, 0, 5235.2190000000000509, 38.617610167514307307, 5235.193000000000211, 1, 5235.2190000000000509, 3.7816878654276502303, 5235.2190000000000509, -23.170591055229440514, 5235.2190000000000509, 38.588752269285578222, 5235.193000000000211, 1, 5235.2190000000000509, 6.8488685868226983899, 5235.2190000000000509, 11.308114668710819828
5235.2250000000003638, 97.059264724331171692, 5235.1980000000003201, 1, 5235.2250000000003638, -42.988471999290510439, 5235.2250000000003638, -3.6664441200969832835, 5235.2250000000003638, 0, 5235.1980000000003201, 1, 5235.2250000000003638, 0, 5235.2250000000003638, 0, 5235.2250000000003638, 36.296339032683860637, 5235.1980000000003201, 1, 5235.2250000000003638, -0.51584143192762976771, 5235.2250000000003638, -22.129273068456996043, 5235.2250000000003638, 41.11133631680000633, 5235.1980000000003201, 1, 5235.2250000000003638, 5.0021902877227457651, 5235.2250000000003638, 13.172385087602176412
5235.2299999999995634, 97.712797581858140461, 5235.2030000000004293, 1, 5235.2299999999995634, -37.714265493758517778, 5235.2299999999995634, -3.1915954242208997016, 5235.2299999999995634, 103.06670667969878252, 5235.2030000000004293, 1, 5235.2299999999995634, 7.5503256116957908617, 5235.2299999999995634, -24.646216438635860868, 5235.2299999999995634, 40.915382231117717993, 5235.2030000000004293, 1, 5235.2299999999995634, 4.4576819163331178331, 5235.2299999999995634, -25.122356816067188845, 5235.2299999999995634, 41.288270194599917318, 5235.2030000000004293, 1, 5235.2299999999995634, 8.751492769154779694, 5235.2299999999995634, 14.143944096823533485
5235.2349999999996726, 90.417759882408105909, 5235.2079999999996289, 1, 5235.2349999999996726, -31.906190095049776545, 5235.2349999999996726, -0.66528138900044808679, 5235.2349999999996726, 80.964249460622738752, 5235.2079999999996289, 1, 5235.2349999999996726, 10.463558647039585381, 5235.2349999999996726, -18.793963267229123915, 5235.2349999999996726, 38.722424902141668213, 5235.2079999999996289, 1, 5235.2349999999996726, 6.0961621142225421721, 5235.2349999999996726, -24.004935993968739893, 5235.2349999999996726, 33.854255825036325689, 5235.2079999999996289, 1, 5235.2349999999996726, 9.8651722408707485101, 5235.2349999999996726, 17.574012510328596903
5235.2449999999998909, 60.387143701967943343, 5235.2139999999999418, 1, 5235.2449999999998909, -18.046519133361748288, 5235.2449999999998909, -1.4940453875065209388, 5235.2449999999998909, 141.14291411329253378, 5235.2139999999999418, 1, 5235.2449999999998909, 21.150630736199996562, 5235.2449999999998909, 126.39304037301167227, 5235.2449999999998909, 150.29175146537585306, 5235.2139999999999418, 1, 5235.2449999999998909, -19.858964553627945548, 5235.2449999999998909, 127.65130944517451894, 5235.2449999999998909, 70.040718753188698997, 5235.2139999999999418, 1, 5235.2449999999998909, 19.906797174500955094, 5235.2449999999998909, 2.4170310754970003586
5235.2449999999998909, 25.299670875239208101, 5235.2179999999998472, 1, 5235.2449999999998909, -15.360099673103661644, 5235.2449999999998909, -5.9174303261457374958, 5235.2449999999998909, 32.990701539104023254, 5235.2179999999998472, 1, 5235.2449999999998909, 3.8193038758857533743, 5235.2449999999998909, 28.412875773080781272, 5235.2449999999998909, 71.519233154121508278, 5235.2179999999998472, 1, 5235.2449999999998909, -5.5855905966829810794, 5235.2449999999998909, 58.681557823252944672, 5235.2449999999998909, 98.389060678410743321, 5235.2179999999998472, 1, 5235.2449999999998909, 22.002688960362778658, 5235.2449999999998909, -14.99279308725767379
5235.25, 38.002415550553166668, 5235.2229999999999563, 1, 5235.25, -16.080131577084209482, 5235.25, -7.2970208146538553251, 5235.25, 0, 5235.2229999999999563, 1, 5235.25, 0, 5235.25, 0, 5235.25, 0, 5235.2229999999999563, 1, 5235.25, 0, 5235.25, 0, 5235.25, 92.512827265653498898, 5235.2229999999999563, 1, 5235.25, 23.307923015204764283, 5235.25, -11.138786598201185996
5235.2560000000003129, 58.642659033148980541, 5235.2280000000000655, 1, 5235.2560000000003129, -16.64109535024136477, 5235.2560000000003129, -7.9650210782704711221, 5235.2560000000003129, 0, 5235.2280000000000655, 1, 5235.2560000000003129, 0, 5235.2560000000003129, 0, 5235.2560000000003129, 0, 5235.2280000000000655, 1, 5235.2560000000003129, 0, 5235.2560000000003129, 0, 5235.2560000000003129, 84.212818759116032652, 5235.2280000000000655, 1, 5235.2560000000003129, 23.433673709500745019, 5235.2560000000003129, -4.7443512754491621308
5235.2590000000000146, 72.156638131636583466, 5235.2330000000001746, 1, 5235.2590000000000146, -15.88211989408848801, 5235.2590000000000146, -7.0273608113457299851, 5235.2590000000000146, 0, 5235.2330000000001746, 0, 5235.2590000000000146, 0, 5235.2590000000000146, 0, 5235.2590000000000146, 0, 5235.2330000000001746, 0, 5235.2590000000000146, 0, 5235.2590000000000146, 0, 5235.2590000000000146, 77.39596817593806577, 5235.2330000000001746, 1, 5235.2590000000000146, 23.301843981466340949, 5235.2590000000000146, 0.94021157850042413884
5235.2650000000003274, 82.630059292553596606, 5235.2380000000002838, 1, 5235.2650000000003274, -18.722778715332072608, 5235.2650000000003274, -7.9829924786375130452, 5235.2650000000003274, 0, 5235.2380000000002838, 0, 5235.2650000000003274, 0, 5235.2650000000003274, 0, 5235.2650000000003274, 0, 5235.2380000000002838, 0, 5235.2650000000003274, 0, 5235.2650000000003274, 0, 5235.2650000000003274, 83.774472053620684164, 5235.2380000000002838, 1, 5235.2650000000003274, 19.516122817032410808, 5235.2650000000003274, 1.6526264112803801254
5235.2749999999996362, 89.852008806536957763, 5235.2430000000003929, 1, 5235.2749999999996362, -16.2470729773299567, 5235.2749999999996362, -8.4679383124943328198, 5235.2749999999996362, 0, 5235.2430000000003929, 0, 5235.2749999999996362, 0, 5235.2749999999996362, 0, 5235.2749999999996362, 0, 5235.2430000000003929, 0, 5235.2749999999996362, 0, 5235.2749999999996362, 0, 5235.2749999999996362, 78.613711704212420273, 5235.2430000000003929, 1, 5235.2749999999996362, 20.224160048385485311, 5235.2749999999996362, 4.5360995343373957667
5235.2749999999996362, 95.974538923382453959, 5235.2479999999995925, 1, 5235.2749999999996362, -18.607064430241265995, 5235.2749999999996362, -9.2366383292094980106, 5235.2749999999996362, 0, 5235.2479999999995925, 0, 5235.2749999999996362, 0, 5235.2749999999996362, 0, 5235.2749999999996362, 0, 5235.2479999999995925, 0, 5235.2749999999996362, 0, 5235.2749999999996362, 0, 5235.2749999999996362, 85.602489366448523356, 5235.2479999999995925, 1, 5235.2749999999996362, 15.807864197061645584, 5235.2749999999996362, 4.3721437100496274297
5235.2799999999997453, 100.39616916890479104, 5235.2529999999997017, 1, 5235.2799999999997453, -18.661729165282586962, 5235.2799999999997453, -1.384697481588005985, 5235.2799999999997453, 0, 5235.2529999999997017, 0, 5235.2799999999997453, 0, 5235.2799999999997453, 0, 5235.2799999999997453, 0, 5235.2529999999997017, 0, 5235.2799999999997453, 0, 5235.2799999999997453, 0, 5235.2799999999997453, 80.106279392657768312, 5235.2529999999997017, 1, 5235.2799999999997453, 17.44694994350078332, 5235.2799999999997453, 14.858393797826487059
5235.2849999999998545, 103.29367397892939096, 5235.2579999999998108, 1, 5235.2849999999998545, -19.959986784440680196, 5235.2849999999998545, -1.6730975219531885045, 5235.2849999999998545, 0, 5235.2579999999998108, 0, 5235.2849999999998545, 0, 5235.2849999999998545, 0, 5235.2849999999998545, 0, 5235.2579999999998108, 0, 5235.2849999999998545, 0, 5235.2849999999998545, 0, 5235.2849999999998545, 86.331393572221571731, 5235.2579999999998108, 1, 5235.2849999999998545, 13.242791148466402262, 5235.2849999999998545, 14.989578341347247203
5235.2899999999999636, 105.08538520024777085, 5235.26299999999992, 1, 5235.2899999999999636, -17.766455896103050094, 5235.2899999999999636, -0.63407547329796187796, 5235.2899999999999636, 0, 5235.26299999999992, 0, 5235.2899999999999636, 0, 5235.2899999999999636, 0, 5235.2899999999999636, 0, 5235.26299999999992, 0, 5235.2899999999999636, 0, 5235.2899999999999636, 0, 5235.2899999999999636, 82.989182627305225992, 5235.26299999999992, 1, 5235.2899999999999636, 15.072331278121657405, 5235.2899999999999636, 18.081019521542927464
5235.2950000000000728, 107.19238890126321451, 5235.2680000000000291, 1, 5235.2950000000000728, -19.029116712683407542, 5235.2950000000000728, -0.88290833869721296878, 5235.2950000000000728, 0, 5235.2680000000000291, 0, 5235.2950000000000728, 0, 5235.2950000000000728, 0, 5235.2950000000000728, 0, 5235.2680000000000291, 0, 5235.2950000000000728, 0, 5235.2950000000000728, 0, 5235.2950000000000728, 88.85603835358664071, 5235.2680000000000291, 1, 5235.2950000000000728, 10.855607075830029373, 5235.2950000000000728, 18.117146408023728554
5235.3000000000001819, 107.8963717935329214, 5235.2730000000001382, 1, 5235.3000000000001819, -16.310161229016301832, 5235.3000000000001819, 0.15694959717803413923, 5235.3000000000001819, 0, 5235.2730000000001382, 0, 5235.3000000000001819, 0, 5235.3000000000001819, 0, 5235.3000000000001819, 0, 5235.2730000000001382, 0, 5235.3000000000001819, 0, 5235.3000000000001819, 0, 5235.3000000000001819, 85.055675910956949792, 5235.2730000000001382, 1, 5235.3000000000001819, 12.863712225726089855, 5235.3000000000001819, 21.119449715730929995
5235.3059999999995853, 108.91066886393961965, 5235.2780000000002474, 1, 5235.3059999999995853, -17.364062584205406381, 5235.3059999999995853, -0.14250515306158462181, 5235.3059999999995853, 0, 5235.2780000000002474, 0, 5235.3059999999995853, 0, 5235.3059999999995853, 0, 5235.3059999999995853, 0, 5235.2780000000002474, 0, 5235.3059999999995853, 0, 5235.3059999999995853, 0, 5235.3059999999995853, 91.020442674904501246, 5235.2780000000002474, 1, 5235.3059999999995853, 8.808636604110768431, 5235.3059999999995853, 20.879434028700849524
5235.3109999999996944, 109.08229728641354939, 5235.2830000000003565, 1, 5235.3109999999996944, -15.337665726251481502, 5235.3109999999996944, 0.52865730623098983187, 5235.3109999999996944, 0, 5235.2830000000003565, 0, 5235.3109999999996944, 0, 5235.3109999999996944, 0, 5235.3109999999996944, 0, 5235.2830000000003565, 0, 5235.3109999999996944, 0, 5235.3109999999996944, 0, 5235.3109999999996944, 89.847409775071639615, 5235.2830000000003565, 1, 5235.3109999999996944, 9.4166953375025723716, 5235.3109999999996944, 22.975705604472558718
5235.3149999999995998, 108.91022325675834281, 5235.2879999999995562, 1, 5235.3149999999995998, -14.235224929533501381, 5235.3149999999995998, 7.2490384374446819038, 5235.3149999999995998, 0, 5235.2879999999995562, 0, 5235.3149999999995998, 0, 5235.3149999999995998, 0, 5235.3149999999995998, 0, 5235.2879999999995562, 0, 5235.3149999999995998, 0, 5235.3149999999995998, 0, 5235.3149999999995998, 90.15680819154052017, 5235.2879999999995562, 1, 5235.3149999999995998, 8.6459781942936029253, 5235.3149999999995998, 29.311364209887202037
5235.3249999999998181, 108.51486659238923949, 5235.2929999999996653, 1, 5235.3249999999998181, -12.273639830988500421, 5235.3249999999998181, 7.6748384558086186757, 5235.3249999999998181, 0, 5235.2929999999996653, 0, 5235.3249999999998181, 0, 5235.3249999999998181, 0, 5235.3249999999998181, 0, 5235.2929999999996653, 0, 5235.3249999999998181, 0, 5235.3249999999998181, 0, 5235.3249999999998181, 91.550809179368513924, 5235.2929999999996653, 1, 5235.3249999999998181, 8.0896215891252616359, 5235.3249999999998181, 30.257432077891458277
5235.3249999999998181, 108.67706219920614785, 5235.2979999999997744, 1, 5235.3249999999998181, -13.231542559054680908, 5235.3249999999998181, 7.2651794471987543034, 5235.3249999999998181, 0, 5235.2979999999997744, 0, 5235.3249999999998181, 0, 5235.3249999999998181, 0, 5235.3249999999998181, 0, 5235.2979999999997744, 0, 5235.3249999999998181, 0, 5235.3249999999998181, 0, 5235.3249999999998181, 92.963599782438251395, 5235.2979999999997744, 1, 5235.3249999999998181, 7.3807550076591041943, 5235.3249999999998181, 31.183248027535896085
5235.3299999999999272, 107.47641183606619109, 5235.3029999999998836, 1, 5235.3299999999999272, -9.8939359953471637255, 5235.3299999999999272, 7.6961979537056635081, 5235.3299999999999272, 0, 5235.3029999999998836, 0, 5235.3299999999999272, 0, 5235.3299999999999272, 0, 5235.3299999999999272, 0, 5235.3029999999998836, 0, 5235.3299999999999272, 0, 5235.3299999999999272, 0, 5235.3299999999999272, 93.223967488669728709, 5235.3029999999998836, 1, 5235.3299999999999272, 8.7899418521787477943, 5235.3299999999999272, 32.13072152992722863
5235.3350000000000364, 106.08705881005566596, 5235.3079999999999927, 1, 5235.3350000000000364, -9.3648024886611960227, 5235.3350000000000364, 7.1396993724340305221, 5235.3350000000000364, 0, 5235.3079999999999927, 0, 5235.3350000000000364, 0, 5235.3350000000000364, 0, 5235.3350000000000364, 0, 5235.3079999999999927, 0, 5235.3350000000000364, 0, 5235.3350000000000364, 0, 5235.3350000000000364, 98.315858601372511316, 5235.3079999999999927, 1, 5235.3350000000000364, 7.1925999813406713557, 5235.3350000000000364, 31.842654078870005208
5235.3400000000001455, 106.30933726261795869, 5235.3130000000001019, 1, 5235.3400000000001455, -8.6009405361454067673, 5235.3400000000001455, 6.8614996256372009498, 5235.3400000000001455, 0, 5235.3130000000001019, 0, 5235.3400000000001455, 0, 5235.3400000000001455, 0, 5235.3400000000001455, 0, 5235.3130000000001019, 0, 5235.3400000000001455, 0, 5235.3400000000001455, 0, 5235.3400000000001455, 101.26290809489961475, 5235.3130000000001019, 1, 5235.3400000000001455, 6.5172331497252349308, 5235.3400000000001455, 32.013078973870726429
5235.3450000000002547, 106.13108541649813787, 5235.318000000000211, 1, 5235.3450000000002547, -8.4333345766000196164, 5235.3450000000002547, 6.684460563442677028, 5235.3450000000002547, 0, 5235.318000000000211, 0, 5235.3450000000002547, 0, 5235.3450000000002547, 0, 5235.3450000000002547, 0, 5235.318000000000211, 0, 5235.3450000000002547, 0, 5235.3450000000002547, 0, 5235.3450000000002547, 103.16044914981014813, 5235.318000000000211, 1, 5235.3450000000002547, 4.6053346598341358131, 5235.3450000000002547, 32.323147093995892476
5235.350999999999658, 104.45916284345230451, 5235.3230000000003201, 1, 5235.350999999999658, -6.1061710332377456822, 5235.350999999999658, 6.5217149678016994585, 5235.350999999999658, 0, 5235.3230000000003201, 0, 5235.350999999999658, 0, 5235.350999999999658, 0, 5235.350999999999658, 0, 5235.3230000000003201, 0, 5235.350999999999658, 0, 5235.350999999999658, 0, 5235.350999999999658, 102.77784238362784208, 5235.3230000000003201, 1, 5235.350999999999658, 7.1744336892070998957, 5235.350999999999658, 33.335717554650599936
5235.3559999999997672, 103.77160943853058939, 5235.3280000000004293, 1, 5235.3559999999997672, -3.78230933320987317, 5235.3559999999997672, 13.079923281110772848, 5235.3559999999997672, 0, 5235.3280000000004293, 0, 5235.3559999999997672, 0, 5235.3559999999997672, 0, 5235.3559999999997672, 0, 5235.3280000000004293, 0, 5235.3559999999997672, 0, 5235.3559999999997672, 0, 5235.3559999999997672, 103.65266767932641301, 5235.3280000000004293, 1, 5235.3559999999997672, 5.885413970664060912, 5235.3559999999997672, 39.766325687427610092
5235.3609999999998763, 102.43271179282453431, 5235.3350000000000364, 1, 5235.3609999999998763, -4.9165278219260422077, 5235.3609999999998763, 11.995184199794366009, 5235.3609999999998763, 0, 5235.3350000000000364, 0, 5235.3609999999998763, 0, 5235.3609999999998763, 0, 5235.3609999999998763, 0, 5235.3350000000000364, 0, 5235.3609999999998763, 0, 5235.3609999999998763, 0, 5235.3609999999998763, 107.65135497339517201, 5235.3350000000000364, 1, 5235.3609999999998763, 4.2140562772848522144, 5235.3609999999998763, 39.39537183870503867
5235.3659999999999854, 101.61307131776439405, 5235.3389999999999418, 1, 5235.3659999999999854, -1.4677381028877232172, 5235.3659999999999854, 12.111313784777912872, 5235.3659999999999854, 0, 5235.3389999999999418, 0, 5235.3659999999999854, 0, 5235.3659999999999854, 0, 5235.3659999999999854, 0, 5235.3389999999999418, 0, 5235.3659999999999854, 0, 5235.3659999999999854, 0, 5235.3659999999999854, 105.20379036159548036, 5235.3389999999999418, 1, 5235.3659999999999854, 7.2673299547065237647, 5235.3659999999999854, 40.433752461891444341
5235.3710000000000946, 101.30517651301319404, 5235.3429999999998472, 1, 5235.3710000000000946, -3.3998504302444803038, 5235.3710000000000946, 11.026557906190703306, 5235.3710000000000946, 0, 5235.3429999999998472, 0, 5235.3710000000000946, 0, 5235.3710000000000946, 0, 5235.3710000000000946, 0, 5235.3429999999998472, 0, 5235.3710000000000946, 0, 5235.3710000000000946, 0, 5235.3710000000000946, 111.48196923280337955, 5235.3429999999998472, 1, 5235.3710000000000946, 3.4096343722733788439, 5235.3710000000000946, 39.408127382878504363
5235.3810000000003129, 102.16982025525129529, 5235.3490000000001601, 1, 5235.3810000000003129, 0.93239787771097959457, 5235.3810000000003129, 11.468316274986477765, 5235.3810000000003129, 0, 5235.3490000000001601, 0, 5235.3810000000003129, 0, 5235.3810000000003129, 0, 5235.3810000000003129, 0, 5235.3490000000001601, 0, 5235.3810000000003129, 0, 5235.3810000000003129, 0, 5235.3810000000003129, 106.58773415131824436, 5235.3490000000001601, 1, 5235.3810000000003129, 7.124000739949146066, 5235.3810000000003129, 40.899582331863918228
5235.3810000000003129, 99.964565635390329135, 5235.3530000000000655, 1, 5235.3810000000003129, -2.8749867295047430993, 5235.3810000000003129, 10.47130021304129599, 5235.3810000000003129, 0, 5235.3530000000000655, 0, 5235.3810000000003129, 0, 5235.3810000000003129, 0, 5235.3810000000003129, 0, 5235.3530000000000655, 0, 5235.3810000000003129, 0, 5235.3810000000003129, 0, 5235.3810000000003129, 111.84882148096656351, 5235.3530000000000655, 1, 5235.3810000000003129, 1.6620791811579944675, 5235.3810000000003129, 39.906876098688883303
5235.386000000000422, 101.32611731385057396, 5235.3580000000001746, 1, 5235.386000000000422, 3.4694328945295231925, 5235.386000000000422, 10.499128043693090717, 5235.386000000000422, 0, 5235.3580000000001746, 0, 5235.386000000000422, 0, 5235.386000000000422, 0, 5235.386000000000422, 0, 5235.3580000000001746, 0, 5235.386000000000422, 0, 5235.386000000000422, 0, 5235.386000000000422, 108.70577322894231997, 5235.3580000000001746, 1, 5235.386000000000422, 7.4744219836814167479, 5235.386000000000422, 40.81972072127477702
5235.3909999999996217, 98.580191872077904236, 5235.3630000000002838, 1, 5235.3909999999996217, -2.4922087625990925197, 5235.3909999999996217, 9.4340555580739504649, 5235.3909999999996217, 0, 5235.3630000000002838, 0, 5235.3909999999996217, 0, 5235.3909999999996217, 0, 5235.3909999999996217, 0, 5235.3630000000002838, 0, 5235.3909999999996217, 0, 5235.3909999999996217, 0, 5235.3909999999996217, 114.29885783084260709, 5235.3630000000002838, 1, 5235.3909999999996217, 0.18466649940615026404, 5235.3909999999996217, 39.584975921906881524
5235.3950000000004366, 100.63713712024154745, 5235.3680000000003929, 1, 5235.3950000000004366, 3.9777450713697133367, 5235.3950000000004366, 5.7627902821901955122, 5235.3950000000004366, 0, 5235.3680000000003929, 0, 5235.3950000000004366, 0, 5235.3950000000004366, 0, 5235.3950000000004366, 0, 5235.3680000000003929, 0, 5235.3950000000004366, 0, 5235.3950000000004366, 0, 5235.3950000000004366, 112.98823297402839216, 5235.3680000000003929, 1, 5235.3950000000004366, 10.227029957482866251, 5235.3950000000004366, 29.74519965210683381
5235.4009999999998399, 97.651216251330595242, 5235.3729999999995925, 1, 5235.4009999999998399, -1.4774869534431471774, 5235.4009999999998399, 15.025345471463715796, 5235.4009999999998399, 0, 5235.3729999999995925, 0, 5235.4009999999998399, 0, 5235.4009999999998399, 0, 5235.4009999999998399, 0, 5235.3729999999995925, 0, 5235.4009999999998399, 0, 5235.4009999999998399, 0, 5235.4009999999998399, 112.24604403287619903, 5235.3729999999995925, 1, 5235.4009999999998399, -0.55211222448186703105, 5235.4009999999998399, 46.890822839901531438
5235.4059999999999491, 98.904373746714512095, 5235.3779999999997017, 1, 5235.4059999999999491, 6.1866244823034257649, 5235.4059999999999491, 14.911946988603730802, 5235.4059999999999491, 0, 5235.3779999999997017, 0, 5235.4059999999999491, 0, 5235.4059999999999491, 0, 5235.4059999999999491, 0, 5235.3779999999997017, 0, 5235.4059999999999491, 0, 5235.4059999999999491, 0, 5235.4059999999999491, 109.03847948708821036, 5235.3779999999997017, 1, 5235.4059999999999491, 6.7536768623515390786, 5235.4059999999999491, 47.223196896586934201
5235.4110000000000582, 97.040686077938772769, 5235.3829999999998108, 1, 5235.4110000000000582, 0.797639421176886243, 5235.4110000000000582, 13.677259511181119933, 5235.4110000000000582, 0, 5235.3829999999998108, 0, 5235.4110000000000582, 0, 5235.4110000000000582, 0, 5235.4110000000000582, 0, 5235.3829999999998108, 0, 5235.4110000000000582, 0, 5235.4110000000000582, 0, 5235.4110000000000582, 113.48806005019528698, 5235.3829999999998108, 1, 5235.4110000000000582, 0.44232645125626729454, 5235.4110000000000582, 46.213796670356224183
5235.4160000000001673, 97.80608165827970879, 5235.3890000000001237, 1, 5235.4160000000001673, 5.7074930040624014538, 5235.4160000000001673, 13.209207540409941828, 5235.4160000000001673, 0, 5235.3890000000001237, 0, 5235.4160000000001673, 0, 5235.4160000000001673, 0, 5235.4160000000001673, 0, 5235.3890000000001237, 0, 5235.4160000000001673, 0, 5235.4160000000001673, 0, 5235.4160000000001673, 112.20529052814991644, 5235.3890000000001237, 1, 5235.4160000000001673, 5.1014128771408655538, 5235.4160000000001673, 46.055600557523803218
5235.4210000000002765, 96.742916000697647405, 5235.3940000000002328, 1, 5235.4210000000002765, 3.2438649163124897434, 5235.4210000000002765, 12.04743023537486124, 5235.4210000000002765, 0, 5235.3940000000002328, 0, 5235.4210000000002765, 0, 5235.4210000000002765, 0, 5235.4210000000002765, 0, 5235.3940000000002328, 0, 5235.4210000000002765, 0, 5235.4210000000002765, 0, 5235.4210000000002765, 115.0476600349462899, 5235.3940000000002328, 1, 5235.4210000000002765, 1.9140436567614584895, 5235.4210000000002765, 45.079065503467148801
5235.4260000000003856, 96.744887293651814275, 5235.3980000000001382, 1, 5235.4260000000003856, 5.0833753494313853594, 5235.4260000000003856, 11.124046603966917246, 5235.4260000000003856, 0, 5235.3980000000001382, 0, 5235.4260000000003856, 0, 5235.4260000000003856, 0, 5235.4260000000003856, 0, 5235.3980000000001382, 0, 5235.4260000000003856, 0, 5235.4260000000003856, 0, 5235.4260000000003856, 115.28771660213593009, 5235.3980000000001382, 1, 5235.4260000000003856, 3.3506115138407115417, 5235.4260000000003856, 44.366177536975555995
5235.4359999999996944, 95.864136627707480898, 5235.4030000000002474, 1, 5235.4359999999996944, 5.2510873964919930756, 5235.4359999999996944, 9.9791832887094358284, 5235.4359999999996944, 0, 5235.4030000000002474, 0, 5235.4359999999996944, 0, 5235.4359999999996944, 0, 5235.4359999999996944, 0, 5235.4030000000002474, 0, 5235.4359999999996944, 0, 5235.4359999999996944, 0, 5235.4359999999996944, 116.61325606628368234, 5235.4030000000002474, 1, 5235.4359999999996944, 3.0399508518001803203, 5235.4359999999996944, 43.324965159509829959
5235.4359999999996944, 96.41838704052882747, 5235.4089999999996508, 1, 5235.4359999999996944, 6.1190558976665441193, 5235.4359999999996944, 8.6734298810094401233, 5235.4359999999996944, 0, 5235.4089999999996508, 0, 5235.4359999999996944, 0, 5235.4359999999996944, 0, 5235.4359999999996944, 0, 5235.4089999999996508, 0, 5235.4359999999996944, 0, 5235.4359999999996944, 0, 5235.4359999999996944, 119.56698121557420222, 5235.4089999999996508, 1, 5235.4359999999996944, 3.9442121741516129596, 5235.4359999999996944, 42.228872663526182407
5235.4409999999998035, 95.141283827636783599, 5235.4129999999995562, 1, 5235.4409999999998035, 3.445880080563736847, 5235.4409999999998035, 4.1710689971722132441, 5235.4409999999998035, 0, 5235.4129999999995562, 0, 5235.4409999999998035, 0, 5235.4409999999998035, 0, 5235.4409999999998035, 0, 5235.4129999999995562, 0, 5235.4409999999998035, 0, 5235.4409999999998035, 0, 5235.4409999999998035, 125.26497700963042803, 5235.4129999999995562, 1, 5235.4409999999998035, 7.404118264626184498, 5235.4409999999998035, 26.848835062185997913
5235.4510000000000218, 95.372145502628086433, 5235.4179999999996653, 1, 5235.4510000000000218, 3.8477913649988835232, 5235.4510000000000218, 1.0288841362058889217, 5235.4510000000000218, 0, 5235.4179999999996653, 0, 5235.4510000000000218, 0, 5235.4510000000000218, 0, 5235.4510000000000218, 0, 5235.4179999999996653, 0, 5235.4510000000000218, 0, 5235.4510000000000218, 0, 5235.4510000000000218, 126.18176651252744591, 5235.4179999999996653, 1, 5235.4510000000000218, 7.05629369219068181, 5235.4510000000000218, 24.29009127227271847
5235.4510000000000218, 95.120618347383370406, 5235.4229999999997744, 1, 5235.4510000000000218, 4.4901475667624239918, 5235.4510000000000218, 2.9416976982530229634, 5235.4510000000000218, 0, 5235.4229999999997744, 0, 5235.4510000000000218, 0, 5235.4510000000000218, 0, 5235.4510000000000218, 0, 5235.4229999999997744, 0, 5235.4510000000000218, 0, 5235.4510000000000218, 0, 5235.4510000000000218, 123.18067584219016908, 5235.4229999999997744, 1, 5235.4510000000000218, 7.2033057424164672611, 5235.4510000000000218, 26.515621611065562035
5235.4610000000002401, 93.795862772133276053, 5235.4279999999998836, 1, 5235.4610000000002401, 4.8093099369247642727, 5235.4610000000002401, 0.23113443814283840538, 5235.4610000000002401, 0, 5235.4279999999998836, 0, 5235.4610000000002401, 0, 5235.4610000000002401, 0, 5235.4610000000002401, 0, 5235.4279999999998836, 0, 5235.4610000000002401, 0, 5235.4610000000002401, 0, 5235.4610000000002401, 128.54736359736008922, 5235.4279999999998836, 1, 5235.4610000000002401, 7.5483244589413533987, 5235.4610000000002401, 23.177639160485760783
5235.4610000000002401, 93.922522824657391993, 5235.4329999999999927, 1, 5235.4610000000002401, 5.0725907436839428044, 5235.4610000000002401, -1.2728976911326910226, 5235.4610000000002401, 0, 5235.4329999999999927, 0, 5235.4610000000002401, 0, 5235.4610000000002401, 0, 5235.4610000000002401, 0, 5235.4329999999999927, 0, 5235.4610000000002401, 0, 5235.4610000000002401, 0, 5235.4610000000002401, 125.713870218827239, 5235.4329999999999927, 1, 5235.4610000000002401, 7.0503955775602902278, 5235.4610000000002401, 21.886927582735566489
5235.4660000000003492, 93.341673515089439661, 5235.4390000000003056, 1, 5235.4660000000003492, 5.1556175857768895554, 5235.4660000000003492, -3.5655705088176574691, 5235.4660000000003492, 0, 5235.4390000000003056, 0, 5235.4660000000003492, 0, 5235.4660000000003492, 0, 5235.4660000000003492, 0, 5235.4390000000003056, 0, 5235.4660000000003492, 0, 5235.4660000000003492, 0, 5235.4660000000003492, 128.40058738230447943, 5235.4390000000003056, 1, 5235.4660000000003492, 7.282422818966011846, 5235.4660000000003492, 19.152345909339835828
5235.475999999999658, 94.656787168419782574, 5235.443000000000211, 1, 5235.475999999999658, 4.4666670002805535233, 5235.475999999999658, 2.5211273043321327236, 5235.475999999999658, 0, 5235.443000000000211, 0, 5235.475999999999658, 0, 5235.475999999999658, 0, 5235.475999999999658, 0, 5235.443000000000211, 0, 5235.475999999999658, 0, 5235.475999999999658, 0, 5235.475999999999658, 121.16389354348581264, 5235.443000000000211, 1, 5235.475999999999658, 7.2264261018785216351, 5235.475999999999658, 26.651335871298378777
5235.475999999999658, 94.738812492847060298, 5235.4489999999996144, 1, 5235.475999999999658, -1.9201301762884990243, 5235.475999999999658, 4.2948617558808450667, 5235.475999999999658, 0, 5235.4489999999996144, 0, 5235.475999999999658, 0, 5235.475999999999658, 0, 5235.475999999999658, 311.1477686833458165, 5235.4489999999996144, 0, 5235.475999999999658, -45.454836547029444205, 5235.475999999999658, -124.25908463668741888, 5235.475999999999658, 104.83548015738030301, 5235.4489999999996144, 1, 5235.475999999999658, -5.8229490838981297074, 5235.475999999999658, 27.890830447970117234
5235.4859999999998763, 86.620601522836807362, 5235.4530000000004293, 1, 5235.4859999999998763, -14.884525250302122146, 5235.4859999999998763, 19.891935818077939757, 5235.4859999999998763, 0, 5235.4530000000004293, 0, 5235.4859999999998763, 0, 5235.4859999999998763, 0, 5235.4859999999998763, 290.52455870379702674, 5235.4530000000004293, 0, 5235.4859999999998763, -73.586762537486833935, 5235.4859999999998763, -60.169133088783112839, 5235.4859999999998763, 29.457086843851961078, 5235.4530000000004293, 1, 5235.4859999999998763, -17.22392991681844876, 5235.4859999999998763, 19.101862122009098499
5235.4909999999999854, 73.464783894571482392, 5235.4600000000000364, 1, 5235.4909999999999854, -6.4913661374460920328, 5235.4909999999999854, 24.349176707518619622, 5235.4909999999999854, 194.27366452926656848, 5235.4600000000000364, 0, 5235.4909999999999854, 8.2647091498090468065, 5235.4909999999999854, -13.331529026566514062, 5235.4909999999999854, 119.22842073013482889, 5235.4600000000000364, 0, 5235.4909999999999854, -40.431640938327937818, 5235.4909999999999854, -2.1445330802987214724, 5235.4909999999999854, 7.6626086125300334473, 5235.4600000000000364, 1, 5235.4909999999999854, -4.4062796510559820717, 5235.4909999999999854, 4.7894923709739094519
5235.4960000000000946, 32.801874113566270807, 5235.4629999999997381, 1, 5235.4960000000000946, 10.990687418792758123, 5235.4960000000000946, 12.804372545434022257, 5235.4960000000000946, 107.17186442556862858, 5235.4629999999997381, 0, 5235.4960000000000946, 13.349795015365925721, 5235.4960000000000946, 14.517963121793911796, 5235.4960000000000946, 75.917772341608028341, 5235.4629999999997381, 0, 5235.4960000000000946, -21.738643927241184883, 5235.4960000000000946, 34.080035684459133449, 5235.4960000000000946, 15.737067385286984234, 5235.4629999999997381, 1, 5235.4960000000000946, -8.3615132973094041802, 5235.4960000000000946, 9.3267208556859380053
5235.5, 17.076513154848854015, 5235.4679999999998472, 1, 5235.5, 10.287880456185817479, 5235.5, 6.7862136564702950636, 5235.5, 60.059712180033834272, 5235.4679999999998472, 0, 5235.5, 6.8409299615535834604, 5235.5, 10.69663094370684675, 5235.5, 69.641362511604455676, 5235.4679999999998472, 0, 5235.5, -14.311373568047462967, 5235.5, 13.409012056623460296, 5235.5, 30.478644084074637988, 5235.4679999999998472, 1, 5235.5, -2.2825319088771016673, 5235.5, 16.653390413285087845
5235.5029999999997017, 14.477279364995826683, 5235.4729999999999563, 1, 5235.5029999999997017, 8.609454566850626378, 5235.5029999999997017, 4.2237414724282249523, 5235.5029999999997017, 35.698609776393411153, 5235.4729999999999563, 0, 5235.5029999999997017, 1.5260994965198815265, 5235.5029999999997017, 5.8118607089537981381, 5235.5029999999997017, 57.506819715643516133, 5235.4729999999999563, 0, 5235.5029999999997017, -8.7088212452591697854, 5235.5029999999997017, 4.7076401923344910472, 5235.5029999999997017, 46.065060417464735565, 5235.4729999999999563, 1, 5235.5029999999997017, 3.4872019481987690526, 5235.5029999999997017, 17.099108232062221191
5235.5119999999997162, 16.596341753577910083, 5235.4780000000000655, 1, 5235.5119999999997162, 9.7816604506398405761, 5235.5119999999997162, 3.5102729157834620111, 5235.5119999999997162, 24.870269619311748954, 5235.4780000000000655, 0, 5235.5119999999997162, -1.4961624582014363405, 5235.5119999999997162, 0.64828019999572994436, 5235.5119999999997162, 43.132931448555126508, 5235.4780000000000655, 0, 5235.5119999999997162, -4.3717236586582082225, 5235.5119999999997162, 1.618039787789776085, 5235.5119999999997162, 51.926646352931314254, 5235.4780000000000655, 1, 5235.5119999999997162, 5.8380744077703328188, 5235.5119999999997162, 14.106237292185912935
5235.5119999999997162, 19.41942123167572376, 5235.4830000000001746, 1, 5235.5119999999997162, 10.100582887661250453, 5235.5119999999997162, 3.4596633263527785118, 5235.5119999999997162, 27.275821312517141592, 5235.4830000000001746, 1, 5235.5119999999997162, -2.222295765362992892, 5235.5119999999997162, -3.1136478709952832844, 5235.5119999999997162, 38.530771835194215669, 5235.4830000000001746, 1, 5235.5119999999997162, -3.267682136457719988, 5235.5119999999997162, 1.1066841236725721842, 5235.5119999999997162, 53.136314373248723086, 5235.4830000000001746, 1, 5235.5119999999997162, 6.3296414867596553222, 5235.5119999999997162, 13.473374527904979914
5235.5219999999999345, 26.064367799013524518, 5235.4880000000002838, 1, 5235.5219999999999345, 8.0626894192317806187, 5235.5219999999999345, 5.5289839749080158526, 5235.5219999999999345, 28.717169647573776103, 5235.4880000000002838, 1, 5235.5219999999999345, -2.730437003214268632, 5235.5219999999999345, -4.9648519151897190227, 5235.5219999999999345, 32.552839363077339385, 5235.4880000000002838, 1, 5235.5219999999999345, -1.9599419527483865622, 5235.5219999999999345, 2.3940049879709341951, 5235.5219999999999345, 52.395047369512326441, 5235.4880000000002838, 1, 5235.5219999999999345, 6.1662274486126520401, 5235.5219999999999345, 18.605822460926763284
5235.5219999999999345, 33.740778210189638742, 5235.4930000000003929, 1, 5235.5219999999999345, 6.1691173207223055641, 5235.5219999999999345, 5.9624738698862671527, 5235.5219999999999345, 32.249348648254006378, 5235.4930000000003929, 1, 5235.5219999999999345, -2.5110008106228227653, 5235.5219999999999345, -8.3562729610964030513, 5235.5219999999999345, 29.485599013785623868, 5235.4930000000003929, 1, 5235.5219999999999345, -1.0990470126611373569, 5235.5219999999999345, 1.3323663586116811786, 5235.5219999999999345, 52.782752713183171522, 5235.4930000000003929, 1, 5235.5219999999999345, 6.4320519761741214992, 5235.5219999999999345, 18.175590927844922362
5235.5330000000003565, 40.032479742497514508, 5235.4989999999997963, 1, 5235.5330000000003565, 4.6668195653890549579, 5235.5330000000003565, 6.0912254470182780608, 5235.5330000000003565, 36.665999650164422974, 5235.4989999999997963, 1, 5235.5330000000003565, -1.8847543988887074384, 5235.5330000000003565, -11.296712497033922773, 5235.5330000000003565, 28.448998815701070697, 5235.4989999999997963, 1, 5235.5330000000003565, -0.71735478032847865837, 5235.5330000000003565, 0.26930390293507322497, 5235.5330000000003565, 52.874852719349661356, 5235.4989999999997963, 1, 5235.5330000000003565, 6.491902942044194269, 5235.5330000000003565, 17.664567789440749124
5235.5370000000002619, 44.909572831506764601, 5235.5029999999997017, 1, 5235.5370000000002619, 3.5167755620002791872, 5235.5370000000002619, 5.9907299677153957873, 5235.5370000000002619, 40.748121587510738095, 5235.5029999999997017, 1, 5235.5370000000002619, -1.1873186974055247589, 5235.5370000000002619, -13.872823313260788325, 5235.5370000000002619, 28.119103161972873295, 5235.5029999999997017, 1, 5235.5370000000002619, -0.56557064108359322852, 5235.5370000000002619, -0.80897919419514785488, 5235.5370000000002619, 52.466668972136517368, 5235.5029999999997017, 1, 5235.5370000000002619, 6.34465874404602026, 5235.5370000000002619, 17.097646343358892551
5235.5420000000003711, 49.575466055256498521, 5235.5090000000000146, 1, 5235.5420000000003711, 2.4266199244992314732, 5235.5420000000003711, 5.7922420106004928186, 5235.5420000000003711, 44.404189043934906067, 5235.5090000000000146, 1, 5235.5420000000003711, -0.47838226049375709437, 5235.5420000000003711, -16.393447580410107633, 5235.5420000000003711, 27.964584263496277572, 5235.5090000000000146, 1, 5235.5420000000003711, -0.47811854905391482085, 5235.5420000000003711, -2.0549210259365739972, 5235.5420000000003711, 52.316859700871944483, 5235.5090000000000146, 1, 5235.5420000000003711, 6.1912468330238583647, 5235.5420000000003711, 16.511077708081433713
5235.5420000000003711, 52.594358195638882592, 5235.5140000000001237, 1, 5235.5420000000003711, 1.723419723001774706, 5235.5420000000003711, 5.4509129996160474718, 5235.5420000000003711, 47.59935852060561956, 5235.5140000000001237, 1, 5235.5420000000003711, 0.17661912019350850533, 5235.5420000000003711, -18.432513468763701781, 5235.5420000000003711, 27.980494879498596816, 5235.5140000000001237, 1, 5235.5420000000003711, -0.50181040666560738917, 5235.5420000000003711, -3.026414570285091088, 5235.5420000000003711, 51.273238523379532694, 5235.5140000000001237, 1, 5235.5420000000003711, 5.8195555592330530104, 5235.5420000000003711, 15.911660965311963167
5235.5469999999995707, 54.665050565497431023, 5235.5180000000000291, 1, 5235.5469999999995707, 1.2561923969304118476, 5235.5469999999995707, 4.9436863400114710032, 5235.5469999999995707, 50.412595746150259401, 5235.5180000000000291, 1, 5235.5469999999995707, 0.81297756699679468717, 5235.5469999999995707, -20.347577397638129781, 5235.5469999999995707, 28.105890920224251062, 5235.5180000000000291, 1, 5235.5469999999995707, -0.56282818586646388148, 5235.5469999999995707, -4.0265211379797349878, 5235.5469999999995707, 49.856694075660719534, 5235.5180000000000291, 1, 5235.5469999999995707, 5.3597093944900100482, 5235.5469999999995707, 15.233296025837145038
5235.5519999999996799, 54.818416201016646028, 5235.5230000000001382, 1, 5235.5519999999996799, 1.2260050262161390489, 5235.5519999999996799, 4.4302474378173428704, 5235.5519999999996799, 51.631171273546129896, 5235.5230000000001382, 1, 5235.5519999999996799, 1.1091504407684285027, 5235.5519999999996799, -21.448300097559087618, 5235.5519999999996799, 27.702910233592582756, 5235.5230000000001382, 1, 5235.5519999999996799, -0.57587094568690855301, 5235.5519999999996799, -4.5402724593922201279, 5235.5519999999996799, 47.588521759144207124, 5235.5230000000001382, 1, 5235.5519999999996799, 4.7624051364511990059, 5235.5519999999996799, 14.68177715391262339
5235.556999999999789, 53.284857569619447304, 5235.5280000000002474, 1, 5235.556999999999789, 2.8667113265838239933, 5235.556999999999789, 8.4749998940529067681, 5235.556999999999789, 56.889989532885067547, 5235.5280000000002474, 1, 5235.556999999999789, 1.7414367947611095744, 5235.556999999999789, -16.831832010203690686, 5235.556999999999789, 29.329455330021243498, 5235.5280000000002474, 1, 5235.556999999999789, -0.85604220837396649557, 5235.556999999999789, -1.7162841445851526601, 5235.556999999999789, 40.929288052512923457, 5235.5280000000002474, 1, 5235.556999999999789, 2.6693100227571870953, 5235.556999999999789, 19.776705133485801724
5235.5619999999998981, 55.574533195630166915, 5235.5330000000003565, 1, 5235.5619999999998981, 2.6638527582887965295, 5235.5619999999998981, 16.51205010097932302, 5235.5619999999998981, 60.821561996326948929, 5235.5330000000003565, 1, 5235.5619999999998981, 1.913548079227640919, 5235.5619999999998981, -18.147551737832085195, 5235.5619999999998981, 29.178294306012517723, 5235.5330000000003565, 1, 5235.5619999999998981, -1.2759230145370166198, 5235.5619999999998981, -1.838282339003718846, 5235.5619999999998981, 38.389834747016855943, 5235.5330000000003565, 1, 5235.5619999999998981, 2.0996779667648839407, 5235.5619999999998981, 21.139642308556400252
5235.5720000000001164, 15.236591820401358177, 5235.5379999999995562, 1, 5235.5720000000001164, 0.45006831342828135245, 5235.5720000000001164, 9.9687278040188598283, 5235.5720000000001164, 57.80403298641348897, 5235.5379999999995562, 1, 5235.5720000000001164, 1.0781886562076641312, 5235.5720000000001164, -22.084251915947373135, 5235.5720000000001164, 49.052638975317556458, 5235.5379999999995562, 1, 5235.5720000000001164, -6.5348871328457320828, 5235.5720000000001164, -10.259206460333235356, 5235.5720000000001164, 13.122988095840884881, 5235.5379999999995562, 1, 5235.5720000000001164, 0.7726077831439694954, 5235.5720000000001164, 9.5064359553254789148
5235.5770000000002256, 0, 5235.5429999999996653, 1, 5235.5770000000002256, 0, 5235.5770000000002256, 0, 5235.5770000000002256, 65.370262005634401703, 5235.5429999999996653, 1, 5235.5770000000002256, 5.1046646854142521121, 5235.5770000000002256, -25.545663380820304411, 5235.5770000000002256, 67.201576420161018177, 5235.5429999999996653, 1, 5235.5770000000002256, -7.9522597561988845882, 5235.5770000000002256, -15.690067581715553047, 5235.5770000000002256, 0, 5235.5429999999996653, 1, 5235.5770000000002256, 0, 5235.5770000000002256, 0
5235.5820000000003347, 0, 5235.5500000000001819, 1, 5235.5820000000003347, 0, 5235.5820000000003347, 0, 5235.5820000000003347, 79.941566925405126653, 5235.5500000000001819, 1, 5235.5820000000003347, 8.6312138213711229184, 5235.5820000000003347, -27.962649375717948175, 5235.5820000000003347, 73.054218856676158111, 5235.5500000000001819, 1, 5235.5820000000003347, -6.3677407690340785962, 5235.5820000000003347, -15.756868778400590969, 5235.5820000000003347, 0, 5235.5500000000001819, 1, 5235.5820000000003347, 0, 5235.5820000000003347, 0
5235.5879999999997381, 0, 5235.5529999999998836, 1, 5235.5879999999997381, 0, 5235.5879999999997381, 0, 5235.5879999999997381, 90.426185838204304446, 5235.5529999999998836, 1, 5235.5879999999997381, 10.798865474206952086, 5235.5879999999997381, -28.626047694010260614, 5235.5879999999997381, 70.447179503260230149, 5235.5529999999998836, 1, 5235.5879999999997381, -7.1285187623320549477, 5235.5879999999997381, -12.940925657640342195, 5235.5879999999997381, 0, 5235.5529999999998836, 1, 5235.5879999999997381, 0, 5235.5879999999997381, 0
5235.5919999999996435, 0, 5235.5579999999999927, 0, 5235.5919999999996435, 0, 5235.5919999999996435, 0, 5235.5919999999996435, 101.56780729857220535, 5235.5579999999999927, 1, 5235.5919999999996435, 13.345226474520728743, 5235.5919999999996435, -30.537749510954078858, 5235.5919999999996435, 75.404686839691436262, 5235.5579999999999927, 1, 5235.5919999999996435, -3.5336147687929240213, 5235.5919999999996435, -13.016220612641809851, 5235.5919999999996435, 0, 5235.5579999999999927, 0, 5235.5919999999996435, 0, 5235.5919999999996435, 0
5235.5969999999997526, 0, 5235.5630000000001019, 0, 5235.5969999999997526, 0, 5235.5969999999997526, 0, 5235.5969999999997526, 102.68183971272935651, 5235.5630000000001019, 1, 5235.5969999999997526, 14.692945901786114149, 5235.5969999999997526, -26.709114254263532473, 5235.5969999999997526, 59.302355615266293398, 5235.5630000000001019, 1, 5235.5969999999997526, -8.9413444268344655086, 5235.5969999999997526, -6.4527319753762419907, 5235.5969999999997526, 0, 5235.5630000000001019, 0, 5235.5969999999997526, 0, 5235.5969999999997526, 0
5235.5979999999999563, 0, 5235.568000000000211, 0, 5235.5979999999999563, 0, 5235.5979999999999563, 0, 5235.5979999999999563, 112.85547595702040269, 5235.568000000000211, 1, 5235.5979999999999563, 17.130278755193920404, 5235.5979999999999563, -29.660004504398798986, 5235.5979999999999563, 70.726043260305516469, 5235.568000000000211, 1, 5235.5979999999999563, -2.2835429236799762442, 5235.5979999999999563, -9.2565114658323821573, 5235.5979999999999563, 0, 5235.568000000000211, 0, 5235.5979999999999563, 0, 5235.5979999999999563, 0
5235.6069999999999709, 0, 5235.5730000000003201, 0, 5235.6069999999999709, 0, 5235.6069999999999709, 0, 5235.6069999999999709, 120.89250668621741625, 5235.5730000000003201, 1, 5235.6069999999999709, 19.101228527138506053, 5235.6069999999999709, -28.626969449640142784, 5235.6069999999999709, 67.673448053214400488, 5235.5730000000003201, 1, 5235.6069999999999709, 0.15304586437027870027, 5235.6069999999999709, -5.6896481090666561897, 5235.6069999999999709, 0, 5235.5730000000003201, 0, 5235.6069999999999709, 0, 5235.6069999999999709, 0
5235.61200000000008, 0, 5235.5789999999997235, 0, 5235.61200000000008, 0, 5235.61200000000008, 0, 5235.61200000000008, 125.98695087590277808, 5235.5789999999997235, 1, 5235.61200000000008, 20.241485346454272332, 5235.61200000000008, -29.023634338645003083, 5235.61200000000008, 67.501647938543868577, 5235.5789999999997235, 1, 5235.61200000000008, 2.7696381703818566677, 5235.61200000000008, -4.2917841850808002846, 5235.61200000000008, 0, 5235.5789999999997235, 0, 5235.61200000000008, 0, 5235.61200000000008, 0
5235.6170000000001892, 0, 5235.5829999999996289, 0, 5235.6170000000001892, 0, 5235.6170000000001892, 0, 5235.6170000000001892, 126.70675183002353492, 5235.5829999999996289, 1, 5235.6170000000001892, 20.627103948888905194, 5235.6170000000001892, -27.728837529182456478, 5235.6170000000001892, 62.211764811691999455, 5235.5829999999996289, 1, 5235.6170000000001892, 1.8837508017970889806, 5235.6170000000001892, -0.92962445206984867241, 5235.6170000000001892, 0, 5235.5829999999996289, 0, 5235.6170000000001892, 0, 5235.6170000000001892, 0
5235.6170000000001892, 0, 5235.5879999999997381, 0, 5235.6170000000001892, 0, 5235.6170000000001892, 0, 5235.6170000000001892, 128.85410469724757832, 5235.5879999999997381, 1, 5235.6170000000001892, 20.912507201762743136, 5235.6170000000001892, -28.145207946394044995, 5235.6170000000001892, 66.785060532134707501, 5235.5879999999997381, 1, 5235.6170000000001892, 4.6037494562666676501, 5235.6170000000001892, -1.6282219862271816169, 5235.6170000000001892, 0, 5235.5879999999997381, 0, 5235.6170000000001892, 0, 5235.6170000000001892, 0
5235.6260000000002037, 0, 5235.5929999999998472, 0, 5235.6260000000002037, 0, 5235.6260000000002037, 0, 5235.6260000000002037, 130.34119082402185086, 5235.5929999999998472, 1, 5235.6260000000002037, 21.262637684654556836, 5235.6260000000002037, -26.73060684719466451, 5235.6260000000002037, 60.916370285988044486, 5235.5929999999998472, 1, 5235.6260000000002037, 3.9480347280752088324, 5235.6260000000002037, 2.0502250191388391443, 5235.6260000000002037, 0, 5235.5929999999998472, 0, 5235.6260000000002037, 0, 5235.6260000000002037, 0
5235.6319999999996071, 0, 5235.5979999999999563, 0, 5235.6319999999996071, 0, 5235.6319999999996071, 0, 5235.6319999999996071, 131.49184934695858828, 5235.5979999999999563, 1, 5235.6319999999996071, 21.123286793930212468, 5235.6319999999996071, -26.853092237094912775, 5235.6319999999996071, 64.865513220819735807, 5235.5979999999999563, 1, 5235.6319999999996071, 6.3200646073114779, 5235.6319999999996071, 1.5598122605305100308, 5235.6319999999996071, 0, 5235.5979999999999563, 0, 5235.6319999999996071, 0, 5235.6319999999996071, 0
5235.6319999999996071, 0, 5235.6030000000000655, 0, 5235.6319999999996071, 0, 5235.6319999999996071, 0, 5235.6319999999996071, 130.89799168448442401, 5235.6030000000000655, 1, 5235.6319999999996071, 20.972428507978847279, 5235.6319999999996071, -25.597657745519541095, 5235.6319999999996071, 61.422271957588620239, 5235.6030000000000655, 1, 5235.6319999999996071, 4.8940515029777369449, 5235.6319999999996071, 4.0370211510563969171, 5235.6319999999996071, 0, 5235.6030000000000655, 0, 5235.6319999999996071, 0, 5235.6319999999996071, 0
5235.6419999999998254, 0, 5235.6080000000001746, 0, 5235.6419999999998254, 0, 5235.6419999999998254, 0, 5235.6419999999998254, 133.38266888956655976, 5235.6080000000001746, 1, 5235.6419999999998254, 19.207098439380398958, 5235.6419999999998254, -11.911123852686515079, 5235.6419999999998254, 65.652815608356348775, 5235.6080000000001746, 1, 5235.6419999999998254, 7.1561113191453067373, 5235.6419999999998254, 11.286233546300408648, 5235.6419999999998254, 0, 5235.6080000000001746, 0, 5235.6419999999998254, 0, 5235.6419999999998254, 0
5235.6469999999999345, 0, 5235.6130000000002838, 0, 5235.6469999999999345, 0, 5235.6469999999999345, 0, 5235.6469999999999345, 132.26630163668687601, 5235.6130000000002838, 1, 5235.6469999999999345, 18.81924235892913444, 5235.6469999999999345, -10.845118354931969407, 5235.6469999999999345, 62.62556457419930922, 5235.6130000000002838, 1, 5235.6469999999999345, 5.4535028838176007326, 5235.6469999999999345, 13.034550774657081007, 5235.6469999999999345, 0, 5235.6130000000002838, 0, 5235.6469999999999345, 0, 5235.6469999999999345, 0
5235.6520000000000437, 0, 5235.6180000000003929, 0, 5235.6520000000000437, 0, 5235.6520000000000437, 0, 5235.6520000000000437, 131.66923599887917362, 5235.6180000000003929, 1, 5235.6520000000000437, 18.129030314808403546, 5235.6520000000000437, -11.256330957500317425, 5235.6520000000000437, 69.21021154466049552, 5235.6180000000003929, 1, 5235.6520000000000437, 6.9049425705017712929, 5235.6520000000000437, 12.06798440612616119, 5235.6520000000000437, 0, 5235.6180000000003929, 0, 5235.6520000000000437, 0, 5235.6520000000000437, 0
5235.6570000000001528, 0, 5235.6229999999995925, 0, 5235.6570000000001528, 0, 5235.6570000000001528, 0, 5235.6570000000001528, 131.04896306307301757, 5235.6229999999995925, 1, 5235.6570000000001528, 17.606589652768764864, 5235.6570000000001528, -10.033531527500166192, 5235.6570000000001528, 64.885058142166258222, 5235.6229999999995925, 1, 5235.6570000000001528, 5.2916069420207492158, 5235.6570000000001528, 14.149786869479523688, 5235.6570000000001528, 0, 5235.6229999999995925, 0, 5235.6570000000001528, 0, 5235.6570000000001528, 0
5235.6570000000001528, 0, 5235.6279999999997017, 0, 5235.6570000000001528, 0, 5235.6570000000001528, 0, 5235.6570000000001528, 129.67807122454820501, 5235.6279999999997017, 1, 5235.6570000000001528, 16.771779962178587908, 5235.6570000000001528, -10.591211806493035397, 5235.6570000000001528, 72.180293940338458469, 5235.6279999999997017, 1, 5235.6570000000001528, 6.4254385488555003647, 5235.6570000000001528, 12.852992501566561145, 5235.6570000000001528, 0, 5235.6279999999997017, 0, 5235.6570000000001528, 0, 5235.6570000000001528, 0
5235.6620000000002619, 0, 5235.6329999999998108, 0, 5235.6620000000002619, 0, 5235.6620000000002619, 0, 5235.6620000000002619, 128.02127659171338792, 5235.6329999999998108, 1, 5235.6620000000002619, 16.0151983468315251, 5235.6620000000002619, -10.299724232334831697, 5235.6620000000002619, 70.870419350063045272, 5235.6329999999998108, 1, 5235.6620000000002619, 4.3850801727348915904, 5235.6620000000002619, 13.889967793698211551, 5235.6620000000002619, 0, 5235.6329999999998108, 0, 5235.6620000000002619, 0, 5235.6620000000002619, 0
5235.6719999999995707, 0, 5235.63799999999992, 0, 5235.6719999999995707, 0, 5235.6719999999995707, 0, 5235.6719999999995707, 127.21098121521384883, 5235.63799999999992, 1, 5235.6719999999995707, 15.314397555431993325, 5235.6719999999995707, -9.9712345448137540416, 5235.6719999999995707, 76.634923743627126669, 5235.63799999999992, 1, 5235.6719999999995707, 5.5124256121089212357, 5235.6719999999995707, 12.973888687882279669, 5235.6719999999995707, 0, 5235.63799999999992, 0, 5235.6719999999995707, 0, 5235.6719999999995707, 0
5235.6769999999996799, 0, 5235.6440000000002328, 0, 5235.6769999999996799, 0, 5235.6769999999996799, 0, 5235.6769999999996799, 126.28988486957322834, 5235.6440000000002328, 1, 5235.6769999999996799, 14.523504758588584806, 5235.6769999999996799, -1.5655093711589955774, 5235.6769999999996799, 73.044287761383259294, 5235.6440000000002328, 1, 5235.6769999999996799, 3.777740964862395856, 5235.6769999999996799, 18.969600283384128403, 5235.6769999999996799, 0, 5235.6440000000002328, 0, 5235.6769999999996799, 0, 5235.6769999999996799, 0
5235.6769999999996799, 0, 5235.6480000000001382, 0, 5235.6769999999996799, 0, 5235.6769999999996799, 0, 5235.6769999999996799, 125.00539525219460302, 5235.6480000000001382, 1, 5235.6769999999996799, 13.580789239524436951, 5235.6769999999996799, -2.2291362036865791652, 5235.6769999999996799, 79.544041638364177516, 5235.6480000000001382, 1, 5235.6769999999996799, 4.7378373402797722136, 5235.6769999999996799, 18.11338590136351101, 5235.6769999999996799, 0, 5235.6480000000001382, 0, 5235.6769999999996799, 0, 5235.6769999999996799, 0
5235.6880000000001019, 0, 5235.6530000000002474, 0, 5235.6880000000001019, 0, 5235.6880000000001019, 0, 5235.6880000000001019, 123.47596145676365609, 5235.6530000000002474, 1, 5235.6880000000001019, 12.847720326319175044, 5235.6880000000001019, -1.6647883364726538957, 5235.6880000000001019, 77.727911717964218496, 5235.6530000000002474, 1, 5235.6880000000001019, 2.8958616450218834792, 5235.6880000000001019, 19.039714297136143273, 5235.6880000000001019, 0, 5235.6530000000002474, 0, 5235.6880000000001019, 0, 5235.6880000000001019, 0
5235.6880000000001019, 0, 5235.6580000000003565, 0, 5235.6880000000001019, 0, 5235.6880000000001019, 0, 5235.6880000000001019, 121.95016367150628867, 5235.6580000000003565, 1, 5235.6880000000001019, 11.842780157817159647, 5235.6880000000001019, -2.041360960258806756, 5235.6880000000001019, 81.90577290753387274, 5235.6580000000003565, 1, 5235.6880000000001019, 3.0486360133068304279, 5235.6880000000001019, 18.622790691121004159, 5235.6880000000001019, 0, 5235.6580000000003565, 0, 5235.6880000000001019, 0, 5235.6880000000001019, 0
5235.6920000000000073, 0, 5235.6629999999995562, 0, 5235.6920000000000073, 0, 5235.6920000000000073, 0, 5235.6920000000000073, 120.64487285251128412, 5235.6629999999995562, 1, 5235.6920000000000073, 11.037038492286585623, 5235.6920000000000073, -2.2257208225696629711, 5235.6920000000000073, 84.499012094214720037, 5235.6629999999995562, 1, 5235.6920000000000073, 2.6747563383871222342, 5235.6920000000000073, 18.44688562398220455, 5235.6920000000000073, 0, 5235.6629999999995562, 0, 5235.6920000000000073, 0, 5235.6920000000000073, 0
5235.7020000000002256, 0, 5235.6679999999996653, 0, 5235.7020000000002256, 0, 5235.7020000000002256, 0, 5235.7020000000002256, 119.74303622689808435, 5235.6679999999996653, 1, 5235.7020000000002256, 10.320131482376877941, 5235.7020000000002256, -2.4059516874278727983, 5235.7020000000002256, 86.566044703328842047, 5235.6679999999996653, 1, 5235.7020000000002256, 3.1000837263865128612, 5235.7020000000002256, 18.338427156648947403, 5235.7020000000002256, 0, 5235.6679999999996653, 0, 5235.7020000000002256, 0, 5235.7020000000002256, 0
5235.7070000000003347, 0, 5235.6729999999997744, 0, 5235.7070000000003347, 0, 5235.7070000000003347, 0, 5235.7070000000003347, 118.18527742390304525, 5235.6729999999997744, 1, 5235.7070000000003347, 9.7204264565556091071, 5235.7070000000003347, -1.9504743152622481261, 5235.7070000000003347, 84.85752173321404257, 5235.6729999999997744, 1, 5235.7070000000003347, 1.5684423857570770622, 5235.7070000000003347, 19.089892063762576413, 5235.7070000000003347, 0, 5235.6729999999997744, 0, 5235.7070000000003347, 0, 5235.7070000000003347, 0
5235.7110000000002401, 0, 5235.6779999999998836, 0, 5235.7110000000002401, 0, 5235.7110000000002401, 0, 5235.7110000000002401, 117.40300840123336457, 5235.6779999999998836, 1, 5235.7110000000002401, 8.7660804518804553709, 5235.7110000000002401, -2.567577623078513227, 5235.7110000000002401, 89.356555859315079715, 5235.6779999999998836, 1, 5235.7110000000002401, 2.5079848431494728977, 5235.7110000000002401, 18.344622894658762391, 5235.7110000000002401, 0, 5235.6779999999998836, 0, 5235.7110000000002401, 0, 5235.7110000000002401, 0
5235.7169999999996435, 0, 5235.6829999999999927, 0, 5235.7169999999996435, 0, 5235.7169999999996435, 0, 5235.7169999999996435, 116.04976280313439929, 5235.6829999999999927, 1, 5235.7169999999996435, 8.3352793280890171701, 5235.7169999999996435, 5.5094877935528359103, 5235.7169999999996435, 85.440403869058940245, 5235.6829999999999927, 1, 5235.7169999999996435, 1.2149597102048796948, 5235.7169999999996435, 24.814122689246822517, 5235.7169999999996435, 0, 5235.6829999999999927, 0, 5235.7169999999996435, 0, 5235.7169999999996435, 0
5235.7169999999996435, 0, 5235.6890000000003056, 0, 5235.7169999999996435, 0, 5235.7169999999996435, 0, 5235.7169999999996435, 114.71640932437236415, 5235.6890000000003056, 1, 5235.7169999999996435, 7.6499018641605989188, 5235.7169999999996435, 4.5650677003560247158, 5235.7169999999996435, 90.709424431325004434, 5235.6890000000003056, 1, 5235.7169999999996435, 2.6082062296145012148, 5235.7169999999996435, 24.053682618972516138, 5235.7169999999996435, 0, 5235.6890000000003056, 0, 5235.7169999999996435, 0, 5235.7169999999996435, 0
5235.7219999999997526, 0, 5235.693000000000211, 0, 5235.7219999999997526, 0, 5235.7219999999997526, 0, 5235.7219999999997526, 114.13208886203847214, 5235.693000000000211, 1, 5235.7219999999997526, 7.0167036843445584893, 5235.7219999999997526, 6.0313906102158156841, 5235.7219999999997526, 87.677872920102842613, 5235.693000000000211, 1, 5235.7219999999997526, 1.1155872563538029585, 5235.7219999999997526, 25.495435286851218848, 5235.7219999999997526, 0, 5235.693000000000211, 0, 5235.7219999999997526, 0, 5235.7219999999997526, 0
5235.7319999999999709, 0, 5235.6980000000003201, 0, 5235.7319999999999709, 0, 5235.7319999999999709, 0, 5235.7319999999999709, 112.40981785178459518, 5235.6980000000003201, 1, 5235.7319999999999709, 6.8291802408312447525, 5235.7319999999999709, 5.30015734786753967, 5235.7319999999999709, 91.480773800549783914, 5235.6980000000003201, 1, 5235.7319999999999709, 2.064150946132694564, 5235.7319999999999709, 25.001419146264638016, 5235.7319999999999709, 0, 5235.6980000000003201, 0, 5235.7319999999999709, 0, 5235.7319999999999709, 0
5235.7380000000002838, 0, 5235.7030000000004293, 0, 5235.7380000000002838, 0, 5235.7380000000002838, 0, 5235.7380000000002838, 111.78143458479806327, 5235.7030000000004293, 1, 5235.7380000000002838, 5.0436215274161559918, 5235.7380000000002838, 5.3640381991562406938, 5235.7380000000002838, 90.220254267881486498, 5235.7030000000004293, 1, 5235.7380000000002838, 0.077583134140798398759, 5235.7380000000002838, 25.280840400249950051, 5235.7380000000002838, 0, 5235.7030000000004293, 0, 5235.7380000000002838, 0, 5235.7380000000002838, 0
5235.7420000000001892, 0, 5235.7089999999998327, 0, 5235.7420000000001892, 0, 5235.7420000000001892, 0, 5235.7420000000001892, 109.9041420910078557, 5235.7089999999998327, 1, 5235.7420000000001892, 5.3823280399697805976, 5235.7420000000001892, 4.628323450828411012, 5235.7420000000001892, 93.350704474650058273, 5235.7089999999998327, 1, 5235.7420000000001892, 1.1516292491896238381, 5235.7420000000001892, 24.72787960980978994, 5235.7420000000001892, 0, 5235.7089999999998327, 0, 5235.7420000000001892, 0, 5235.7420000000001892, 0
5235.7470000000002983, 0, 5235.7129999999997381, 0, 5235.7470000000002983, 0, 5235.7470000000002983, 0, 5235.7470000000002983, 110.05437748498177086, 5235.7129999999997381, 1, 5235.7470000000002983, 4.2797452950594365717, 5235.7470000000002983, 4.2853523350370466005, 5235.7470000000002983, 94.766087419432409433, 5235.7129999999997381, 1, 5235.7470000000002983, 0.54588360949991043825, 5235.7470000000002983, 24.519227191893776308, 5235.7470000000002983, 0, 5235.7129999999997381, 0, 5235.7470000000002983, 0, 5235.7470000000002983, 0
5235.7470000000002983, 0, 5235.7179999999998472, 0, 5235.7470000000002983, 0, 5235.7470000000002983, 0, 5235.7470000000002983, 108.05157509347836253, 5235.7179999999998472, 1, 5235.7470000000002983, 3.6659859219763153426, 5235.7470000000002983, 3.5413386030803977178, 5235.7470000000002983, 96.790069920123315228, 5235.7179999999998472, 1, 5235.7470000000002983, -0.34220276845534752796, 5235.7470000000002983, 23.9174873473833145, 5235.7470000000002983, 0, 5235.7179999999998472, 0, 5235.7470000000002983, 0, 5235.7470000000002983, 0
5235.7569999999996071, 0, 5235.7229999999999563, 0, 5235.7569999999996071, 0, 5235.7569999999996071, 0, 5235.7569999999996071, 106.61703213000376422, 5235.7229999999999563, 1, 5235.7569999999996071, 2.8006159580446747803, 5235.7569999999996071, 9.129661276287137639, 5235.7569999999996071, 96.357832478408397492, 5235.7229999999999563, 1, 5235.7569999999996071, -0.85735255522662623395, 5235.7569999999996071, 29.098673619886987751, 5235.7569999999996071, 0, 5235.7229999999999563, 0, 5235.7569999999996071, 0, 5235.7569999999996071, 0
5235.761000000000422, 0, 5235.7280000000000655, 0, 5235.761000000000422, 0, 5235.761000000000422, 0, 5235.761000000000422, 105.81817720302124997, 5235.7280000000000655, 1, 5235.761000000000422, 4.9165026960291804414, 5235.761000000000422, 1.1609756230996381987, 5235.761000000000422, 100.72902084534719336, 5235.7280000000000655, 1, 5235.761000000000422, -4.1754124705427653197, 5235.761000000000422, 17.562803043178981, 5235.761000000000422, 0, 5235.7280000000000655, 0, 5235.761000000000422, 0, 5235.761000000000422, 0
5235.7659999999996217, 0, 5235.7330000000001746, 0, 5235.7659999999996217, 0, 5235.7659999999996217, 0, 5235.7659999999996217, 104.51831643478155343, 5235.7330000000001746, 1, 5235.7659999999996217, 4.1768719909988973882, 5235.7659999999996217, 0.22381167230477672092, 5235.7659999999996217, 102.26481203259899644, 5235.7330000000001746, 1, 5235.7659999999996217, -4.5336114751629708053, 5235.7659999999996217, 16.657531738006923661, 5235.7659999999996217, 0, 5235.7330000000001746, 0, 5235.7659999999996217, 0, 5235.7659999999996217, 0
5235.7719999999999345, 0, 5235.738999999999578, 0, 5235.7719999999999345, 0, 5235.7719999999999345, 0, 5235.7719999999999345, 102.70804422637704079, 5235.738999999999578, 1, 5235.7719999999999345, 3.3252353423164047186, 5235.7719999999999345, -1.2244117847489590645, 5235.7719999999999345, 106.69515775843825622, 5235.738999999999578, 1, 5235.7719999999999345, -5.3191722733735700146, 5235.7719999999999345, 14.829195258372457999, 5235.7719999999999345, 0, 5235.738999999999578, 0, 5235.7719999999999345, 0, 5235.7719999999999345, 0
5235.7770000000000437, 0, 5235.7430000000003929, 0, 5235.7770000000000437, 0, 5235.7770000000000437, 0, 5235.7770000000000437, 101.42465149589922646, 5235.7430000000003929, 1, 5235.7770000000000437, 2.549694710235407058, 5235.7770000000000437, -2.4450439153547236515, 5235.7770000000000437, 107.73385368434708198, 5235.7430000000003929, 1, 5235.7770000000000437, -5.9703982516963769456, 5235.7770000000000437, 13.79117263038003216, 5235.7770000000000437, 0, 5235.7430000000003929, 0, 5235.7770000000000437, 0, 5235.7770000000000437, 0
5235.7820000000001528, 348.69501433172655425, 5235.7479999999995925, 0, 5235.7820000000001528, -60.234958607664459862, 5235.7820000000001528, -222.22078916057316178, 5235.7820000000001528, 99.402252836807193148, 5235.7479999999995925, 1, 5235.7820000000001528, -0.91911756386074805469, 5235.7820000000001528, -3.5038099620924612054, 5235.7820000000001528, 105.18894875128202671, 5235.7479999999995925, 1, 5235.7820000000001528, -5.7569719601079363258, 5235.7820000000001528, 13.008661138827491754, 5235.7820000000001528, 0, 5235.7479999999995925, 0, 5235.7820000000001528, 0, 5235.7820000000001528, 0
5235.7870000000002619, 387.98678788011170582, 5235.7529999999997017, 0, 5235.7870000000002619, -105.88232454014359973, 5235.7870000000002619, -248.35494864770242884, 5235.7870000000002619, 60.109760552181015214, 5235.7529999999997017, 1, 5235.7870000000002619, -25.39189587013864724, 5235.7870000000002619, -5.6241362556070981782, 5235.7870000000002619, 88.531914553003517199, 5235.7529999999997017, 1, 5235.7870000000002619, -13.58195263918401885, 5235.7870000000002619, 11.030219002350705182, 5235.7870000000002619, 0, 5235.7529999999997017, 0, 5235.7870000000002619, 0, 5235.7870000000002619, 0
5235.7870000000002619, 376.83090986290994806, 5235.7590000000000146, 0, 5235.7870000000002619, -114.11113982674595491, 5235.7870000000002619, -204.19258651151801587, 5235.7870000000002619, 24.234826768175075529, 5235.7590000000000146, 1, 5235.7870000000002619, -17.380029213953445577, 5235.7870000000002619, -7.3537985484994017327, 5235.7870000000002619, 79.718715602952798349, 5235.7590000000000146, 1, 5235.7870000000002619, -15.977222082646303392, 5235.7870000000002619, 7.8363427606672146908, 5235.7870000000002619, 0, 5235.7590000000000146, 0, 5235.7870000000002619, 0, 5235.7870000000002619, 0
5235.7920000000003711, 376.80047938413918018, 5235.76299999999992, 0, 5235.7920000000003711, -122.21500098669403656, 5235.7920000000003711, -204.95710481568397654, 5235.7920000000003711, 7.2348574257085092043, 5235.76299999999992, 1, 5235.7920000000003711, -5.4143774816529717242, 5235.7920000000003711, -5.3205247203017265178, 5235.7920000000003711, 70.302173341458242817, 5235.76299999999992, 1, 5235.7920000000003711, -21.806670228654542854, 5235.7920000000003711, 4.7838973605146506429, 5235.7920000000003711, 0, 5235.76299999999992, 0, 5235.7920000000003711, 0, 5235.7920000000003711, 0
5235.8019999999996799, 386.09110882841127932, 5235.7680000000000291, 0, 5235.8019999999996799, -128.52080799024005842, 5235.8019999999996799, -150.65173917437309115, 5235.8019999999996799, 0, 5235.7680000000000291, 1, 5235.8019999999996799, 0, 5235.8019999999996799, 0, 5235.8019999999996799, 64.424268081149904219, 5235.7680000000000291, 1, 5235.8019999999996799, -26.381351134991575691, 5235.8019999999996799, 13.219753993946934401, 5235.8019999999996799, 0, 5235.7680000000000291, 0, 5235.8019999999996799, 0, 5235.8019999999996799, 0
5235.8019999999996799, 316.86478703561306247, 5235.7730000000001382, 0, 5235.8019999999996799, -118.00240749239539184, 5235.8019999999996799, -107.28908051584780026, 5235.8019999999996799, 0, 5235.7730000000001382, 1, 5235.8019999999996799, 0, 5235.8019999999996799, 0, 5235.8019999999996799, 70.797395804205166314, 5235.7730000000001382, 1, 5235.8019999999996799, -32.602507453621043965, 5235.8019999999996799, 8.4297602337569479403, 5235.8019999999996799, 0, 5235.7730000000001382, 0, 5235.8019999999996799, 0, 5235.8019999999996799, 0
5235.806999999999789, 195.50100895076451479, 5235.7780000000002474, 0, 5235.806999999999789, -89.599901086815535223, 5235.806999999999789, -77.223040579471472711, 5235.806999999999789, 0, 5235.7780000000002474, 1, 5235.806999999999789, 0, 5235.806999999999789, 0, 5235.806999999999789, 75.477092291849885441, 5235.7780000000002474, 1, 5235.806999999999789, -30.121226215766629508, 5235.806999999999789, -3.4515780821150094937, 5235.806999999999789, 0, 5235.7780000000002474, 0, 5235.806999999999789, 0, 5235.806999999999789, 0
5235.8109999999996944, 78.740299527637162669, 5235.7830000000003565, 0, 5235.8109999999996944, -40.858240997570291597, 5235.8109999999996944, -20.285837243931581497, 5235.8109999999996944, 0, 5235.7830000000003565, 1, 5235.8109999999996944, 0, 5235.8109999999996944, 0, 5235.8109999999996944, 61.295045735645103946, 5235.7830000000003565, 1, 5235.8109999999996944, -23.231904651875474599, 5235.8109999999996944, -14.085139866236067618, 5235.8109999999996944, 0, 5235.7830000000003565, 0, 5235.8109999999996944, 0, 5235.8109999999996944, 0
5235.8170000000000073, 11.243097746454411734, 5235.7879999999995562, 0, 5235.8170000000000073, -8.0134681092982500417, 5235.8170000000000073, 7.1626344577081884069, 5235.8170000000000073, 0, 5235.7879999999995562, 1, 5235.8170000000000073, 0, 5235.8170000000000073, 0, 5235.8170000000000073, 66.221861281606123839, 5235.7879999999995562, 1, 5235.8170000000000073, -18.087256348344070034, 5235.8170000000000073, -22.234368154545592233, 5235.8170000000000073, 0, 5235.7879999999995562, 0, 5235.8170000000000073, 0, 5235.8170000000000073, 0
5235.8220000000001164, 3.0392921048806749162, 5235.7929999999996653, 0, 5235.8220000000001164, -2.2321253592468153215, 5235.8220000000001164, 2.1917400454498303652, 5235.8220000000001164, 0, 5235.7929999999996653, 1, 5235.8220000000001164, 0, 5235.8220000000001164, 0, 5235.8220000000001164, 43.232335390247172313, 5235.7929999999996653, 1, 5235.8220000000001164, -13.681623089080076738, 5235.8220000000001164, -21.152039281306443286, 5235.8220000000001164, 0, 5235.7929999999996653, 0, 5235.8220000000001164, 0, 5235.8220000000001164, 0
5235.8270000000002256, 0, 5235.7979999999997744, 0, 5235.8270000000002256, 0, 5235.8270000000002256, 0, 5235.8270000000002256, 0, 5235.7979999999997744, 1, 5235.8270000000002256, 0, 5235.8270000000002256, 0, 5235.8270000000002256, 37.306861644373270792, 5235.7979999999997744, 1, 5235.8270000000002256, -8.1385603397373653678, 5235.8270000000002256, -20.782665710438948281, 5235.8270000000002256, 0, 5235.7979999999997744, 0, 5235.8270000000002256, 0, 5235.8270000000002256, 0
5235.8320000000003347, 0, 5235.8029999999998836, 0, 5235.8320000000003347, 0, 5235.8320000000003347, 0, 5235.8320000000003347, 0, 5235.8029999999998836, 1, 5235.8320000000003347, 0, 5235.8320000000003347, 0, 5235.8320000000003347, 23.607396750586058687, 5235.8029999999998836, 1, 5235.8320000000003347, -6.3816262541299115796, 5235.8320000000003347, -13.339905944229014878, 5235.8320000000003347, 0, 5235.8029999999998836, 0, 5235.8320000000003347, 0, 5235.8320000000003347, 0
5235.8370000000004438, 0, 5235.8079999999999927, 1, 5235.8370000000004438, 0, 5235.8370000000004438, 0, 5235.8370000000004438, 0, 5235.8079999999999927, 1, 5235.8370000000004438, 0, 5235.8370000000004438, 0, 5235.8370000000004438, 21.470379410750521032, 5235.8079999999999927, 1, 5235.8370000000004438, -3.4932986677531774333, 5235.8370000000004438, -12.190898306095821368, 5235.8370000000004438, 58.453718309188175795, 5235.8079999999999927, 1, 5235.8370000000004438, -2.3351597660073624141, 5235.8370000000004438, 0.017107290940028718751
5235.8469999999997526, 0, 5235.8130000000001019, 1, 5235.8469999999997526, 0, 5235.8469999999997526, 0, 5235.8469999999997526, 0, 5235.8130000000001019, 1, 5235.8469999999997526, 0, 5235.8469999999997526, 0, 5235.8469999999997526, 22.389576632758743102, 5235.8130000000001019, 1, 5235.8469999999997526, -5.4842688593929569407, 5235.8469999999997526, -12.866120090962894551, 5235.8469999999997526, 16.284148279975244833, 5235.8130000000001019, 1, 5235.8469999999997526, -5.6136062044747712108, 5235.8469999999997526, 7.9737566075522607889
5235.850999999999658, 0, 5235.818000000000211, 1, 5235.850999999999658, 0, 5235.850999999999658, 0, 5235.850999999999658, 0, 5235.818000000000211, 1, 5235.850999999999658, 0, 5235.850999999999658, 0, 5235.850999999999658, 28.331160795963693744, 5235.818000000000211, 1, 5235.850999999999658, -1.5104646120667064579, 5235.850999999999658, -16.30528869258538549, 5235.850999999999658, 18.241507865503216124, 5235.818000000000211, 1, 5235.850999999999658, -2.1843786492851853254, 5235.850999999999658, 7.9672578437477632463
5235.8569999999999709, 0, 5235.8239999999996144, 1, 5235.8569999999999709, 0, 5235.8569999999999709, 0, 5235.8569999999999709, 0, 5235.8239999999996144, 1, 5235.8569999999999709, 0, 5235.8569999999999709, 0, 5235.8569999999999709, 26.421249824431193076, 5235.8239999999996144, 1, 5235.8569999999999709, -3.4235811489615337599, 5235.8569999999999709, -15.399245617343353842, 5235.8569999999999709, 19.437683189100653181, 5235.8239999999996144, 1, 5235.8569999999999709, -3.5900426145351906904, 5235.8569999999999709, 10.087483797213799619
5235.8569999999999709, 45.692468703027572019, 5235.8280000000004293, 1, 5235.8569999999999709, -28.711439212262135356, 5235.8569999999999709, 3.4254764178536767361, 5235.8569999999999709, 0, 5235.8280000000004293, 1, 5235.8569999999999709, 0, 5235.8569999999999709, 0, 5235.8569999999999709, 29.079481454655116579, 5235.8280000000004293, 1, 5235.8569999999999709, 0.38821434800553256128, 5235.8569999999999709, -17.028292356887739345, 5235.8569999999999709, 24.834404484916582589, 5235.8280000000004293, 1, 5235.8569999999999709, -0.17821840294603333299, 5235.8569999999999709, 10.7827616767034975
5235.86200000000008, 79.69129617135359922, 5235.8329999999996289, 1, 5235.86200000000008, -41.659497192300015911, 5235.86200000000008, -3.0433580234156352162, 5235.86200000000008, 0, 5235.8329999999996289, 1, 5235.86200000000008, 0, 5235.86200000000008, 0, 5235.86200000000008, 34.177171684828529408, 5235.8329999999996289, 1, 5235.86200000000008, -1.08343179378651433, 5235.86200000000008, -20.265280212217010813, 5235.86200000000008, 30.96066900274786704, 5235.8329999999996289, 1, 5235.86200000000008, 1.5158172446143960421, 5235.86200000000008, 10.639598196963953924
5235.8670000000001892, 86.67411734163347603, 5235.8379999999997381, 1, 5235.8670000000001892, -39.577042895028306191, 5235.8670000000001892, -3.679548585693218854, 5235.8670000000001892, 0, 5235.8379999999997381, 1, 5235.8670000000001892, 0, 5235.8670000000001892, 0, 5235.8670000000001892, 38.653137713610874471, 5235.8379999999997381, 1, 5235.8670000000001892, 3.1273094057292341041, 5235.8670000000001892, -23.090346411894589806, 5235.8670000000001892, 34.577434343217710477, 5235.8379999999997381, 1, 5235.8670000000001892, 5.9987623778165302113, 5235.8670000000001892, 11.060187744783991803
5235.8720000000002983, 92.513524105791276497, 5235.8440000000000509, 1, 5235.8720000000002983, -40.844395099923168857, 5235.8720000000002983, -3.5940500359060862934, 5235.8720000000002983, 0, 5235.8440000000000509, 1, 5235.8720000000002983, 0, 5235.8720000000002983, 0, 5235.8720000000002983, 37.832656596436954999, 5235.8440000000000509, 1, 5235.8720000000002983, 0.94763637327996885773, 5235.8720000000002983, -22.899016921689941739, 5235.8720000000002983, 37.583770219493210618, 5235.8440000000000509, 1, 5235.8720000000002983, 4.3820345332217609524, 5235.8720000000002983, 12.683186219064220168
5235.8770000000004075, 98.577492175567556387, 5235.8479999999999563, 1, 5235.8770000000004075, -41.401724723888648327, 5235.8770000000004075, -4.770341906411005084, 5235.8770000000004075, 0, 5235.8479999999999563, 1, 5235.8770000000004075, 0, 5235.8770000000004075, 0, 5235.8770000000004075, 37.763984855968324439, 5235.8479999999999563, 1, 5235.8770000000004075, 0.430807598176479567, 5235.8770000000004075, -23.137508367579719959, 5235.8770000000004075, 42.67946955132237008, 5235.8479999999999563, 1, 5235.8770000000004075, 7.4601584696719003276, 5235.8770000000004075, 11.464723488472289503
5235.8819999999996071, 101.6699918462926604, 5235.8530000000000655, 1, 5235.8819999999996071, -41.904740345934968104, 5235.8819999999996071, -2.8013664009688739043, 5235.8819999999996071, 90.653235832314535969, 5235.8530000000000655, 1, 5235.8819999999996071, 4.4375304563148025849, 5235.8819999999996071, -22.31609206406891488, 5235.8819999999996071, 35.421897037228006866, 5235.8530000000000655, 1, 5235.8819999999996071, -2.127700077602040718, 5235.8819999999996071, -22.024741152201048777, 5235.8819999999996071, 42.687595456288050855, 5235.8530000000000655, 1, 5235.8819999999996071, 5.05639844283873785, 5235.8819999999996071, 15.08551659729289085
5235.8869999999997162, 86.878327225364230912, 5235.8580000000001746, 1, 5235.8869999999997162, -26.546184056890680836, 5235.8869999999997162, 0.67921510990639433203, 5235.8869999999997162, 119.14851066002036362, 5235.8580000000001746, 1, 5235.8869999999997162, 17.101250066818671769, 5235.8869999999997162, 73.329236199070805924, 5235.8869999999997162, 106.03804801542416669, 5235.8580000000001746, 1, 5235.8869999999997162, -9.6701604633975311032, 5235.8869999999997162, 63.047582675757467996, 5235.8869999999997162, 53.005115156596829706, 5235.8580000000001746, 1, 5235.8869999999997162, 15.14674936131174654, 5235.8869999999997162, 12.18379642237824001
5235.8919999999998254, 38.172808588272616248, 5235.8630000000002838, 1, 5235.8919999999998254, -16.507882679493288691, 5235.8919999999998254, -6.3097436727840410242, 5235.8919999999998254, 105.84468180075455734, 5235.8630000000002838, 1, 5235.8919999999998254, 18.911529685904191922, 5235.8919999999998254, 91.445485627741504686, 5235.8919999999998254, 145.59929081780586557, 5235.8630000000002838, 1, 5235.8919999999998254, -16.344053203985382083, 5235.8919999999998254, 116.00288052469188926, 5235.8919999999998254, 97.63620148227454365, 5235.8630000000002838, 1, 5235.8919999999998254, 22.983938642965089372, 5235.8919999999998254, -13.660753143760437922
5235.8969999999999345, 25.946066168134038321, 5235.8680000000003929, 1, 5235.8969999999999345, -16.405084296910608543, 5235.8969999999999345, -6.8021380116304879238, 5235.8969999999999345, 25.597380461294704901, 5235.8680000000003929, 1, 5235.8969999999999345, 3.7868920910936170188, 5235.8969999999999345, 21.058957867174793677, 5235.8969999999999345, 40.421283040402713027, 5235.8680000000003929, 1, 5235.8969999999999345, -1.5224346449317138763, 5235.8969999999999345, 30.989692642716551774, 5235.8969999999999345, 93.760168928946313827, 5235.8680000000003929, 1, 5235.8969999999999345, 21.504353111521322006, 5235.8969999999999345, -15.329308881540114839
5235.9020000000000437, 45.006441881419640083, 5235.8729999999995925, 1, 5235.9020000000000437, -16.968432688974921518, 5235.9020000000000437, -8.3743380118084154162, 5235.9020000000000437, 0, 5235.8729999999995925, 1, 5235.9020000000000437, 0, 5235.9020000000000437, 0, 5235.9020000000000437, 0, 5235.8729999999995925, 1, 5235.9020000000000437, 0, 5235.9020000000000437, 0, 5235.9020000000000437, 87.380541410387721157, 5235.8729999999995925, 1, 5235.9020000000000437, 21.509641532452771884, 5235.9020000000000437, -10.410944087048370932
5235.9070000000001528, 61.948354674151154597, 5235.8779999999997017, 1, 5235.9070000000001528, -15.065776526027947924, 5235.9070000000001528, -8.8783531455282229672, 5235.9070000000001528, 0, 5235.8779999999997017, 1, 5235.9070000000001528, 0, 5235.9070000000001528, 0, 5235.9070000000001528, 0, 5235.8779999999997017, 1, 5235.9070000000001528, 0, 5235.9070000000001528, 0, 5235.9070000000001528, 80.92626335459979714, 5235.8779999999997017, 1, 5235.9070000000001528, 23.673769271094844413, 5235.9070000000001528, -5.1110042964495363549
5235.9120000000002619, 76.327609159290830121, 5235.8829999999998108, 1, 5235.9120000000002619, -18.700886121099877357, 5235.9120000000002619, -8.2896416775625425544, 5235.9120000000002619, 0, 5235.8829999999998108, 0, 5235.9120000000002619, 0, 5235.9120000000002619, 0, 5235.9120000000002619, 0, 5235.8829999999998108, 0, 5235.9120000000002619, 0, 5235.9120000000002619, 0, 5235.9120000000002619, 76.027690119459009566, 5235.8829999999998108, 1, 5235.9120000000002619, 19.458069427847281219, 5235.9120000000002619, 0.78495176969270374912
5235.9170000000003711, 82.957418556923812503, 5235.88799999999992, 1, 5235.9170000000003711, -16.34832147837548888, 5235.9170000000003711, -6.7957512374536719335, 5235.9170000000003711, 0, 5235.88799999999992, 0, 5235.9170000000003711, 0, 5235.9170000000003711, 0, 5235.9170000000003711, 0, 5235.88799999999992, 0, 5235.9170000000003711, 0, 5235.9170000000003711, 0, 5235.9170000000003711, 83.58619377295410402, 5235.88799999999992, 1, 5235.9170000000003711, 21.700446206669049332, 5235.9170000000003711, 2.7865084120047498573
5235.9219999999995707, 93.527093915409437841, 5235.8930000000000291, 1, 5235.9219999999995707, -18.981403418842020869, 5235.9219999999995707, -10.612530411492826943, 5235.9219999999995707, 0, 5235.8930000000000291, 0, 5235.9219999999995707, 0, 5235.9219999999995707, 0, 5235.9219999999995707, 0, 5235.8930000000000291, 0, 5235.9219999999995707, 0, 5235.9219999999995707, 0, 5235.9219999999995707, 76.74893906121155851, 5235.8930000000000291, 1, 5235.9219999999995707, 16.126544723245046953, 5235.9219999999995707, 3.9998912835187923065
5235.931999999999789, 96.00398727785595554, 5235.8980000000001382, 1, 5235.931999999999789, -16.332875688966844052, 5235.931999999999789, -10.125196346756517585, 5235.931999999999789, 0, 5235.8980000000001382, 0, 5235.931999999999789, 0, 5235.931999999999789, 0, 5235.931999999999789, 0, 5235.8980000000001382, 0, 5235.931999999999789, 0, 5235.931999999999789, 0, 5235.931999999999789, 83.754196080677587588, 5235.8980000000001382, 1, 5235.931999999999789, 17.651339460180285101, 5235.931999999999789, 4.0896905804538192797
5235.931999999999789, 101.04520324735952386, 5235.9030000000002474, 1, 5235.931999999999789, -18.32231744602576029, 5235.931999999999789, -9.9354959019282134136, 5235.931999999999789, 0, 5235.9030000000002474, 0, 5235.931999999999789, 0, 5235.931999999999789, 0, 5235.931999999999789, 0, 5235.9030000000002474, 0, 5235.931999999999789, 0, 5235.931999999999789, 0, 5235.931999999999789, 80.99784198603948937, 5235.9030000000002474, 1, 5235.931999999999789, 13.844529577735150028, 5235.931999999999789, 7.6183172286485216773
5235.9359999999996944, 105.03224907798755794, 5235.9080000000003565, 1, 5235.9359999999996944, -16.856791683063278242, 5235.9359999999996944, -10.845792115787808996, 5235.9359999999996944, 0, 5235.9080000000003565, 0, 5235.9359999999996944, 0, 5235.9359999999996944, 0, 5235.9359999999996944, 0, 5235.9080000000003565, 0, 5235.9359999999996944, 0, 5235.9359999999996944, 0, 5235.9359999999996944, 84.848577840924718885, 5235.9080000000003565, 1, 5235.9359999999996944, 14.310895972864456027, 5235.9359999999996944, 7.3021289121391887988
5235.9409999999998035, 106.70440502068940702, 5235.9129999999995562, 1, 5235.9409999999998035, -17.409438470416407796, 5235.9409999999998035, -8.291142268552029293, 5235.9409999999998035, 0, 5235.9129999999995562, 0, 5235.9409999999998035, 0, 5235.9409999999998035, 0, 5235.9409999999998035, 0, 5235.9129999999995562, 0, 5235.9409999999998035, 0, 5235.9409999999998035, 0, 5235.9409999999998035, 80.669964672878677447, 5235.9129999999995562, 1, 5235.9409999999998035, 11.178594059266320215, 5235.9409999999998035, 12.816345963982712419
5235.9459999999999127, 106.8943815459211919, 5235.9179999999996653, 1, 5235.9459999999999127, -15.802579131480985808, 5235.9459999999999127, -9.1272548676235558673, 5235.9459999999999127, 0, 5235.9179999999996653, 0, 5235.9459999999999127, 0, 5235.9459999999999127, 0, 5235.9459999999999127, 0, 5235.9179999999996653, 0, 5235.9459999999999127, 0, 5235.9459999999999127, 0, 5235.9459999999999127, 88.32627121633636591, 5235.9179999999996653, 1, 5235.9459999999999127, 11.609927200377159195, 5235.9459999999999127, 10.807053518346457111
5235.9510000000000218, 109.95594480642533597, 5235.9229999999997744, 1, 5235.9510000000000218, -15.712781223496996574, 5235.9510000000000218, -8.0917441471716742285, 5235.9510000000000218, 0, 5235.9229999999997744, 0, 5235.9510000000000218, 0, 5235.9510000000000218, 0, 5235.9510000000000218, 0, 5235.9229999999997744, 0, 5235.9510000000000218, 0, 5235.9510000000000218, 0, 5235.9510000000000218, 83.298658792959656694, 5235.9229999999997744, 1, 5235.9510000000000218, 9.2864815534972517952, 5235.9510000000000218, 15.25199045687800492
5235.956000000000131, 108.13962295861755081, 5235.930000000000291, 1, 5235.956000000000131, -16.221462992217389854, 5235.956000000000131, 3.9017378985009685266, 5235.956000000000131, 0, 5235.930000000000291, 0, 5235.956000000000131, 0, 5235.956000000000131, 0, 5235.956000000000131, 0, 5235.930000000000291, 0, 5235.956000000000131, 0, 5235.956000000000131, 0, 5235.956000000000131, 89.561574438989126179, 5235.930000000000291, 1, 5235.956000000000131, 10.014411838975428637, 5235.956000000000131, 23.776138893444581868
5235.9610000000002401, 110.18243315201215182, 5235.9329999999999927, 1, 5235.9610000000002401, -14.293207008385914847, 5235.9610000000002401, -3.1702630368135373828, 5235.9610000000002401, 0, 5235.9329999999999927, 0, 5235.9610000000002401, 0, 5235.9610000000002401, 0, 5235.9610000000002401, 0, 5235.9329999999999927, 0, 5235.9610000000002401, 0, 5235.9610000000002401, 0, 5235.9610000000002401, 87.355410394665142348, 5235.9329999999999927, 1, 5235.9610000000002401, 8.8348307054073291766, 5235.9610000000002401, 19.022036157338888529
5235.9660000000003492, 108.74151672276377667, 5235.9380000000001019, 1, 5235.9660000000003492, -13.705218661057333662, 5235.9660000000003492, -3.699015028147243811, 5235.9660000000003492, 0, 5235.9380000000001019, 0, 5235.9660000000003492, 0, 5235.9660000000003492, 0, 5235.9660000000003492, 0, 5235.9380000000001019, 0, 5235.9660000000003492, 0, 5235.9660000000003492, 0, 5235.9660000000003492, 94.294889910028146573, 5235.9380000000001019, 1, 5235.9660000000003492, 8.1361852058829313705, 5235.9660000000003492, 17.303911262641932467
5235.9690000000000509, 110.06532101115146816, 5235.943000000000211, 1, 5235.9690000000000509, -11.729493287876827878, 5235.9690000000000509, -2.8915193769656539757, 5235.9690000000000509, 0, 5235.943000000000211, 0, 5235.9690000000000509, 0, 5235.9690000000000509, 0, 5235.9690000000000509, 0, 5235.943000000000211, 0, 5235.9690000000000509, 0, 5235.9690000000000509, 0, 5235.9690000000000509, 90.592670481962613849, 5235.943000000000211, 1, 5235.9690000000000509, 7.9294428181493179508, 5235.9690000000000509, 20.560987410731357272
5235.975999999999658, 107.68993666365931006, 5235.9480000000003201, 1, 5235.975999999999658, -11.65309645842127928, 5235.975999999999658, -3.6075972357795222933, 5235.975999999999658, 0, 5235.9480000000003201, 0, 5235.975999999999658, 0, 5235.975999999999658, 0, 5235.975999999999658, 0, 5235.9480000000003201, 0, 5235.975999999999658, 0, 5235.975999999999658, 0, 5235.975999999999658, 98.845879453439209783, 5235.9480000000003201, 1, 5235.975999999999658, 6.9067342545122754061, 5235.975999999999658, 18.135679481664503498
5235.9819999999999709, 109.50370845302782641, 5235.9530000000004293, 1, 5235.9819999999999709, -9.1542181672348466037, 5235.9819999999999709, -2.7320243863543538509, 5235.9819999999999709, 0, 5235.9530000000004293, 0, 5235.9819999999999709, 0, 5235.9819999999999709, 0, 5235.9819999999999709, 0, 5235.9530000000004293, 0, 5235.9819999999999709, 0, 5235.9819999999999709, 0, 5235.9819999999999709, 93.730634614599296128, 5235.9530000000004293, 1, 5235.9819999999999709, 7.3093844399714189564, 5235.9819999999999709, 21.792230070955518784
5235.98700000000008, 106.35479578350880558, 5235.9579999999996289, 1, 5235.98700000000008, -9.7911359104082134053, 5235.98700000000008, -3.6211370875599513397, 5235.98700000000008, 0, 5235.9579999999996289, 0, 5235.98700000000008, 0, 5235.98700000000008, 0, 5235.98700000000008, 0, 5235.9579999999996289, 0, 5235.98700000000008, 0, 5235.98700000000008, 0, 5235.98700000000008, 103.08011635329151545, 5235.9579999999996289, 1, 5235.98700000000008, 5.7225730506123859698, 5235.98700000000008, 18.750395069372515877
5235.9920000000001892, 108.05368826547058347, 5235.9629999999997381, 1, 5235.9920000000001892, -6.2389810134478782544, 5235.9920000000001892, -2.9589506261782290153, 5235.9920000000001892, 0, 5235.9629999999997381, 0, 5235.9920000000001892, 0, 5235.9920000000001892, 0, 5235.9920000000001892, 0, 5235.9629999999997381, 0, 5235.9920000000001892, 0, 5235.9920000000001892, 0, 5235.9920000000001892, 98.264722081941357601, 5235.9629999999997381, 1, 5235.9920000000001892, 7.3392761601935161409, 5235.9920000000001892, 22.062817499856144821
5235.9970000000002983, 104.44504277295038719, 5235.9679999999998472, 1, 5235.9970000000002983, -9.2465431427434285894, 5235.9970000000002983, 10.56692150256019147, 5235.9970000000002983, 0, 5235.9679999999998472, 0, 5235.9970000000002983, 0, 5235.9970000000002983, 0, 5235.9970000000002983, 0, 5235.9679999999998472, 0, 5235.9970000000002983, 0, 5235.9970000000002983, 0, 5235.9970000000002983, 102.3799762795389654, 5235.9679999999998472, 1, 5235.9970000000002983, 4.2389924347790541859, 5235.9970000000002983, 35.465051019884342054
5236.0060000000003129, 105.90684972100700634, 5235.9740000000001601, 1, 5236.0060000000003129, -3.7334805008672788951, 5236.0060000000003129, 10.98553001604755508, 5236.0060000000003129, 0, 5235.9740000000001601, 0, 5236.0060000000003129, 0, 5236.0060000000003129, 0, 5236.0060000000003129, 0, 5235.9740000000001601, 0, 5236.0060000000003129, 0, 5236.0060000000003129, 0, 5236.0060000000003129, 98.686124047257749226, 5235.9740000000001601, 1, 5236.0060000000003129, 7.9599090314974620952, 5236.0060000000003129, 37.383739253545130055
5236.0060000000003129, 102.57420860999707202, 5235.9780000000000655, 1, 5236.0060000000003129, -8.1008485204472684416, 5236.0060000000003129, 9.813075047583289745, 5236.0060000000003129, 0, 5235.9780000000000655, 0, 5236.0060000000003129, 0, 5236.0060000000003129, 0, 5236.0060000000003129, 0, 5235.9780000000000655, 0, 5236.0060000000003129, 0, 5236.0060000000003129, 0, 5236.0060000000003129, 107.16563210313074705, 5235.9780000000000655, 1, 5236.0060000000003129, 2.8215663356467790557, 5236.0060000000003129, 35.788823942223082497
5236.011000000000422, 104.94949122296398514, 5235.9840000000003783, 1, 5236.011000000000422, -0.023436126661962125572, 5236.011000000000422, 10.298038057551131885, 5236.011000000000422, 0, 5235.9840000000003783, 0, 5236.011000000000422, 0, 5236.011000000000422, 0, 5236.011000000000422, 0, 5235.9840000000003783, 0, 5236.011000000000422, 0, 5236.011000000000422, 0, 5236.011000000000422, 101.70059135894436508, 5235.9840000000003783, 1, 5236.011000000000422, 9.1289261398724548258, 5236.011000000000422, 37.896765981345033936
5236.0169999999998254, 100.69546769793663543, 5235.9880000000002838, 1, 5236.0169999999998254, -7.9660367761229000649, 5236.0169999999998254, 9.1613272949978252768, 5236.0169999999998254, 0, 5235.9880000000002838, 0, 5236.0169999999998254, 0, 5236.0169999999998254, 0, 5236.0169999999998254, 0, 5235.9880000000002838, 0, 5236.0169999999998254, 0, 5236.0169999999998254, 0, 5236.0169999999998254, 110.24167206457985912, 5235.9880000000002838, 1, 5236.0169999999998254, 0.47756111434088682755, 5236.0169999999998254, 36.169346867239944743
5236.0219999999999345, 104.12877662796738321, 5235.9930000000003929, 1, 5236.0219999999999345, 4.161365984988020017, 5236.0219999999999345, 9.3551492506914897263, 5236.0219999999999345, 0, 5235.9930000000003929, 0, 5236.0219999999999345, 0, 5236.0219999999999345, 0, 5236.0219999999999345, 0, 5235.9930000000003929, 0, 5236.0219999999999345, 0, 5236.0219999999999345, 0, 5236.0219999999999345, 104.95298914493491793, 5235.9930000000003929, 1, 5236.0219999999999345, 10.945514014048292495, 5236.0219999999999345, 37.975084619832337296
5236.0259999999998399, 99.541454115179192286, 5235.9979999999995925, 1, 5236.0259999999998399, -8.6912819717255462848, 5236.0259999999998399, 8.6482203026716604199, 5236.0259999999998399, 0, 5235.9979999999995925, 0, 5236.0259999999998399, 0, 5236.0259999999998399, 0, 5236.0259999999998399, 0, 5235.9979999999995925, 0, 5236.0259999999998399, 0, 5236.0259999999998399, 0, 5236.0259999999998399, 111.67386961144109137, 5235.9979999999995925, 1, 5236.0259999999998399, -2.6480594716049514759, 5236.0259999999998399, 36.639432619528861323
5236.0320000000001528, 102.81558995911599652, 5236.0039999999999054, 1, 5236.0320000000001528, 7.9458086807574597188, 5236.0320000000001528, 14.276624345412059824, 5236.0320000000001528, 0, 5236.0039999999999054, 0, 5236.0320000000001528, 0, 5236.0320000000001528, 0, 5236.0320000000001528, 0, 5236.0039999999999054, 0, 5236.0320000000001528, 0, 5236.0320000000001528, 0, 5236.0320000000001528, 104.79180688140371558, 5236.0039999999999054, 1, 5236.0320000000001528, 12.524293226575084148, 5236.0320000000001528, 43.974092643741805375
5236.0370000000002619, 97.601971978641756778, 5236.0079999999998108, 1, 5236.0370000000002619, -8.629235867071717081, 5236.0370000000002619, 14.207754635042270763, 5236.0370000000002619, 0, 5236.0079999999998108, 0, 5236.0370000000002619, 0, 5236.0370000000002619, 0, 5236.0370000000002619, 0, 5236.0079999999998108, 0, 5236.0370000000002619, 0, 5236.0370000000002619, 0, 5236.0370000000002619, 110.70070925449425658, 5236.0079999999998108, 1, 5236.0370000000002619, -4.7093465294265808296, 5236.0370000000002619, 43.915884993618512055
5236.0420000000003711, 102.00045337712745663, 5236.01299999999992, 1, 5236.0420000000003711, 10.052461919256465706, 5236.0420000000003711, 14.121529751236941763, 5236.0420000000003711, 0, 5236.01299999999992, 0, 5236.0420000000003711, 0, 5236.0420000000003711, 0, 5236.0420000000003711, 0, 5236.01299999999992, 0, 5236.0420000000003711, 0, 5236.0420000000003711, 0, 5236.0420000000003711, 106.45021864263139832, 5236.01299999999992, 1, 5236.0420000000003711, 12.775972256419327877, 5236.0420000000003711, 44.705953689863505929
5236.0469999999995707, 97.232112536254547308, 5236.0180000000000291, 1, 5236.0469999999995707, -6.690667015859188993, 5236.0469999999995707, 13.307776184802889929, 5236.0469999999995707, 0, 5236.0180000000000291, 0, 5236.0469999999995707, 0, 5236.0469999999995707, 0, 5236.0469999999995707, 0, 5236.0180000000000291, 0, 5236.0469999999995707, 0, 5236.0469999999995707, 0, 5236.0469999999995707, 111.48181820530118102, 5236.0180000000000291, 1, 5236.0469999999995707, -4.7257729777602630605, 5236.0469999999995707, 43.884309579990649297
5236.0519999999996799, 100.74272669479576336, 5236.0230000000001382, 1, 5236.0519999999996799, 9.1104018094019085794, 5236.0519999999996799, 13.147023906045269825, 5236.0519999999996799, 0, 5236.0230000000001382, 0, 5236.0519999999996799, 0, 5236.0519999999996799, 0, 5236.0519999999996799, 0, 5236.0230000000001382, 0, 5236.0519999999996799, 0, 5236.0519999999996799, 0, 5236.0519999999996799, 107.88786605861918133, 5236.0230000000001382, 1, 5236.0519999999996799, 10.233056193322710214, 5236.0519999999996799, 44.423687288442955889
5236.0619999999998981, 97.054668073790139715, 5236.0280000000002474, 1, 5236.0619999999998981, -2.6254736538074054941, 5236.0619999999998981, 12.081986873198573562, 5236.0619999999998981, 0, 5236.0280000000002474, 0, 5236.0619999999998981, 0, 5236.0619999999998981, 0, 5236.0619999999998981, 0, 5236.0280000000002474, 0, 5236.0619999999998981, 0, 5236.0619999999998981, 0, 5236.0619999999998981, 112.78080739521146825, 5236.0280000000002474, 1, 5236.0619999999998981, -2.2009813111195888347, 5236.0619999999998981, 43.371525774703940215
5236.0670000000000073, 99.246776472257678847, 5236.0330000000003565, 1, 5236.0670000000000073, 7.0394368858877749418, 5236.0670000000000073, 11.676353430914886644, 5236.0670000000000073, 0, 5236.0330000000003565, 0, 5236.0670000000000073, 0, 5236.0670000000000073, 0, 5236.0670000000000073, 0, 5236.0330000000003565, 0, 5236.0670000000000073, 0, 5236.0670000000000073, 0, 5236.0670000000000073, 111.02579785643126797, 5236.0330000000003565, 1, 5236.0670000000000073, 6.8860996720354341605, 5236.0670000000000073, 43.457570509562401639
5236.0670000000000073, 97.188517231102522942, 5236.0389999999997599, 1, 5236.0670000000000073, 1.4569703924529846528, 5236.0670000000000073, 10.694459431780032332, 5236.0670000000000073, 0, 5236.0389999999997599, 0, 5236.0670000000000073, 0, 5236.0670000000000073, 0, 5236.0670000000000073, 0, 5236.0389999999997599, 0, 5236.0670000000000073, 0, 5236.0670000000000073, 0, 5236.0670000000000073, 113.78826173622513807, 5236.0389999999997599, 1, 5236.0670000000000073, 0.75134638140915988025, 5236.0670000000000073, 42.558221354970186212
5236.0720000000001164, 96.914175317536034981, 5236.0429999999996653, 1, 5236.0720000000001164, 5.5594768832230840871, 5236.0720000000001164, 15.404009367835165278, 5236.0720000000001164, 0, 5236.0429999999996653, 0, 5236.0720000000001164, 0, 5236.0720000000001164, 0, 5236.0720000000001164, 0, 5236.0429999999996653, 0, 5236.0720000000001164, 0, 5236.0720000000001164, 0, 5236.0720000000001164, 112.45194342407731369, 5236.0429999999996653, 1, 5236.0720000000001164, 4.4643279244888436352, 5236.0720000000001164, 48.49444803691432071
5236.0770000000002256, 96.022876746699424189, 5236.0479999999997744, 1, 5236.0770000000002256, 4.6568183980199702177, 5236.0770000000002256, 14.212696706534380553, 5236.0770000000002256, 0, 5236.0479999999997744, 0, 5236.0770000000002256, 0, 5236.0770000000002256, 0, 5236.0770000000002256, 0, 5236.0479999999997744, 0, 5236.0770000000002256, 0, 5236.0770000000002256, 0, 5236.0770000000002256, 113.99452148279232233, 5236.0479999999997744, 1, 5236.0770000000002256, 3.1299563268600492094, 5236.0770000000002256, 47.573852677403664302
5236.0820000000003347, 95.886641165229221428, 5236.0540000000000873, 1, 5236.0820000000003347, 5.3329696023308796882, 5236.0820000000003347, 12.992380882232353656, 5236.0820000000003347, 0, 5236.0540000000000873, 0, 5236.0820000000003347, 0, 5236.0820000000003347, 0, 5236.0820000000003347, 0, 5236.0540000000000873, 0, 5236.0820000000003347, 0, 5236.0820000000003347, 0, 5236.0820000000003347, 115.89705688026241148, 5236.0540000000000873, 1, 5236.0820000000003347, 3.3916954076010594754, 5236.0820000000003347, 46.610893375151562168
5236.0919999999996435, 95.239258053375039026, 5236.0579999999999927, 1, 5236.0919999999996435, 5.7584194468444840354, 5236.0919999999996435, 11.748370651064149683, 5236.0919999999996435, 0, 5236.0579999999999927, 0, 5236.0919999999996435, 0, 5236.0919999999996435, 0, 5236.0919999999996435, 0, 5236.0579999999999927, 0, 5236.0919999999996435, 0, 5236.0919999999996435, 0, 5236.0919999999996435, 117.45264159014834604, 5236.0579999999999927, 1, 5236.0919999999996435, 3.5272743563010946488, 5236.0919999999996435, 45.547482791342119413
5236.0969999999997526, 94.590239294749622445, 5236.0640000000003056, 1, 5236.0969999999997526, 6.4221398480726978875, 5236.0969999999997526, 10.166243530760439739, 5236.0969999999997526, 0, 5236.0640000000003056, 0, 5236.0969999999997526, 0, 5236.0969999999997526, 0, 5236.0969999999997526, 0, 5236.0640000000003056, 0, 5236.0969999999997526, 0, 5236.0969999999997526, 0, 5236.0969999999997526, 118.97991805183485781, 5236.0640000000003056, 1, 5236.0969999999997526, 3.7926267085964546766, 5236.0969999999997526, 44.129066389047530095
5236.0969999999997526, 94.378683402889492982, 5236.068000000000211, 1, 5236.0969999999997526, 6.9895571026630474165, 5236.0969999999997526, 8.6667584091407263713, 5236.0969999999997526, 0, 5236.068000000000211, 0, 5236.0969999999997526, 0, 5236.0969999999997526, 0, 5236.0969999999997526, 0, 5236.068000000000211, 0, 5236.0969999999997526, 0, 5236.0969999999997526, 0, 5236.0969999999997526, 120.16605561486247211, 5236.068000000000211, 1, 5236.0969999999997526, 3.9956515028555958935, 5236.0969999999997526, 42.766612591089618434
5236.1069999999999709, 93.165655417477125866, 5236.0730000000003201, 1, 5236.1069999999999709, 7.3241937839028157242, 5236.1069999999999709, 12.798001023981271373, 5236.1069999999999709, 0, 5236.0730000000003201, 0, 5236.1069999999999709, 0, 5236.1069999999999709, 0, 5236.1069999999999709, 0, 5236.0730000000003201, 0, 5236.1069999999999709, 0, 5236.1069999999999709, 0, 5236.1069999999999709, 118.21048266559003537, 5236.0730000000003201, 1, 5236.1069999999999709, 3.9522024091248026956, 5236.1069999999999709, 48.492299978940863525
5236.1069999999999709, 92.768870161659108931, 5236.0780000000004293, 1, 5236.1069999999999709, 7.6431691502822385331, 5236.1069999999999709, 10.963558837197524554, 5236.1069999999999709, 0, 5236.0780000000004293, 0, 5236.1069999999999709, 0, 5236.1069999999999709, 0, 5236.1069999999999709, 0, 5236.0780000000004293, 0, 5236.1069999999999709, 0, 5236.1069999999999709, 0, 5236.1069999999999709, 118.89750724389605807, 5236.0780000000004293, 1, 5236.1069999999999709, 3.7392599888824840093, 5236.1069999999999709, 46.719780018885558093
5236.11200000000008, 93.094738928156459679, 5236.0829999999996289, 1, 5236.11200000000008, 7.9778453748055122574, 5236.11200000000008, 9.4432341463090523348, 5236.11200000000008, 0, 5236.0829999999996289, 0, 5236.11200000000008, 0, 5236.11200000000008, 0, 5236.11200000000008, 0, 5236.0829999999996289, 0, 5236.11200000000008, 0, 5236.11200000000008, 0, 5236.11200000000008, 118.64000738601970397, 5236.0829999999996289, 1, 5236.11200000000008, 3.808637206480303572, 5236.11200000000008, 45.140794816440539705
5236.1189999999996871, 93.395094110359167416, 5236.0879999999997381, 1, 5236.1189999999996871, 7.9029333918641233581, 5236.1189999999996871, 8.1511632329048921974, 5236.1189999999996871, 0, 5236.0879999999997381, 0, 5236.1189999999996871, 0, 5236.1189999999996871, 0, 5236.1189999999996871, 0, 5236.0879999999997381, 0, 5236.1189999999996871, 0, 5236.1189999999996871, 0, 5236.1189999999996871, 117.09152074049885073, 5236.0879999999997381, 1, 5236.1189999999996871, 2.7829961324291794256, 5236.1189999999996871, 43.302318336699663348
5236.1229999999995925, 94.708353144426723702, 5236.0929999999998472, 1, 5236.1229999999995925, 7.587798195660102607, 5236.1229999999995925, 6.5100713368816940374, 5236.1229999999995925, 0, 5236.0929999999998472, 0, 5236.1229999999995925, 0, 5236.1229999999995925, 0, 5236.1229999999995925, 0, 5236.0929999999998472, 0, 5236.1229999999995925, 0, 5236.1229999999995925, 0, 5236.1229999999995925, 115.69276461063384431, 5236.0929999999998472, 1, 5236.1229999999995925, 2.4321609383888604938, 5236.1229999999995925, 41.617929176792010537
5236.1279999999997017, 92.964401158398317193, 5236.0979999999999563, 1, 5236.1279999999997017, -0.5086980282007131926, 5236.1279999999997017, 9.6466248494093704835, 5236.1279999999997017, 88.483755150151083058, 5236.0979999999999563, 0, 5236.1279999999997017, -19.273856701135063219, 5236.1279999999997017, 49.955292130020701791, 5236.1279999999997017, 284.36562029944821006, 5236.0979999999999563, 0, 5236.1279999999997017, -47.50242750380420631, 5236.1279999999997017, -94.121197376662593115, 5236.1279999999997017, 91.820870819642465221, 5236.0979999999999563, 1, 5236.1279999999997017, -12.086717603205091365, 5236.1279999999997017, 41.013280404444898863
5236.1310000000003129, 68.399325848346819612, 5236.1030000000000655, 1, 5236.1310000000003129, 7.0711303023769751519, 5236.1310000000003129, 15.985515345607854698, 5236.1310000000003129, 250.28495154558271452, 5236.1030000000000655, 0, 5236.1310000000003129, 40.116055393505767768, 5236.1310000000003129, -44.058027366867761998, 5236.1310000000003129, 206.57464474916861263, 5236.1030000000000655, 0, 5236.1310000000003129, -51.716206660649447713, 5236.1310000000003129, -21.911826335876241956, 5236.1310000000003129, 27.987330554105660951, 5236.1030000000000655, 1, 5236.1310000000003129, -18.008475783143385485, 5236.1310000000003129, 23.414273786842571212
5236.13799999999992, 20.389183915547658188, 5236.1080000000001746, 1, 5236.13799999999992, 13.16567542514205158, 5236.13799999999992, 7.2966706306196211784, 5236.13799999999992, 147.8301272693061037, 5236.1080000000001746, 0, 5236.13799999999992, 27.98561055512166007, 5236.13799999999992, -12.133707959285963796, 5236.13799999999992, 132.32774286110796425, 5236.1080000000001746, 0, 5236.13799999999992, -27.914001319749804253, 5236.13799999999992, -1.4450056028507276551, 5236.13799999999992, 28.827248630698200316, 5236.1080000000001746, 1, 5236.13799999999992, -7.2069181555950816431, 5236.13799999999992, 22.475943818687184717
5236.1440000000002328, 6.6376811619263991204, 5236.1130000000002838, 1, 5236.1440000000002328, 4.7091072741636379462, 5236.1440000000002328, 4.3096618490369120735, 5236.1440000000002328, 90.385420405047980807, 5236.1130000000002838, 0, 5236.1440000000002328, 15.999059103235307333, 5236.1440000000002328, 9.6721472200619089676, 5236.1440000000002328, 98.80251868909330426, 5236.1130000000002838, 0, 5236.1440000000002328, -16.949352805136260969, 5236.1440000000002328, 13.167381730381464422, 5236.1440000000002328, 30.685866222340717258, 5236.1130000000002838, 1, 5236.1440000000002328, -1.0960066848322300714, 5236.1440000000002328, 25.779386697501553982
5236.1480000000001382, 2.4857012337460497875, 5236.1189999999996871, 1, 5236.1480000000001382, 1.7501315415399483211, 5236.1480000000001382, 1.6757447612813238802, 5236.1480000000001382, 52.868463164649043051, 5236.1189999999996871, 0, 5236.1480000000001382, 8.0232603349871034482, 5236.1480000000001382, 7.7921045115422948868, 5236.1480000000001382, 71.518148112414252182, 5236.1189999999996871, 0, 5236.1480000000001382, -7.7729478761584482882, 5236.1480000000001382, 9.6985286799910106481, 5236.1480000000001382, 34.990095106208116249, 5236.1189999999996871, 1, 5236.1480000000001382, 3.420252745638954206, 5236.1480000000001382, 24.54269048674106557
5236.1580000000003565, 4.3581446801145560244, 5236.1239999999997963, 1, 5236.1580000000003565, 2.7106892073943962274, 5236.1580000000003565, 1.8262289419894124354, 5236.1580000000003565, 25.056893471060380563, 5236.1239999999997963, 0, 5236.1580000000003565, 1.6628109896057436945, 5236.1580000000003565, 2.700614946061987709, 5236.1580000000003565, 42.932850625946031187, 5236.1239999999997963, 0, 5236.1580000000003565, 0.11372532239037209945, 5236.1580000000003565, 3.8825505393987391756, 5236.1580000000003565, 42.407801246449437826, 5236.1239999999997963, 1, 5236.1580000000003565, 7.3383768800000712673, 5236.1580000000003565, 18.110547008495828436
5236.1580000000003565, 8.5059117530474210866, 5236.1289999999999054, 1, 5236.1580000000003565, 5.1604740671781401673, 5236.1580000000003565, 1.8132720396342087987, 5236.1580000000003565, 20.868009937414818467, 5236.1289999999999054, 1, 5236.1580000000003565, -0.64408261247749953871, 5236.1580000000003565, -0.91371187433200873329, 5236.1580000000003565, 31.067238364246357207, 5236.1289999999999054, 1, 5236.1580000000003565, 2.7999562776726047986, 5236.1580000000003565, 3.2271090886031537082, 5236.1580000000003565, 46.755035382677732514, 5236.1289999999999054, 1, 5236.1580000000003565, 8.2130335679864057141, 5236.1580000000003565, 17.61046937522092648
5236.1629999999995562, 12.970852377577889669, 5236.1329999999998108, 1, 5236.1629999999995562, 7.7991282231549323711, 5236.1629999999995562, 2.0055802005330010118, 5236.1629999999995562, 24.056691310272825035, 5236.1329999999998108, 1, 5236.1629999999995562, -1.4011018250673090701, 5236.1629999999995562, -4.5024621677110800988, 5236.1629999999995562, 26.198720064918852302, 5236.1329999999998108, 1, 5236.1629999999995562, 3.3296246485234739509, 5236.1629999999995562, 2.6443289464204493555, 5236.1629999999995562, 50.025659786190885825, 5236.1329999999998108, 1, 5236.1629999999995562, 8.2673314913953923622, 5236.1629999999995562, 17.369709310638569377
5236.1679999999996653, 18.177346893304708431, 5236.13799999999992, 1, 5236.1679999999996653, 8.6792370695966560845, 5236.1679999999996653, 2.2928874869760127453, 5236.1679999999996653, 29.19420172862988494, 5236.13799999999992, 1, 5236.1679999999996653, -1.8054955801280425653, 5236.1679999999996653, -8.1565600318919724288, 5236.1679999999996653, 22.60611271163521252, 5236.13799999999992, 1, 5236.1679999999996653, 3.3138011014507586793, 5236.1679999999996653, 2.237707536627766558, 5236.1679999999996653, 52.648776320084763825, 5236.13799999999992, 1, 5236.1679999999996653, 7.996970107177365783, 5236.1679999999996653, 17.176421159710479003
5236.1729999999997744, 26.910462604038045242, 5236.1430000000000291, 1, 5236.1729999999997744, 6.0457083380899767633, 5236.1729999999997744, 2.6500851078513125714, 5236.1729999999997744, 34.77109618818766279, 5236.1430000000000291, 1, 5236.1729999999997744, -1.4180938692172910809, 5236.1729999999997744, -11.594924387921048847, 5236.1729999999997744, 21.584634678763983118, 5236.1430000000000291, 1, 5236.1729999999997744, 3.2830601640219700954, 5236.1729999999997744, 1.2679672353599382717, 5236.1729999999997744, 54.447410109202301953, 5236.1430000000000291, 1, 5236.1729999999997744, 7.9832078138373043785, 5236.1729999999997744, 16.846365088976352098
5236.1829999999999927, 35.049759284451702968, 5236.149000000000342, 1, 5236.1829999999999927, 4.1901095866423458958, 5236.1829999999999927, 2.7380296445245235759, 5236.1829999999999927, 39.808884378372525248, 5236.149000000000342, 1, 5236.1829999999999927, -0.57693966985208955389, 5236.1829999999999927, -14.59287955942406434, 5236.1829999999999927, 21.863566019634891546, 5236.149000000000342, 1, 5236.1829999999999927, 3.2763761687695764913, 5236.1829999999999927, 0.017926629667117666145, 5236.1829999999999927, 55.32224323943295019, 5236.149000000000342, 1, 5236.1829999999999927, 8.006485061366486633, 5236.1829999999999927, 16.430449231202334914
5236.1829999999999927, 40.561894596844318528, 5236.1530000000002474, 1, 5236.1829999999999927, 2.9131509011833083278, 5236.1829999999999927, 2.6214620088794173824, 5236.1829999999999927, 43.897032905282657111, 5236.1530000000002474, 1, 5236.1829999999999927, 0.17358985348633451662, 5236.1829999999999927, -16.898669763044281922, 5236.1829999999999927, 22.712705098303469953, 5236.1530000000002474, 1, 5236.1829999999999927, 3.0635125937399632079, 5236.1829999999999927, -1.2129563297628909169, 5236.1829999999999927, 55.130682674322073922, 5236.1530000000002474, 1, 5236.1829999999999927, 7.6923302698502062924, 5236.1829999999999927, 15.915324546514355575
5236.1880000000001019, 46.023798815431668174, 5236.1580000000003565, 1, 5236.1880000000001019, 1.6433844373132731054, 5236.1880000000001019, 2.3711462745786420214, 5236.1880000000001019, 47.505487219628946605, 5236.1580000000003565, 1, 5236.1880000000001019, 0.89923682121546766322, 5236.1880000000001019, -19.225325252474007698, 5236.1880000000001019, 23.349599084104102786, 5236.1580000000003565, 1, 5236.1880000000001019, 2.8615058022926564973, 5236.1880000000001019, -2.4640817501264535849, 5236.1880000000001019, 55.218824894620858856, 5236.1580000000003565, 1, 5236.1880000000001019, 7.428215012974618503, 5236.1880000000001019, 15.398608408407600479
5236.193000000000211, 49.472877070883022554, 5236.1629999999995562, 1, 5236.193000000000211, 2.1176081177127437094, 5236.193000000000211, 8.8631289222482596557, 5236.193000000000211, 52.959811693416284584, 5236.1629999999995562, 1, 5236.193000000000211, 1.6808830754255907891, 5236.193000000000211, -14.708614433845102809, 5236.193000000000211, 24.325680536120710684, 5236.1629999999995562, 1, 5236.193000000000211, 2.5603509265733035427, 5236.193000000000211, -0.26409334770256620573, 5236.193000000000211, 49.826223247070473121, 5236.1629999999995562, 1, 5236.193000000000211, 5.4071356594006125817, 5236.193000000000211, 26.11956378869148665
5236.1980000000003201, 52.085557003827538836, 5236.1679999999996653, 1, 5236.1980000000003201, 1.5338765805207694726, 5236.1980000000003201, 9.2590596506666731358, 5236.1980000000003201, 55.335466993701601268, 5236.1679999999996653, 1, 5236.1980000000003201, 2.1426848931483997163, 5236.1980000000003201, -15.605371803017654031, 5236.1980000000003201, 25.140660636566934727, 5236.1679999999996653, 1, 5236.1980000000003201, 2.2836720610872554005, 5236.1980000000003201, -1.0171784418860418953, 5236.1980000000003201, 48.443380024143380069, 5236.1679999999996653, 1, 5236.1980000000003201, 4.8871752602085427597, 5236.1980000000003201, 25.768138428078035673
5236.2030000000004293, 54.00147758993571756, 5236.1729999999997744, 1, 5236.2030000000004293, 1.1244200630923566475, 5236.2030000000004293, 9.0406334302342301612, 5236.2030000000004293, 57.279978549088731654, 5236.1729999999997744, 1, 5236.2030000000004293, 2.5475538278973535178, 5236.2030000000004293, -16.754052655209349609, 5236.2030000000004293, 25.880037747251382285, 5236.1729999999997744, 1, 5236.2030000000004293, 2.0320634744007235462, 5236.2030000000004293, -1.8697156317673737647, 5236.2030000000004293, 47.113862874780735979, 5236.1729999999997744, 1, 5236.2030000000004293, 4.3706123929265539019, 5236.2030000000004293, 24.930088544751889401
5236.2079999999996289, 43.865888635715116095, 5236.1779999999998836, 1, 5236.2079999999996289, 2.9603456883059897642, 5236.2079999999996289, -3.1454409240266727465, 5236.2079999999996289, 60.551666477033521119, 5236.1779999999998836, 1, 5236.2079999999996289, 3.5445490880669292544, 5236.2079999999996289, -17.737431827536177309, 5236.2079999999996289, 25.879027916385911823, 5236.1779999999998836, 1, 5236.2079999999996289, 1.9030040911816754612, 5236.2079999999996289, -2.0491229996110771339, 5236.2079999999996289, 32.099268143698068911, 5236.1779999999998836, 1, 5236.2079999999996289, 0.72669959941477713095, 5236.2079999999996289, 11.435400159668656528
5236.2129999999997381, 54.723746462189353679, 5236.1829999999999927, 1, 5236.2129999999997381, 1.3949096896468484719, 5236.2129999999997381, 21.080628029076756036, 5236.2129999999997381, 64.303833697330446739, 5236.1829999999999927, 1, 5236.2129999999997381, 2.8435219718726187921, 5236.2129999999997381, -19.376299332966354427, 5236.2129999999997381, 29.568479911726921472, 5236.1829999999999927, 1, 5236.2129999999997381, 0.39760973678899080852, 5236.2129999999997381, -3.175780943635590603, 5236.2129999999997381, 40.395450832150366693, 5236.1829999999999927, 1, 5236.2129999999997381, 2.3025328348823972391, 5236.2129999999997381, 24.606100113240380267
5236.2179999999998472, 0.654409867937582157, 5236.1880000000001019, 1, 5236.2179999999998472, 0.43040828512119416738, 5236.2179999999998472, 0.39729028178281033945, 5236.2179999999998472, 62.240882519359516323, 5236.1880000000001019, 1, 5236.2179999999998472, 3.5207129811533537378, 5236.2179999999998472, -23.806361460619505976, 5236.2179999999998472, 54.976110443451524645, 5236.1880000000001019, 1, 5236.2179999999998472, -4.8527529268180273903, 5236.2179999999998472, -13.522933194188869521, 5236.2179999999998472, 0.72459423782102627687, 5236.1880000000001019, 1, 5236.2179999999998472, -0.46043612329093247526, 5236.2179999999998472, 0.53826871037141899023
5236.2280000000000655, 0, 5236.193000000000211, 1, 5236.2280000000000655, 0, 5236.2280000000000655, 0, 5236.2280000000000655, 74.764706722172533659, 5236.193000000000211, 1, 5236.2280000000000655, 6.963360335384659372, 5236.2280000000000655, -23.887150616819187832, 5236.2280000000000655, 68.846118134011121015, 5236.193000000000211, 1, 5236.2280000000000655, -5.3188168072500827677, 5236.2280000000000655, -13.884457955220362635, 5236.2280000000000655, 0, 5236.193000000000211, 1, 5236.2280000000000655, 0, 5236.2280000000000655, 0
5236.2330000000001746, 0, 5236.1980000000003201, 1, 5236.2330000000001746, 0, 5236.2330000000001746, 0, 5236.2330000000001746, 87.164069136334518362, 5236.1980000000003201, 1, 5236.2330000000001746, 9.5059026044891741236, 5236.2330000000001746, -24.284638666976359644, 5236.2330000000001746, 70.578037331778375574, 5236.1980000000003201, 1, 5236.2330000000001746, -6.368159273573182233, 5236.2330000000001746, -11.848351870122506568, 5236.2330000000001746, 0, 5236.1980000000003201, 1, 5236.2330000000001746, 0, 5236.2330000000001746, 0
5236.2380000000002838, 0, 5236.2030000000004293, 1, 5236.2380000000002838, 0, 5236.2380000000002838, 0, 5236.2380000000002838, 98.435450384982743799, 5236.2030000000004293, 1, 5236.2380000000002838, 11.838312742705506153, 5236.2380000000002838, -25.890268168894763789, 5236.2380000000002838, 76.824693851777283271, 5236.2030000000004293, 1, 5236.2380000000002838, -3.7237315734383766852, 5236.2380000000002838, -12.164622890928733057, 5236.2380000000002838, 0, 5236.2030000000004293, 1, 5236.2380000000002838, 0, 5236.2380000000002838, 0
5236.2430000000003929, 0, 5236.2089999999998327, 0, 5236.2430000000003929, 0, 5236.2430000000003929, 0, 5236.2430000000003929, 105.75968176553783451, 5236.2089999999998327, 1, 5236.2430000000003929, 13.731229411533828255, 5236.2430000000003929, -25.327852834162072782, 5236.2430000000003929, 71.733845918334296243, 5236.2089999999998327, 1, 5236.2430000000003929, -4.1742192056008491363, 5236.2430000000003929, -8.6097239105620495536, 5236.2430000000003929, 0, 5236.2089999999998327, 0, 5236.2430000000003929, 0, 5236.2430000000003929, 0
5236.2479999999995925, 0, 5236.2129999999997381, 0, 5236.2479999999995925, 0, 5236.2479999999995925, 0, 5236.2479999999995925, 114.38864943452584555, 5236.2129999999997381, 1, 5236.2479999999995925, 15.19222076202274252, 5236.2479999999995925, -26.378831165116764623, 5236.2479999999995925, 75.813989802179406752, 5236.2129999999997381, 1, 5236.2479999999995925, -0.97303177771254933948, 5236.2479999999995925, -8.3576953928455921528, 5236.2479999999995925, 0, 5236.2129999999997381, 0, 5236.2479999999995925, 0, 5236.2479999999995925, 0
5236.2529999999997017, 0, 5236.2179999999998472, 0, 5236.2529999999997017, 0, 5236.2529999999997017, 0, 5236.2529999999997017, 118.30371110622365904, 5236.2179999999998472, 1, 5236.2529999999997017, 16.199656592351661999, 5236.2529999999997017, -25.130916426659808849, 5236.2529999999997017, 68.775254398912835541, 5236.2179999999998472, 1, 5236.2529999999997017, -1.3089750590816844333, 5236.2529999999997017, -4.4024723136565810933, 5236.2529999999997017, 0, 5236.2179999999998472, 0, 5236.2529999999997017, 0, 5236.2529999999997017, 0
5236.2579999999998108, 0, 5236.2229999999999563, 0, 5236.2579999999998108, 0, 5236.2579999999998108, 0, 5236.2579999999998108, 123.62265138931783781, 5236.2229999999999563, 1, 5236.2579999999998108, 17.336452678775195579, 5236.2579999999998108, -25.600036072825268718, 5236.2579999999998108, 72.270803816084423943, 5236.2229999999999563, 1, 5236.2579999999998108, 2.1383377275268014017, 5236.2579999999998108, -4.1523986033746567159, 5236.2579999999998108, 0, 5236.2229999999999563, 0, 5236.2579999999998108, 0, 5236.2579999999998108, 0
5236.26299999999992, 0, 5236.2280000000000655, 0, 5236.26299999999992, 0, 5236.26299999999992, 0, 5236.26299999999992, 127.44517459182557673, 5236.2280000000000655, 1, 5236.26299999999992, 17.953922937284417571, 5236.26299999999992, -18.34755653356891969, 5236.26299999999992, 63.894213602704397204, 5236.2280000000000655, 1, 5236.26299999999992, 1.8057528400843183558, 5236.26299999999992, 3.086920850694856, 5236.26299999999992, 0, 5236.2280000000000655, 0, 5236.26299999999992, 0, 5236.26299999999992, 0
5236.2680000000000291, 0, 5236.2330000000001746, 0, 5236.2680000000000291, 0, 5236.2680000000000291, 0, 5236.2680000000000291, 129.90201803077837894, 5236.2330000000001746, 1, 5236.2680000000000291, 18.477145433322643697, 5236.2680000000000291, -17.661691901655174775, 5236.2680000000000291, 69.077778519816519065, 5236.2330000000001746, 1, 5236.2680000000000291, 4.7266505302387544774, 5236.2680000000000291, 3.2343991928788540235, 5236.2680000000000291, 0, 5236.2330000000001746, 0, 5236.2680000000000291, 0, 5236.2680000000000291, 0
5236.2730000000001382, 0, 5236.2380000000002838, 0, 5236.2730000000001382, 0, 5236.2730000000001382, 0, 5236.2730000000001382, 131.98053633752579117, 5236.2380000000002838, 1, 5236.2730000000001382, 18.93626253526166181, 5236.2730000000001382, -18.018196829281691862, 5236.2730000000001382, 64.427707881347146213, 5236.2380000000002838, 1, 5236.2730000000001382, 3.6545954221674015194, 5236.2730000000001382, 4.3546158178501102043, 5236.2730000000001382, 0, 5236.2380000000002838, 0, 5236.2730000000001382, 0, 5236.2730000000001382, 0
5236.2780000000002474, 0, 5236.2430000000003929, 0, 5236.2780000000002474, 0, 5236.2780000000002474, 0, 5236.2780000000002474, 132.71662947481854644, 5236.2430000000003929, 1, 5236.2780000000002474, 18.799919912194695826, 5236.2780000000002474, -15.88606552521748938, 5236.2780000000002474, 64.981631690175362337, 5236.2430000000003929, 1, 5236.2780000000002474, 6.8023829405659537173, 5236.2780000000002474, 6.8477375885715652259, 5236.2780000000002474, 0, 5236.2430000000003929, 0, 5236.2780000000002474, 0, 5236.2780000000002474, 0
5236.2830000000003565, 0, 5236.2479999999995925, 0, 5236.2830000000003565, 0, 5236.2830000000003565, 0, 5236.2830000000003565, 130.90532552617705164, 5236.2479999999995925, 1, 5236.2830000000003565, 18.386607882286305937, 5236.2830000000003565, -14.104089981706174228, 5236.2830000000003565, 62.055794991044720632, 5236.2479999999995925, 1, 5236.2830000000003565, 5.1371806571924736318, 5236.2830000000003565, 9.3078455430323323583, 5236.2830000000003565, 0, 5236.2479999999995925, 0, 5236.2830000000003565, 0, 5236.2830000000003565, 0
5236.2879999999995562, 0, 5236.2529999999997017, 0, 5236.2879999999995562, 0, 5236.2879999999995562, 0, 5236.2879999999995562, 132.56751572258747274, 5236.2529999999997017, 1, 5236.2879999999995562, 18.315969034745837263, 5236.2879999999995562, -14.314427640880012405, 5236.2879999999995562, 66.663075688162038546, 5236.2529999999997017, 1, 5236.2879999999995562, 7.532280213934343216, 5236.2879999999995562, 8.89837249032351707, 5236.2879999999995562, 0, 5236.2529999999997017, 0, 5236.2879999999995562, 0, 5236.2879999999995562, 0
5236.2929999999996653, 0, 5236.2579999999998108, 0, 5236.2929999999996653, 0, 5236.2929999999996653, 0, 5236.2929999999996653, 131.05422217617848446, 5236.2579999999998108, 1, 5236.2929999999996653, 17.795799764390569209, 5236.2929999999996653, -13.184686233465590988, 5236.2929999999996653, 63.300402379705573708, 5236.2579999999998108, 1, 5236.2929999999996653, 5.6159174885348912554, 5236.2929999999996653, 10.804655108856781709, 5236.2929999999996653, 0, 5236.2579999999998108, 0, 5236.2929999999996653, 0, 5236.2929999999996653, 0
5236.2979999999997744, 0, 5236.2640000000001237, 0, 5236.2979999999997744, 0, 5236.2979999999997744, 0, 5236.2979999999997744, 130.03957597304605542, 5236.2640000000001237, 1, 5236.2979999999997744, 18.851768237953290708, 5236.2979999999997744, -15.166539017252588906, 5236.2979999999997744, 71.024111871288710063, 5236.2640000000001237, 1, 5236.2979999999997744, 5.6410989850050716754, 5236.2979999999997744, 7.4506891053689159321, 5236.2979999999997744, 0, 5236.2640000000001237, 0, 5236.2979999999997744, 0, 5236.2979999999997744, 0
5236.3019999999996799, 0, 5236.2680000000000291, 0, 5236.3019999999996799, 0, 5236.3019999999996799, 0, 5236.3019999999996799, 130.47001706250810571, 5236.2680000000000291, 1, 5236.3019999999996799, 16.7497100949516593, 5236.3019999999996799, -5.2860882494324030745, 5236.3019999999996799, 65.678395987223638031, 5236.2680000000000291, 1, 5236.3019999999996799, 5.5481047150789271072, 5236.3019999999996799, 15.246249956949249338, 5236.3019999999996799, 0, 5236.2680000000000291, 0, 5236.3019999999996799, 0, 5236.3019999999996799, 0
5236.3019999999996799, 0, 5236.2730000000001382, 0, 5236.3019999999996799, 0, 5236.3019999999996799, 0, 5236.3019999999996799, 129.06984907774275939, 5236.2730000000001382, 1, 5236.3019999999996799, 15.932191357521285013, 5236.3019999999996799, -5.8909189317161576582, 5236.3019999999996799, 73.457841912655624128, 5236.2730000000001382, 1, 5236.3019999999996799, 6.7292125108881979401, 5236.3019999999996799, 14.073924008389372631, 5236.3019999999996799, 0, 5236.2730000000001382, 0, 5236.3019999999996799, 0, 5236.3019999999996799, 0
5236.3130000000001019, 0, 5236.2780000000002474, 0, 5236.3130000000001019, 0, 5236.3130000000001019, 0, 5236.3130000000001019, 127.94279585172340319, 5236.2780000000002474, 1, 5236.3130000000001019, 17.019711683686299608, 5236.3130000000001019, -12.299084969147862978, 5236.3130000000001019, 69.517970296642459971, 5236.2780000000002474, 1, 5236.3130000000001019, 3.5832226583599169345, 5236.3130000000001019, 10.896644721824721103, 5236.3130000000001019, 0, 5236.2780000000002474, 0, 5236.3130000000001019, 0, 5236.3130000000001019, 0
5236.318000000000211, 0, 5236.2830000000003565, 0, 5236.318000000000211, 0, 5236.318000000000211, 0, 5236.318000000000211, 126.02597764798528601, 5236.2830000000003565, 1, 5236.318000000000211, 16.119243664379524716, 5236.318000000000211, -12.890067410206931697, 5236.318000000000211, 77.479957476068108235, 5236.2830000000003565, 1, 5236.318000000000211, 4.4090599348365788757, 5236.318000000000211, 8.9146692657088451028, 5236.318000000000211, 0, 5236.2830000000003565, 0, 5236.318000000000211, 0, 5236.318000000000211, 0
5236.3230000000003201, 0, 5236.2879999999995562, 0, 5236.3230000000003201, 0, 5236.3230000000003201, 0, 5236.3230000000003201, 125.05631842776696772, 5236.2879999999995562, 1, 5236.3230000000003201, 15.433064423592018244, 5236.3230000000003201, -11.937006834517781328, 5236.3230000000003201, 74.842379500037907292, 5236.2879999999995562, 1, 5236.3230000000003201, 2.6029738530293702325, 5236.3230000000003201, 10.52942880696930672, 5236.3230000000003201, 0, 5236.2879999999995562, 0, 5236.3230000000003201, 0, 5236.3230000000003201, 0
5236.3270000000002256, 0, 5236.2929999999996653, 0, 5236.3270000000002256, 0, 5236.3270000000002256, 0, 5236.3270000000002256, 123.88781314933677891, 5236.2929999999996653, 1, 5236.3270000000002256, 14.610092287196263072, 5236.3270000000002256, -12.38711984657983578, 5236.3270000000002256, 81.232341005103506859, 5236.2929999999996653, 1, 5236.3270000000002256, 3.5982072337099766379, 5236.3270000000002256, 9.0413866439324408475, 5236.3270000000002256, 0, 5236.2929999999996653, 0, 5236.3270000000002256, 0, 5236.3270000000002256, 0
5236.3329999999996289, 0, 5236.2989999999999782, 0, 5236.3329999999996289, 0, 5236.3329999999996289, 0, 5236.3329999999996289, 122.00950208443502731, 5236.2989999999999782, 1, 5236.3329999999996289, 13.6637299155780223, 5236.3329999999996289, -11.645469640918733489, 5236.3329999999996289, 79.606299962216638733, 5236.2989999999999782, 1, 5236.3329999999996289, 1.5017961914696253967, 5236.3329999999996289, 10.139589142369580088, 5236.3329999999996289, 0, 5236.2989999999999782, 0, 5236.3329999999996289, 0, 5236.3329999999996289, 0
5236.3379999999997381, 0, 5236.3029999999998836, 0, 5236.3379999999997381, 0, 5236.3379999999997381, 0, 5236.3379999999997381, 120.67245708646584035, 5236.3029999999998836, 1, 5236.3379999999997381, 12.780059604630091386, 5236.3379999999997381, -12.261704979126271553, 5236.3379999999997381, 86.293872298548620847, 5236.3029999999998836, 1, 5236.3379999999997381, 2.3337068184293903172, 5236.3379999999997381, 8.3607358046406545782, 5236.3379999999997381, 0, 5236.3029999999998836, 0, 5236.3379999999997381, 0, 5236.3379999999997381, 0
5236.3429999999998472, 0, 5236.3079999999999927, 0, 5236.3429999999998472, 0, 5236.3429999999998472, 0, 5236.3429999999998472, 119.8823232124243674, 5236.3079999999999927, 1, 5236.3429999999998472, 12.487959342194065115, 5236.3429999999998472, -4.9040742538000401396, 5236.3429999999998472, 82.773401071736458334, 5236.3079999999999927, 1, 5236.3429999999998472, 0.16923585179214861718, 5236.3429999999998472, 13.798263880485322375, 5236.3429999999998472, 0, 5236.3079999999999927, 0, 5236.3429999999998472, 0, 5236.3429999999998472, 0
5236.3479999999999563, 0, 5236.3130000000001019, 0, 5236.3479999999999563, 0, 5236.3479999999999563, 0, 5236.3479999999999563, 118.68245161491111617, 5236.3130000000001019, 1, 5236.3479999999999563, 9.5075916853473536605, 5236.3479999999999563, 3.3569207282753836807, 5236.3479999999999563, 87.362141597037691554, 5236.3130000000001019, 1, 5236.3479999999999563, 3.3418212613582110038, 5236.3479999999999563, 21.133833603125708578, 5236.3479999999999563, 0, 5236.3130000000001019, 0, 5236.3479999999999563, 0, 5236.3479999999999563, 0
5236.3479999999999563, 0, 5236.318000000000211, 0, 5236.3479999999999563, 0, 5236.3479999999999563, 0, 5236.3479999999999563, 117.79544439654728194, 5236.318000000000211, 1, 5236.3479999999999563, 8.6672082031696326965, 5236.3479999999999563, 4.042338825117397505, 5236.3479999999999563, 84.135521299523219341, 5236.318000000000211, 1, 5236.3479999999999563, 1.7600334447954517625, 5236.3479999999999563, 22.217194625587502799, 5236.3479999999999563, 0, 5236.318000000000211, 0, 5236.3479999999999563, 0, 5236.3479999999999563, 0
5236.3580000000001746, 0, 5236.3230000000003201, 0, 5236.3580000000001746, 0, 5236.3580000000001746, 0, 5236.3580000000001746, 115.81187342773418436, 5236.3230000000003201, 1, 5236.3580000000001746, 8.6795245506689244763, 5236.3580000000001746, 3.1676030024342054503, 5236.3580000000001746, 90.36928601823078111, 5236.3230000000003201, 1, 5236.3580000000001746, 3.2940963489958363652, 5236.3580000000001746, 21.24990422312063032, 5236.3580000000001746, 0, 5236.3230000000003201, 0, 5236.3580000000001746, 0, 5236.3580000000001746, 0
5236.3630000000002838, 0, 5236.3289999999997235, 0, 5236.3630000000002838, 0, 5236.3630000000002838, 0, 5236.3630000000002838, 115.60160112228680873, 5236.3289999999997235, 1, 5236.3630000000002838, 6.1707576693444661231, 5236.3630000000002838, 3.7641356754081058966, 5236.3630000000002838, 86.898231935140429982, 5236.3289999999997235, 1, 5236.3630000000002838, 0.34296293244312076043, 5236.3630000000002838, 22.290451572389869739, 5236.3630000000002838, 0, 5236.3289999999997235, 0, 5236.3630000000002838, 0, 5236.3630000000002838, 0
5236.3680000000003929, 0, 5236.3329999999996289, 0, 5236.3680000000003929, 0, 5236.3680000000003929, 0, 5236.3680000000003929, 113.45195052931731539, 5236.3329999999996289, 1, 5236.3680000000003929, 8.2882685884469875504, 5236.3680000000003929, 3.0081525321323638877, 5236.3680000000003929, 92.508743327566548942, 5236.3329999999996289, 1, 5236.3680000000003929, 3.8678209388158233395, 5236.3680000000003929, 21.387832510646383355, 5236.3680000000003929, 0, 5236.3329999999996289, 0, 5236.3680000000003929, 0, 5236.3680000000003929, 0
5236.3729999999995925, 0, 5236.3379999999997381, 0, 5236.3729999999995925, 0, 5236.3729999999995925, 0, 5236.3729999999995925, 113.55012716078755375, 5236.3379999999997381, 1, 5236.3729999999995925, 4.1908320518157928802, 5236.3729999999995925, 3.5815298785198876885, 5236.3729999999995925, 88.455452550717808435, 5236.3379999999997381, 1, 5236.3729999999995925, -0.66993517996204010601, 5236.3729999999995925, 22.435577577366984769, 5236.3729999999995925, 0, 5236.3379999999997381, 0, 5236.3729999999995925, 0, 5236.3729999999995925, 0
5236.3779999999997017, 0, 5236.3429999999998472, 0, 5236.3779999999997017, 0, 5236.3779999999997017, 0, 5236.3779999999997017, 111.04463461177348904, 5236.3429999999998472, 1, 5236.3779999999997017, 9.8035042960410390123, 5236.3779999999997017, 0.30896826959629208886, 5236.3779999999997017, 95.109440589433333457, 5236.3429999999998472, 1, 5236.3779999999997017, 0.88822640066865088393, 5236.3779999999997017, 16.308696359942217669, 5236.3779999999997017, 0, 5236.3429999999998472, 0, 5236.3779999999997017, 0, 5236.3779999999997017, 0
5236.3819999999996071, 0, 5236.3479999999999563, 0, 5236.3819999999996071, 0, 5236.3819999999996071, 0, 5236.3819999999996071, 111.1863256770587185, 5236.3479999999999563, 1, 5236.3819999999996071, 5.4123795809241697086, 5236.3819999999996071, 0.62782807464206769055, 5236.3819999999996071, 91.963541026404186596, 5236.3479999999999563, 1, 5236.3819999999996071, -3.8512167536666463974, 5236.3819999999996071, 17.180072569253141523, 5236.3819999999996071, 0, 5236.3479999999999563, 0, 5236.3819999999996071, 0, 5236.3819999999996071, 0
5236.3819999999996071, 0, 5236.3530000000000655, 0, 5236.3819999999996071, 0, 5236.3819999999996071, 0, 5236.3819999999996071, 108.80729439568906969, 5236.3530000000000655, 1, 5236.3819999999996071, 8.2686524096605786838, 5236.3819999999996071, -0.15763259197147050372, 5236.3819999999996071, 97.192172313931138206, 5236.3530000000000655, 1, 5236.3819999999996071, 0.010148056967473007006, 5236.3819999999996071, 15.873643079410101109, 5236.3819999999996071, 0, 5236.3530000000000655, 0, 5236.3819999999996071, 0, 5236.3819999999996071, 0
5236.3869999999997162, 0, 5236.3590000000003783, 0, 5236.3869999999997162, 0, 5236.3869999999997162, 0, 5236.3869999999997162, 109.055882319253584, 5236.3590000000003783, 1, 5236.3869999999997162, 4.5168671478596778002, 5236.3869999999997162, -0.13205518920329240018, 5236.3869999999997162, 95.355079897866502847, 5236.3590000000003783, 1, 5236.3869999999997162, -3.8276433180350108998, 5236.3869999999997162, 16.30214794210488094, 5236.3869999999997162, 0, 5236.3590000000003783, 0, 5236.3869999999997162, 0, 5236.3869999999997162, 0
5236.3980000000001382, 0, 5236.3630000000002838, 0, 5236.3980000000001382, 0, 5236.3980000000001382, 0, 5236.3980000000001382, 106.66196136542208706, 5236.3630000000002838, 1, 5236.3980000000001382, 6.2849388051892045581, 5236.3980000000001382, -0.90034923915228404212, 5236.3980000000001382, 99.271744858522723121, 5236.3630000000002838, 1, 5236.3980000000001382, -1.7603946970938346706, 5236.3980000000001382, 15.116918867417147965, 5236.3980000000001382, 0, 5236.3630000000002838, 0, 5236.3980000000001382, 0, 5236.3980000000001382, 0
5236.4020000000000437, 0, 5236.3680000000003929, 0, 5236.4020000000000437, 0, 5236.4020000000000437, 0, 5236.4020000000000437, 106.44316399190550726, 5236.3680000000003929, 1, 5236.4020000000000437, 4.4133668690791569844, 5236.4020000000000437, -1.3338528540138199219, 5236.4020000000000437, 99.883206604773363324, 5236.3680000000003929, 1, 5236.4020000000000437, -3.3277059893324674178, 5236.4020000000000437, 14.772956966530593093, 5236.4020000000000437, 0, 5236.3680000000003929, 0, 5236.4020000000000437, 0, 5236.4020000000000437, 0
5236.4020000000000437, 0, 5236.3729999999995925, 0, 5236.4020000000000437, 0, 5236.4020000000000437, 0, 5236.4020000000000437, 104.9130357699620788, 5236.3729999999995925, 1, 5236.4020000000000437, 3.8074794571813725952, 5236.4020000000000437, -2.0296712401522540858, 5236.4020000000000437, 101.55951451164477817, 5236.3729999999995925, 1, 5236.4020000000000437, -3.7969855231149729491, 5236.4020000000000437, 13.936304579126996828, 5236.4020000000000437, 0, 5236.3729999999995925, 0, 5236.4020000000000437, 0, 5236.4020000000000437, 0
5236.4070000000001528, 0, 5236.3779999999997017, 0, 5236.4070000000001528, 0, 5236.4070000000001528, 0, 5236.4070000000001528, 103.62783945499910487, 5236.3779999999997017, 1, 5236.4070000000001528, 2.91700351091912502, 5236.4070000000001528, -2.9604442864500271071, 5236.4070000000001528, 103.59391478643345863, 5236.3779999999997017, 1, 5236.4070000000001528, -4.4188653269336732876, 5236.4070000000001528, 12.869587217384136579, 5236.4070000000001528, 0, 5236.3779999999997017, 0, 5236.4070000000001528, 0, 5236.4070000000001528, 0
5236.4129999999995562, 0, 5236.3840000000000146, 0, 5236.4129999999995562, 0, 5236.4129999999995562, 0, 5236.4129999999995562, 102.51507280591808069, 5236.3840000000000146, 1, 5236.4129999999995562, 2.3585448173585605858, 5236.4129999999995562, -3.8874286134944568971, 5236.4129999999995562, 105.17697687417208385, 5236.3840000000000146, 1, 5236.4129999999995562, -4.496081841123470646, 5236.4129999999995562, 11.855398422779593659, 5236.4129999999995562, 0, 5236.3840000000000146, 0, 5236.4129999999995562, 0, 5236.4129999999995562, 0
5236.418999999999869, 0, 5236.38799999999992, 0, 5236.418999999999869, 0, 5236.418999999999869, 0, 5236.418999999999869, 100.16353016644310969, 5236.38799999999992, 1, 5236.418999999999869, 2.008593864055459477, 5236.418999999999869, 1.4586639893506898602, 5236.418999999999869, 107.80964968019114281, 5236.38799999999992, 1, 5236.418999999999869, -5.5701801659697949276, 5236.418999999999869, 16.274481468052350408, 5236.418999999999869, 0, 5236.38799999999992, 0, 5236.418999999999869, 0, 5236.418999999999869, 0
5236.4229999999997744, 0, 5236.3930000000000291, 0, 5236.4229999999997744, 0, 5236.4229999999997744, 0, 5236.4229999999997744, 100.33809827572216022, 5236.3930000000000291, 1, 5236.4229999999997744, 1.0546981255706089353, 5236.4229999999997744, 0.76589716888382497473, 5236.4229999999997744, 106.09998954254149339, 5236.3930000000000291, 1, 5236.4229999999997744, -5.6890629983517335688, 5236.4229999999997744, 15.919556060721646418, 5236.4229999999997744, 0, 5236.3930000000000291, 0, 5236.4229999999997744, 0, 5236.4229999999997744, 0
5236.4269999999996799, 358.63456342907915086, 5236.3980000000001382, 0, 5236.4269999999996799, -76.596679417134723167, 5236.4269999999996799, -238.50853685262694626, 5236.4269999999996799, 87.989889255136418456, 5236.3980000000001382, 1, 5236.4269999999996799, -11.77082311931392411, 5236.4269999999996799, -1.7194447512775070663, 5236.4269999999996799, 103.07596226939483586, 5236.3980000000001382, 1, 5236.4269999999996799, -9.3864704299437473622, 5236.4269999999996799, 13.538486386980416398, 5236.4269999999996799, 0, 5236.3980000000001382, 0, 5236.4269999999996799, 0, 5236.4269999999996799, 0
5236.4329999999999927, 379.08230163121231726, 5236.4030000000002474, 0, 5236.4329999999999927, -109.5005301409630647, 5236.4329999999999927, -236.78077244425378467, 5236.4329999999999927, 40.369769396919394921, 5236.4030000000002474, 1, 5236.4329999999999927, -25.296978914112269621, 5236.4329999999999927, -3.8673795453168757774, 5236.4329999999999927, 86.273028741881134351, 5236.4030000000002474, 1, 5236.4329999999999927, -14.352120459974269551, 5236.4329999999999927, 11.235819450169316269, 5236.4329999999999927, 0, 5236.4030000000002474, 0, 5236.4329999999999927, 0, 5236.4329999999999927, 0
5236.4369999999998981, 372.70591292819892715, 5236.4089999999996508, 0, 5236.4369999999998981, -117.293219578910211, 5236.4369999999998981, -210.79322689188251161, 5236.4369999999998981, 17.600662045305409009, 5236.4089999999996508, 1, 5236.4369999999998981, -12.629282914687040673, 5236.4369999999998981, -6.2495289036430756724, 5236.4369999999998981, 76.686086305261767393, 5236.4089999999996508, 1, 5236.4369999999998981, -18.388772465157444458, 5236.4369999999998981, 7.9804562918370933744, 5236.4369999999998981, 0, 5236.4089999999996508, 0, 5236.4369999999998981, 0, 5236.4369999999998981, 0
5236.443000000000211, 372.92150427265102053, 5236.4129999999995562, 0, 5236.443000000000211, -126.0419055602041567, 5236.443000000000211, -211.81290897168605625, 5236.443000000000211, 2.4065474305058818238, 5236.4129999999995562, 1, 5236.443000000000211, -1.7826789348564329174, 5236.443000000000211, -1.8300506772462388216, 5236.443000000000211, 68.497277942111793436, 5236.4129999999995562, 1, 5236.443000000000211, -24.73160756161363949, 5236.443000000000211, 4.5461638226026792609, 5236.443000000000211, 0, 5236.4129999999995562, 0, 5236.443000000000211, 0, 5236.443000000000211, 0
5236.4480000000003201, 362.95665258086103222, 5236.418999999999869, 0, 5236.4480000000003201, -130.55616209238550596, 5236.4480000000003201, -196.49973821685097164, 5236.4480000000003201, 0, 5236.418999999999869, 1, 5236.4480000000003201, 0, 5236.4480000000003201, 0, 5236.4480000000003201, 62.421698440333116764, 5236.418999999999869, 1, 5236.4480000000003201, -31.578744835563721693, 5236.4480000000003201, 1.0352184553115577614, 5236.4480000000003201, 0, 5236.418999999999869, 0, 5236.4480000000003201, 0, 5236.4480000000003201, 0
5236.4530000000004293, 282.29320474718963396, 5236.4229999999997744, 0, 5236.4530000000004293, -106.78458366641322641, 5236.4530000000004293, -113.9100824238302323, 5236.4530000000004293, 0, 5236.4229999999997744, 1, 5236.4530000000004293, 0, 5236.4530000000004293, 0, 5236.4530000000004293, 76.494547677643282668, 5236.4229999999997744, 1, 5236.4530000000004293, -35.087962491764493222, 5236.4530000000004293, -0.40788656331547912259, 5236.4530000000004293, 0, 5236.4229999999997744, 0, 5236.4530000000004293, 0, 5236.4530000000004293, 0
5236.4589999999998327, 171.7802033938492059, 5236.4279999999998836, 0, 5236.4589999999998327, -81.617670510756724411, 5236.4589999999998327, -70.298518577952080477, 5236.4589999999998327, 0, 5236.4279999999998836, 1, 5236.4589999999998327, 0, 5236.4589999999998327, 0, 5236.4589999999998327, 68.183235528440235385, 5236.4279999999998836, 1, 5236.4589999999998327, -28.228938735086426703, 5236.4589999999998327, -5.5844751092303184237, 5236.4589999999998327, 0, 5236.4279999999998836, 0, 5236.4589999999998327, 0, 5236.4589999999998327, 0
5236.4639999999999418, 79.050614109104259342, 5236.4329999999999927, 0, 5236.4639999999999418, -37.981289059837756383, 5236.4639999999999418, -32.771323745646853354, 5236.4639999999999418, 0, 5236.4329999999999927, 1, 5236.4639999999999418, 0, 5236.4639999999999418, 0, 5236.4639999999999418, 57.653242188765801757, 5236.4329999999999927, 1, 5236.4639999999999418, -19.841296067810073822, 5236.4639999999999418, -14.456611329979157432, 5236.4639999999999418, 0, 5236.4329999999999927, 0, 5236.4639999999999418, 0, 5236.4639999999999418, 0
5236.4690000000000509, 2.0835061948154716127, 5236.4380000000001019, 0, 5236.4690000000000509, -1.4964742162165172168, 5236.4690000000000509, 1.3662734930750246587, 5236.4690000000000509, 0, 5236.4380000000001019, 1, 5236.4690000000000509, 0, 5236.4690000000000509, 0, 5236.4690000000000509, 56.832216662272621477, 5236.4380000000001019, 1, 5236.4690000000000509, -13.434743289167697, 5236.4690000000000509, -23.399114378574299877, 5236.4690000000000509, 0, 5236.4380000000001019, 0, 5236.4690000000000509, 0, 5236.4690000000000509, 0
5236.4729999999999563, 0, 5236.443000000000211, 0, 5236.4729999999999563, 0, 5236.4729999999999563, 0, 5236.4729999999999563, 0, 5236.443000000000211, 1, 5236.4729999999999563, 0, 5236.4729999999999563, 0, 5236.4729999999999563, 32.860210929593492324, 5236.443000000000211, 1, 5236.4729999999999563, -9.1439236875821858774, 5236.4729999999999563, -18.151454814677851601, 5236.4729999999999563, 0, 5236.443000000000211, 0, 5236.4729999999999563, 0, 5236.4729999999999563, 0
5236.4840000000003783, 0, 5236.4480000000003201, 0, 5236.4840000000003783, 0, 5236.4840000000003783, 0, 5236.4840000000003783, 0, 5236.4480000000003201, 1, 5236.4840000000003783, 0, 5236.4840000000003783, 0, 5236.4840000000003783, 34.43862791926343192, 5236.4480000000003201, 1, 5236.4840000000003783, -7.9431929877105913462, 5236.4840000000003783, -19.236231157416057158, 5236.4840000000003783, 0, 5236.4480000000003201, 0, 5236.4840000000003783, 0, 5236.4840000000003783, 0
5236.4840000000003783, 0, 5236.4530000000004293, 0, 5236.4840000000003783, 0, 5236.4840000000003783, 0, 5236.4840000000003783, 0, 5236.4530000000004293, 1, 5236.4840000000003783, 0, 5236.4840000000003783, 0, 5236.4840000000003783, 21.664631999822809405, 5236.4530000000004293, 1, 5236.4840000000003783, -5.993992171236797617, 5236.4840000000003783, -12.254252192386491771, 5236.4840000000003783, 0, 5236.4530000000004293, 0, 5236.4840000000003783, 0, 5236.4840000000003783, 0
5236.4939999999996871, 0, 5236.4600000000000364, 1, 5236.4939999999996871, 0, 5236.4939999999996871, 0, 5236.4939999999996871, 0, 5236.4600000000000364, 1, 5236.4939999999996871, 0, 5236.4939999999996871, 0, 5236.4939999999996871, 21.330777437734703028, 5236.4600000000000364, 1, 5236.4939999999996871, -4.2628972655358383648, 5236.4939999999996871, -12.922769036250173258, 5236.4939999999996871, 57.257852730052277934, 5236.4600000000000364, 1, 5236.4939999999996871, -2.7731455043069779265, 5236.4939999999996871, 1.7308222188990143309
5236.4939999999996871, 0, 5236.4629999999997381, 1, 5236.4939999999996871, 0, 5236.4939999999996871, 0, 5236.4939999999996871, 0, 5236.4629999999997381, 1, 5236.4939999999996871, 0, 5236.4939999999996871, 0, 5236.4939999999996871, 22.579426403582338878, 5236.4629999999997381, 1, 5236.4939999999996871, -6.2802618072018940865, 5236.4939999999996871, -13.839724562655973727, 5236.4939999999996871, 13.408376277136170529, 5236.4629999999997381, 1, 5236.4939999999996871, -5.6949747419224205913, 5236.4939999999996871, 8.0358091089371033178
5236.5039999999999054, 0, 5236.4679999999998472, 1, 5236.5039999999999054, 0, 5236.5039999999999054, 0, 5236.5039999999999054, 0, 5236.4679999999998472, 1, 5236.5039999999999054, 0, 5236.5039999999999054, 0, 5236.5039999999999054, 28.959899897899912702, 5236.4679999999998472, 1, 5236.5039999999999054, -2.4789971745078287491, 5236.5039999999999054, -17.742151486015224293, 5236.5039999999999054, 15.520797539063195813, 5236.4679999999998472, 1, 5236.5039999999999054, -3.2529919957593080859, 5236.5039999999999054, 8.7866368019801512901
5236.5039999999999054, 0, 5236.4729999999999563, 1, 5236.5039999999999054, 0, 5236.5039999999999054, 0, 5236.5039999999999054, 0, 5236.4729999999999563, 1, 5236.5039999999999054, 0, 5236.5039999999999054, 0, 5236.5039999999999054, 27.462033291083226771, 5236.4729999999999563, 1, 5236.5039999999999054, -3.7102987897425148134, 5236.5039999999999054, -17.020931692486552578, 5236.5039999999999054, 19.01740580101187561, 5236.4729999999999563, 1, 5236.5039999999999054, -4.0243587532854574462, 5236.5039999999999054, 10.259627699753801622
5236.5090000000000146, 0, 5236.4780000000000655, 1, 5236.5090000000000146, 0, 5236.5090000000000146, 0, 5236.5090000000000146, 0, 5236.4780000000000655, 1, 5236.5090000000000146, 0, 5236.5090000000000146, 0, 5236.5090000000000146, 29.135218559508260228, 5236.4780000000000655, 1, 5236.5090000000000146, 0.18701415450329511581, 5236.5090000000000146, -18.119087452892834733, 5236.5090000000000146, 23.691822812805582998, 5236.4780000000000655, 1, 5236.5090000000000146, -0.65278684306912393431, 5236.5090000000000146, 11.284474628187588507
5236.5140000000001237, 67.988977764481433042, 5236.4830000000001746, 1, 5236.5140000000001237, -29.340740020847771774, 5236.5140000000001237, -5.4139464758502455766, 5236.5140000000001237, 0, 5236.4830000000001746, 1, 5236.5140000000001237, 0, 5236.5140000000001237, 0, 5236.5140000000001237, 25.755277333552914598, 5236.4830000000001746, 1, 5236.5140000000001237, -0.77484529328896767364, 5236.5140000000001237, -16.206800324581692507, 5236.5140000000001237, 28.697645928280909544, 5236.4830000000001746, 1, 5236.5140000000001237, -1.2105931305324511005, 5236.5140000000001237, 13.57816065826546037
5236.5190000000002328, 90.805995356372648075, 5236.4880000000002838, 1, 5236.5190000000002328, -44.437545921004627303, 5236.5190000000002328, -8.659998329497724967, 5236.5190000000002328, 0, 5236.4880000000002838, 1, 5236.5190000000002328, 0, 5236.5190000000002328, 0, 5236.5190000000002328, 34.254285630068252999, 5236.4880000000002838, 1, 5236.5190000000002328, 1.1801542577540300449, 5236.5190000000002328, -20.95267454236357807, 5236.5190000000002328, 38.856884683363276167, 5236.4880000000002838, 1, 5236.5190000000002328, 3.2802459519363198481, 5236.5190000000002328, 10.868152528226255882
5236.524000000000342, 103.59959955279913402, 5236.4939999999996871, 1, 5236.524000000000342, -44.552012117372314037, 5236.524000000000342, -11.381934856063232075, 5236.524000000000342, 0, 5236.4939999999996871, 1, 5236.524000000000342, 0, 5236.524000000000342, 0, 5236.524000000000342, 36.25237851541774603, 5236.4939999999996871, 1, 5236.524000000000342, -0.48571612087907911626, 5236.524000000000342, -21.670877038210782928, 5236.524000000000342, 43.054857378556469882, 5236.4939999999996871, 1, 5236.524000000000342, 4.4676236849110688709, 5236.524000000000342, 11.46918191984652502
5236.5290000000004511, 106.03258891424096078, 5236.5, 1, 5236.5290000000004511, -42.278806244276786686, 5236.5290000000004511, -6.8978536394130500753, 5236.5290000000004511, 0, 5236.5, 1, 5236.5290000000004511, 0, 5236.5290000000004511, 0, 5236.5290000000004511, 40.095395653868685315, 5236.5, 1, 5236.5290000000004511, 2.843339767479643232, 5236.5290000000004511, -22.234319804376241336, 5236.5290000000004511, 46.116686413875420669, 5236.5, 1, 5236.5290000000004511, 8.0166618236080164905, 5236.5290000000004511, 13.10686269637753476
5236.5339999999996508, 107.2362934675428221, 5236.5050000000001091, 1, 5236.5339999999996508, -42.643768677758657759, 5236.5339999999996508, -0.3590836229216307629, 5236.5339999999996508, 116.18946990117397888, 5236.5050000000001091, 1, 5236.5339999999996508, 7.5101307124603557952, 5236.5339999999996508, -24.022242220947109814, 5236.5339999999996508, 39.785340937010765572, 5236.5050000000001091, 1, 5236.5339999999996508, 1.3250458642599449721, 5236.5339999999996508, -23.47788192049755196, 5236.5339999999996508, 46.500854716005861178, 5236.5050000000001091, 1, 5236.5339999999996508, 7.4244826951411493354, 5236.5339999999996508, 17.022335536711430848
5236.5399999999999636, 74.737780904587509667, 5236.5079999999998108, 1, 5236.5399999999999636, -21.379477483611456279, 5236.5399999999999636, -9.3220873558225747502, 5236.5399999999999636, 169.45372884539449387, 5236.5079999999998108, 1, 5236.5399999999999636, 23.442611380548811439, 5236.5399999999999636, 98.635604697437685218, 5236.5399999999999636, 176.1490020169620152, 5236.5079999999998108, 1, 5236.5399999999999636, -20.369947232554856953, 5236.5399999999999636, 101.91795311326934836, 5236.5399999999999636, 77.333783134107704882, 5236.5079999999998108, 1, 5236.5399999999999636, 21.701848693222675735, 5236.5399999999999636, -3.4971525064818465012
5236.543999999999869, 28.874855343800035712, 5236.51299999999992, 1, 5236.543999999999869, -15.6183234789164338, 5236.543999999999869, -9.8339909445750031125, 5236.543999999999869, 77.690505877901770759, 5236.51299999999992, 1, 5236.543999999999869, 10.946318453380710523, 5236.543999999999869, 43.290669327652757659, 5236.543999999999869, 134.73463237296721218, 5236.51299999999992, 1, 5236.543999999999869, -8.599799867863371361, 5236.543999999999869, 74.475017082385690514, 5236.543999999999869, 98.932144678056033626, 5236.51299999999992, 1, 5236.543999999999869, 23.675871278447786494, 5236.543999999999869, -22.450933301552012722
5236.5489999999999782, 31.553677818787161158, 5236.5180000000000291, 1, 5236.5489999999999782, -17.604610781072722148, 5236.5489999999999782, -10.104061609035365876, 5236.5489999999999782, 0, 5236.5180000000000291, 1, 5236.5489999999999782, 0, 5236.5489999999999782, 0, 5236.5489999999999782, 2.3922429227466244228, 5236.5180000000000291, 1, 5236.5489999999999782, 1.3206072418786647393, 5236.5489999999999782, 1.2683006563280012635, 5236.5489999999999782, 91.447709758743897623, 5236.5180000000000291, 1, 5236.5489999999999782, 22.385155249319669934, 5236.5489999999999782, -18.923679505659144695
5236.5540000000000873, 54.785634041576273034, 5236.5230000000001382, 1, 5236.5540000000000873, -17.806514066505318539, 5236.5540000000000873, -12.822517220552384742, 5236.5540000000000873, 0, 5236.5230000000001382, 1, 5236.5540000000000873, 0, 5236.5540000000000873, 0, 5236.5540000000000873, 0, 5236.5230000000001382, 1, 5236.5540000000000873, 0, 5236.5540000000000873, 0, 5236.5540000000000873, 83.260287835761261022, 5236.5230000000001382, 1, 5236.5540000000000873, 21.852342559486316986, 5236.5540000000000873, -11.933075473445860837
5236.5590000000001965, 69.265758810740791773, 5236.5280000000002474, 1, 5236.5590000000001965, -15.850037078315097006, 5236.5590000000001965, -13.894206943217298544, 5236.5590000000001965, 0, 5236.5280000000002474, 1, 5236.5590000000001965, 0, 5236.5590000000001965, 0, 5236.5590000000001965, 0, 5236.5280000000002474, 1, 5236.5590000000001965, 0, 5236.5590000000001965, 0, 5236.5590000000001965, 78.799796563793563564, 5236.5280000000002474, 1, 5236.5590000000001965, 24.38224024139174162, 5236.5590000000001965, -6.9068846422355534287
5236.5649999999995998, 79.105374804968931812, 5236.5330000000003565, 1, 5236.5649999999995998, -17.823850187260173783, 5236.5649999999995998, -14.325597046164432413, 5236.5649999999995998, 0, 5236.5330000000003565, 0, 5236.5649999999995998, 0, 5236.5649999999995998, 0, 5236.5649999999995998, 0, 5236.5330000000003565, 0, 5236.5649999999995998, 0, 5236.5649999999995998, 0, 5236.5649999999995998, 77.985795997184268913, 5236.5330000000003565, 1, 5236.5649999999995998, 21.97849329584971656, 5236.5649999999995998, -3.4140059076716227082
5236.5690000000004147, 88.060620826686545115, 5236.5379999999995562, 1, 5236.5690000000004147, -18.522842836316261383, 5236.5690000000004147, -14.847098108330527566, 5236.5690000000004147, 0, 5236.5379999999995562, 0, 5236.5690000000004147, 0, 5236.5690000000004147, 0, 5236.5690000000004147, 0, 5236.5379999999995562, 0, 5236.5690000000004147, 0, 5236.5690000000004147, 0, 5236.5690000000004147, 78.471770765143446624, 5236.5379999999995562, 1, 5236.5690000000004147, 19.808366214594276045, 5236.5690000000004147, -0.56335551535326544581
5236.5739999999996144, 95.03702299414678123, 5236.5429999999996653, 1, 5236.5739999999996144, -21.49773277378660552, 5236.5739999999996144, -5.5498554027532946975, 5236.5739999999996144, 0, 5236.5429999999996653, 0, 5236.5739999999996144, 0, 5236.5739999999996144, 0, 5236.5739999999996144, 0, 5236.5429999999996653, 0, 5236.5739999999996144, 0, 5236.5739999999996144, 0, 5236.5739999999996144, 84.1402808740807302, 5236.5429999999996653, 1, 5236.5739999999996144, 17.212958260024628032, 5236.5739999999996144, 8.5834785513500406751
5236.5839999999998327, 100.75256856733746247, 5236.5479999999997744, 1, 5236.5839999999998327, -20.934514736407059843, 5236.5839999999998327, -4.4030079912241646412, 5236.5839999999998327, 0, 5236.5479999999997744, 0, 5236.5839999999998327, 0, 5236.5839999999998327, 0, 5236.5839999999998327, 0, 5236.5479999999997744, 0, 5236.5839999999998327, 0, 5236.5839999999998327, 0, 5236.5839999999998327, 80.98940580365194819, 5236.5479999999997744, 1, 5236.5839999999998327, 17.018851960194691486, 5236.5839999999998327, 12.430259994324607931
5236.5889999999999418, 105.63857354619518958, 5236.5529999999998836, 1, 5236.5889999999999418, -20.389470243745499545, 5236.5889999999999418, -3.5406975445855195517, 5236.5889999999999418, 0, 5236.5529999999998836, 0, 5236.5889999999999418, 0, 5236.5889999999999418, 0, 5236.5889999999999418, 0, 5236.5529999999998836, 0, 5236.5889999999999418, 0, 5236.5889999999999418, 0, 5236.5889999999999418, 80.840318699138180136, 5236.5529999999998836, 1, 5236.5889999999999418, 15.803242586748627474, 5236.5889999999999418, 15.760169617530181085
5236.5929999999998472, 107.70886289616500164, 5236.5579999999999927, 1, 5236.5929999999998472, -20.072015723007421428, 5236.5929999999998472, -3.1263104695300469871, 5236.5929999999998472, 0, 5236.5579999999999927, 0, 5236.5929999999998472, 0, 5236.5929999999998472, 0, 5236.5929999999998472, 0, 5236.5579999999999927, 0, 5236.5929999999998472, 0, 5236.5929999999998472, 0, 5236.5929999999998472, 84.271226427063297137, 5236.5579999999999927, 1, 5236.5929999999998472, 13.356048926927346798, 5236.5929999999998472, 17.275163565809243948
5236.5979999999999563, 108.9767778655792938, 5236.5630000000001019, 1, 5236.5979999999999563, -19.146976445138303546, 5236.5979999999999563, -2.545129936636968182, 5236.5979999999999563, 0, 5236.5630000000001019, 0, 5236.5979999999999563, 0, 5236.5979999999999563, 0, 5236.5979999999999563, 0, 5236.5630000000001019, 0, 5236.5979999999999563, 0, 5236.5979999999999563, 0, 5236.5979999999999563, 84.257907888547862285, 5236.5630000000001019, 1, 5236.5979999999999563, 12.217946641267916519, 5236.5979999999999563, 19.145418923313890502
5236.6030000000000655, 109.38138388582750338, 5236.568000000000211, 1, 5236.6030000000000655, -19.196778605074790391, 5236.6030000000000655, -2.6859269793019322492, 5236.6030000000000655, 0, 5236.568000000000211, 0, 5236.6030000000000655, 0, 5236.6030000000000655, 0, 5236.6030000000000655, 0, 5236.568000000000211, 0, 5236.6030000000000655, 0, 5236.6030000000000655, 0, 5236.6030000000000655, 89.710736103097616478, 5236.568000000000211, 1, 5236.6030000000000655, 9.7183032077386890535, 5236.6030000000000655, 19.195685709597107405
5236.6080000000001746, 109.83253309064602377, 5236.5730000000003201, 1, 5236.6080000000001746, -15.241050203279870701, 5236.6080000000001746, -3.6439123128068189317, 5236.6080000000001746, 0, 5236.5730000000003201, 0, 5236.6080000000001746, 0, 5236.6080000000001746, 0, 5236.6080000000001746, 0, 5236.5730000000003201, 0, 5236.6080000000001746, 0, 5236.6080000000001746, 0, 5236.6080000000001746, 86.468913855100339561, 5236.5730000000003201, 1, 5236.6080000000001746, 12.046822842221633465, 5236.6080000000001746, 18.647791249648150824
5236.6130000000002838, 109.8299496721706987, 5236.5780000000004293, 1, 5236.6130000000002838, -17.141102882729619239, 5236.6130000000002838, 4.5239212099308545589, 5236.6130000000002838, 0, 5236.5780000000004293, 0, 5236.6130000000002838, 0, 5236.6130000000002838, 0, 5236.6130000000002838, 0, 5236.5780000000004293, 0, 5236.6130000000002838, 0, 5236.6130000000002838, 0, 5236.6130000000002838, 90.719100823402101241, 5236.5780000000004293, 1, 5236.6130000000002838, 8.1145340629489535189, 5236.6130000000002838, 27.001793771154986246
5236.6189999999996871, 109.94493866333661458, 5236.5829999999996289, 1, 5236.6189999999996871, -14.231557838583947628, 5236.6189999999996871, 5.3724400944529264734, 5236.6189999999996871, 0, 5236.5829999999996289, 0, 5236.6189999999996871, 0, 5236.6189999999996871, 0, 5236.6189999999996871, 0, 5236.5829999999996289, 0, 5236.6189999999996871, 0, 5236.6189999999996871, 0, 5236.6189999999996871, 87.579212068448512696, 5236.5829999999996289, 1, 5236.6189999999996871, 10.461196043714778625, 5236.6189999999996871, 29.307509150514277962
5236.6239999999997963, 109.54939988404893825, 5236.5879999999997381, 1, 5236.6239999999997963, -14.943499069519951661, 5236.6239999999997963, 5.0177226713099685185, 5236.6239999999997963, 0, 5236.5879999999997381, 0, 5236.6239999999997963, 0, 5236.6239999999997963, 0, 5236.6239999999997963, 0, 5236.5879999999997381, 0, 5236.6239999999997963, 0, 5236.6239999999997963, 0, 5236.6239999999997963, 93.095387395472286585, 5236.5879999999997381, 1, 5236.6239999999997963, 6.8067466639654412575, 5236.6239999999997963, 29.128455232871601766
5236.6289999999999054, 108.14525835744592541, 5236.5929999999998472, 1, 5236.6289999999999054, -11.548249441746936128, 5236.6289999999999054, 5.5309663713067465096, 5236.6289999999999054, 0, 5236.5929999999998472, 0, 5236.6289999999999054, 0, 5236.6289999999999054, 0, 5236.6289999999999054, 0, 5236.5929999999998472, 0, 5236.6289999999999054, 0, 5236.6289999999999054, 0, 5236.6289999999999054, 90.995847815403294589, 5236.5929999999998472, 1, 5236.6289999999999054, 9.8001728597068886728, 5236.6289999999999054, 30.86022755419845609
5236.6340000000000146, 107.61294159637017742, 5236.5979999999999563, 1, 5236.6340000000000146, -12.50703355775112513, 5236.6340000000000146, 4.6115654650130935011, 5236.6340000000000146, 0, 5236.5979999999999563, 0, 5236.6340000000000146, 0, 5236.6340000000000146, 0, 5236.6340000000000146, 0, 5236.5979999999999563, 0, 5236.6340000000000146, 0, 5236.6340000000000146, 0, 5236.6340000000000146, 99.469305659236411543, 5236.5979999999999563, 1, 5236.6340000000000146, 6.2985216437751319063, 5236.6340000000000146, 29.624546593918083204
5236.6390000000001237, 107.24676771409980347, 5236.6030000000000655, 1, 5236.6390000000001237, -9.1253097965047267337, 5236.6390000000001237, 5.3272840542878512338, 5236.6390000000001237, 0, 5236.6030000000000655, 0, 5236.6390000000001237, 0, 5236.6390000000001237, 0, 5236.6390000000001237, 0, 5236.6030000000000655, 0, 5236.6390000000001237, 0, 5236.6390000000001237, 0, 5236.6390000000001237, 95.397019171632479129, 5236.6030000000000655, 1, 5236.6390000000001237, 9.0617950603707324575, 5236.6390000000001237, 31.820404352231641099
5236.649000000000342, 106.19687795154092669, 5236.6080000000001746, 1, 5236.649000000000342, -10.246586805949734256, 5236.649000000000342, 1.250394680238812839, 5236.649000000000342, 0, 5236.6080000000001746, 0, 5236.649000000000342, 0, 5236.649000000000342, 0, 5236.649000000000342, 0, 5236.6080000000001746, 0, 5236.649000000000342, 0, 5236.649000000000342, 0, 5236.649000000000342, 104.55327943826380022, 5236.6080000000001746, 1, 5236.649000000000342, 6.5909363979806556699, 5236.649000000000342, 23.376906966137973143
5236.649000000000342, 105.8847308093750712, 5236.6130000000002838, 1, 5236.649000000000342, -7.0254877344782418191, 5236.649000000000342, 1.6891898091412897998, 5236.649000000000342, 0, 5236.6130000000002838, 0, 5236.649000000000342, 0, 5236.649000000000342, 0, 5236.649000000000342, 0, 5236.6130000000002838, 0, 5236.649000000000342, 0, 5236.649000000000342, 0, 5236.649000000000342, 102.05214664893406962, 5236.6130000000002838, 1, 5236.649000000000342, 9.3663359992148063071, 5236.649000000000342, 25.195849707458961575
5236.6589999999996508, 105.11264456722612692, 5236.6180000000003929, 1, 5236.6589999999996508, -7.0550506869527040976, 5236.6589999999996508, 1.1440153679980724633, 5236.6589999999996508, 0, 5236.6180000000003929, 0, 5236.6589999999996508, 0, 5236.6589999999996508, 0, 5236.6589999999996508, 0, 5236.6180000000003929, 0, 5236.6589999999996508, 0, 5236.6589999999996508, 0, 5236.6589999999996508, 108.26385526565671569, 5236.6180000000003929, 1, 5236.6589999999996508, 6.1345200382763298563, 5236.6589999999996508, 23.674230532814753758
5236.6589999999996508, 104.04988111240365356, 5236.6229999999995925, 1, 5236.6589999999996508, -5.8356250233073074796, 5236.6589999999996508, 0.7518223243682626844, 5236.6589999999996508, 0, 5236.6229999999995925, 0, 5236.6589999999996508, 0, 5236.6589999999996508, 0, 5236.6589999999996508, 0, 5236.6229999999995925, 0, 5236.6589999999996508, 0, 5236.6589999999996508, 0, 5236.6589999999996508, 107.08484969671219744, 5236.6229999999995925, 1, 5236.6589999999996508, 9.0462218225900592472, 5236.6589999999996508, 24.814681014174965412
5236.6639999999997599, 103.34531464357402797, 5236.6289999999999054, 1, 5236.6639999999997599, -5.9013946265676677783, 5236.6639999999997599, 0.39974776184961768877, 5236.6639999999997599, 0, 5236.6289999999999054, 0, 5236.6639999999997599, 0, 5236.6639999999997599, 0, 5236.6639999999997599, 0, 5236.6289999999999054, 0, 5236.6639999999997599, 0, 5236.6639999999997599, 0, 5236.6639999999997599, 110.68012694005003027, 5236.6289999999999054, 1, 5236.6639999999997599, 5.5863159717104657886, 5236.6639999999997599, 24.047638646019265707
5236.6739999999999782, 102.98772169558654355, 5236.6329999999998108, 1, 5236.6739999999999782, -4.0072788020100169604, 5236.6739999999999782, 0.21129316074416237825, 5236.6739999999999782, 0, 5236.6329999999998108, 0, 5236.6739999999999782, 0, 5236.6739999999999782, 0, 5236.6739999999999782, 0, 5236.6329999999998108, 0, 5236.6739999999999782, 0, 5236.6739999999999782, 0, 5236.6739999999999782, 109.44651781697575643, 5236.6329999999998108, 1, 5236.6739999999999782, 8.7663063856435705645, 5236.6739999999999782, 25.074573173062255194
5236.6739999999999782, 102.21161911316882254, 5236.63799999999992, 1, 5236.6739999999999782, -2.9235891072571829064, 5236.6739999999999782, -0.0313332071583687366, 5236.6739999999999782, 0, 5236.63799999999992, 0, 5236.6739999999999782, 0, 5236.6739999999999782, 0, 5236.6739999999999782, 0, 5236.63799999999992, 0, 5236.6739999999999782, 0, 5236.6739999999999782, 0, 5236.6739999999999782, 113.9156804355564816, 5236.63799999999992, 1, 5236.6739999999999782, 4.7510245913576545362, 5236.6739999999999782, 23.769119421085648014
5236.6790000000000873, 102.22491295277492895, 5236.6430000000000291, 1, 5236.6790000000000873, -0.1488728050254629065, 5236.6790000000000873, -0.2424412013579413383, 5236.6790000000000873, 0, 5236.6430000000000291, 0, 5236.6790000000000873, 0, 5236.6790000000000873, 0, 5236.6790000000000873, 0, 5236.6430000000000291, 0, 5236.6790000000000873, 0, 5236.6790000000000873, 0, 5236.6790000000000873, 111.55720879003057178, 5236.6430000000000291, 1, 5236.6790000000000873, 8.5714663397426420488, 5236.6790000000000873, 25.045706678436026493
5236.6840000000001965, 98.777965219309606937, 5236.6480000000001382, 1, 5236.6840000000001965, -3.0504461822406523375, 5236.6840000000001965, 12.74028814163119705, 5236.6840000000001965, 0, 5236.6480000000001382, 0, 5236.6840000000001965, 0, 5236.6840000000001965, 0, 5236.6840000000001965, 0, 5236.6480000000001382, 0, 5236.6840000000001965, 0, 5236.6840000000001965, 0, 5236.6840000000001965, 111.83409009456138961, 5236.6480000000001382, 1, 5236.6840000000001965, 2.8034203321433870393, 5236.6840000000001965, 43.703136019610823837
5236.6940000000004147, 101.31452723133681104, 5236.6549999999997453, 1, 5236.6940000000004147, 2.5678093305818379122, 5236.6940000000004147, 13.399359174330747635, 5236.6940000000004147, 0, 5236.6549999999997453, 0, 5236.6940000000004147, 0, 5236.6940000000004147, 0, 5236.6940000000004147, 0, 5236.6549999999997453, 0, 5236.6940000000004147, 0, 5236.6940000000004147, 0, 5236.6940000000004147, 105.75290068091675266, 5236.6549999999997453, 1, 5236.6940000000004147, 7.7702918063833745776, 5236.6940000000004147, 45.02412599515723457
5236.6940000000004147, 98.936314392830979614, 5236.6580000000003565, 1, 5236.6940000000004147, -2.5035886181408169016, 5236.6940000000004147, 12.314744735055128899, 5236.6940000000004147, 0, 5236.6580000000003565, 0, 5236.6940000000004147, 0, 5236.6940000000004147, 0, 5236.6940000000004147, 0, 5236.6580000000003565, 0, 5236.6940000000004147, 0, 5236.6940000000004147, 0, 5236.6940000000004147, 110.78421391992078782, 5236.6580000000003565, 1, 5236.6940000000004147, 1.256145987578922707, 5236.6940000000004147, 44.166986394946192718
5236.7039999999997235, 99.32966237154229816, 5236.6639999999997599, 1, 5236.7039999999997235, 1.0482560788623676018, 5236.7039999999997235, 12.090644182823915287, 5236.7039999999997235, 0, 5236.6639999999997599, 0, 5236.7039999999997235, 0, 5236.7039999999997235, 0, 5236.7039999999997235, 0, 5236.6639999999997599, 0, 5236.7039999999997235, 0, 5236.7039999999997235, 0, 5236.7039999999997235, 108.26104482489904512, 5236.6639999999997599, 1, 5236.7039999999997235, 7.2931173955278207899, 5236.7039999999997235, 44.648388648046733351
5236.7039999999997235, 98.861487700200669337, 5236.6679999999996653, 1, 5236.7039999999997235, 1.8530735544785950086, 5236.7039999999997235, 11.464598820414181546, 5236.7039999999997235, 0, 5236.6679999999996653, 0, 5236.7039999999997235, 0, 5236.7039999999997235, 0, 5236.7039999999997235, 0, 5236.6679999999996653, 0, 5236.7039999999997235, 0, 5236.7039999999997235, 0, 5236.7039999999997235, 112.1794935425747326, 5236.6679999999996653, 1, 5236.7039999999997235, 1.2380014552831006824, 5236.7039999999997235, 43.82237557326384092
5236.7079999999996289, 98.90969519889398498, 5236.6729999999997744, 1, 5236.7079999999996289, 4.3816957216680005871, 5236.7079999999996289, 10.794181063075832583, 5236.7079999999996289, 0, 5236.6729999999997744, 0, 5236.7079999999996289, 0, 5236.7079999999996289, 0, 5236.7079999999996289, 0, 5236.6729999999997744, 0, 5236.7079999999996289, 0, 5236.7079999999996289, 0, 5236.7079999999996289, 111.0950474114346207, 5236.6729999999997744, 1, 5236.7079999999996289, 5.9831385479442422692, 5236.7079999999996289, 43.835546679860229347
5236.7139999999999418, 97.568278748217238672, 5236.6779999999998836, 1, 5236.7139999999999418, 1.3303671533845013997, 5236.7139999999999418, 9.8581366766585460937, 5236.7139999999999418, 0, 5236.6779999999998836, 0, 5236.7139999999999418, 0, 5236.7139999999999418, 0, 5236.7139999999999418, 0, 5236.6779999999998836, 0, 5236.7139999999999418, 0, 5236.7139999999999418, 0, 5236.7139999999999418, 113.81117621116598571, 5236.6779999999998836, 1, 5236.7139999999999418, 2.287368896941896157, 5236.7139999999999418, 43.03592795327799081
5236.7240000000001601, 97.060425652833103527, 5236.6829999999999927, 1, 5236.7240000000001601, 4.3103149271015563926, 5236.7240000000001601, 15.622998807366492713, 5236.7240000000001601, 0, 5236.6829999999999927, 0, 5236.7240000000001601, 0, 5236.7240000000001601, 0, 5236.7240000000001601, 0, 5236.6829999999999927, 0, 5236.7240000000001601, 0, 5236.7240000000001601, 0, 5236.7240000000001601, 110.93056181548188022, 5236.6829999999999927, 1, 5236.7240000000001601, 4.7823927172228817284, 5236.7240000000001601, 50.091984418478901375
5236.7240000000001601, 96.219893008773368592, 5236.6890000000003056, 1, 5236.7240000000001601, 3.3823817725704050652, 5236.7240000000001601, 14.433631686502010893, 5236.7240000000001601, 0, 5236.6890000000003056, 0, 5236.7240000000001601, 0, 5236.7240000000001601, 0, 5236.7240000000001601, 0, 5236.6890000000003056, 0, 5236.7240000000001601, 0, 5236.7240000000001601, 0, 5236.7240000000001601, 113.46944828261123916, 5236.6890000000003056, 1, 5236.7240000000001601, 3.3377219536877742456, 5236.7240000000001601, 49.247418245211449062
5236.7290000000002692, 96.24610698388535468, 5236.693000000000211, 1, 5236.7290000000002692, 4.8303455736128473319, 5236.7290000000002692, 13.507948694316745275, 5236.7290000000002692, 0, 5236.693000000000211, 0, 5236.7290000000002692, 0, 5236.7290000000002692, 0, 5236.7290000000002692, 0, 5236.693000000000211, 0, 5236.7290000000002692, 0, 5236.7290000000002692, 0, 5236.7290000000002692, 114.12500770933803551, 5236.693000000000211, 1, 5236.7290000000002692, 4.4515553621712076193, 5236.7290000000002692, 48.561963132068150628
5236.7340000000003783, 95.195914586155083725, 5236.6989999999996144, 1, 5236.7340000000003783, 4.7375222978668416474, 5236.7340000000003783, 11.897979169199949467, 5236.7340000000003783, 0, 5236.6989999999996144, 0, 5236.7340000000003783, 0, 5236.7340000000003783, 0, 5236.7340000000003783, 0, 5236.6989999999996144, 0, 5236.7340000000003783, 0, 5236.7340000000003783, 0, 5236.7340000000003783, 117.4933173971700171, 5236.6989999999996144, 1, 5236.7340000000003783, 3.8676607582292517051, 5236.7340000000003783, 47.253829918016514
5236.738999999999578, 95.067231827242324016, 5236.7030000000004293, 1, 5236.738999999999578, 5.6996904693127801167, 5236.738999999999578, 10.771192650654199952, 5236.738999999999578, 0, 5236.7030000000004293, 0, 5236.738999999999578, 0, 5236.738999999999578, 0, 5236.738999999999578, 0, 5236.7030000000004293, 0, 5236.738999999999578, 0, 5236.738999999999578, 0, 5236.738999999999578, 117.72585571036051988, 5236.7030000000004293, 1, 5236.738999999999578, 4.5123459644188219642, 5236.738999999999578, 46.284652252692588092
5236.7489999999997963, 94.461870548361133615, 5236.7079999999996289, 1, 5236.7489999999997963, 6.011031688987501731, 5236.7489999999997963, 9.1878291257373305712, 5236.7489999999997963, 0, 5236.7079999999996289, 0, 5236.7489999999997963, 0, 5236.7489999999997963, 0, 5236.7489999999997963, 0, 5236.7079999999996289, 0, 5236.7489999999997963, 0, 5236.7489999999997963, 0, 5236.7489999999997963, 119.76836213825720279, 5236.7079999999996289, 1, 5236.7489999999997963, 4.3205281460619993084, 5236.7489999999997963, 44.886209523749045047
5236.7489999999997963, 93.974847741102053078, 5236.7129999999997381, 1, 5236.7489999999997963, 6.6109352170791684244, 5236.7489999999997963, 7.7002761891613147327, 5236.7489999999997963, 0, 5236.7129999999997381, 0, 5236.7489999999997963, 0, 5236.7489999999997963, 0, 5236.7489999999997963, 0, 5236.7129999999997381, 0, 5236.7489999999997963, 0, 5236.7489999999997963, 0, 5236.7489999999997963, 120.50995908143320889, 5236.7129999999997381, 1, 5236.7489999999997963, 4.5648578870700093901, 5236.7489999999997963, 43.495286048617096242
5236.7539999999999054, 93.507712316205200409, 5236.7179999999998472, 1, 5236.7539999999999054, 6.9724012531180274976, 5236.7539999999999054, 6.0430150478162119043, 5236.7539999999999054, 0, 5236.7179999999998472, 0, 5236.7539999999999054, 0, 5236.7539999999999054, 0, 5236.7539999999999054, 0, 5236.7179999999998472, 0, 5236.7539999999999054, 0, 5236.7539999999999054, 0, 5236.7539999999999054, 121.55329549578108583, 5236.7179999999998472, 1, 5236.7539999999999054, 4.414292071346689994, 5236.7539999999999054, 41.903445912086958458
5236.7590000000000146, 93.523772947329291583, 5236.7240000000001601, 1, 5236.7590000000000146, 4.3521824491946254909, 5236.7590000000000146, 2.4206849351932220316, 5236.7590000000000146, 0, 5236.7240000000001601, 0, 5236.7590000000000146, 0, 5236.7590000000000146, 0, 5236.7590000000000146, 0, 5236.7240000000001601, 0, 5236.7590000000000146, 0, 5236.7590000000000146, 0, 5236.7590000000000146, 124.96462000442295448, 5236.7240000000001601, 1, 5236.7590000000000146, 8.0481429436493243657, 5236.7590000000000146, 26.986831838948035056
5236.7640000000001237, 93.509448324613956061, 5236.7280000000000655, 1, 5236.7640000000001237, 4.5199951099212682948, 5236.7640000000001237, 0.77917781230321025987, 5236.7640000000001237, 0, 5236.7280000000000655, 0, 5236.7640000000001237, 0, 5236.7640000000001237, 0, 5236.7640000000001237, 0, 5236.7280000000000655, 0, 5236.7640000000001237, 0, 5236.7640000000001237, 0, 5236.7640000000001237, 124.83325226386483564, 5236.7280000000000655, 1, 5236.7640000000001237, 7.7355524301510545371, 5236.7640000000001237, 25.3005796614605174
5236.7680000000000291, 94.095467300904275021, 5236.7330000000001746, 1, 5236.7680000000000291, 4.5504710461197017679, 5236.7680000000000291, -0.72703342545570848188, 5236.7680000000000291, 0, 5236.7330000000001746, 0, 5236.7680000000000291, 0, 5236.7680000000000291, 0, 5236.7680000000000291, 0, 5236.7330000000001746, 0, 5236.7680000000000291, 0, 5236.7680000000000291, 0, 5236.7680000000000291, 123.74079893646680262, 5236.7330000000001746, 1, 5236.7680000000000291, 7.4406380277533061829, 5236.7680000000000291, 23.793940912960415801
5236.774000000000342, 94.749482929858700686, 5236.7380000000002838, 1, 5236.774000000000342, 4.2951612195635551217, 5236.774000000000342, -2.0913616406538366732, 5236.774000000000342, 0, 5236.7380000000002838, 0, 5236.774000000000342, 0, 5236.774000000000342, 0, 5236.774000000000342, 269.31802889395299871, 5236.7380000000002838, 0, 5236.774000000000342, -1.1025905671812212816, 5236.774000000000342, -111.8354918787858594, 5236.774000000000342, 123.12301428392098046, 5236.7380000000002838, 1, 5236.774000000000342, 6.8927058805093714966, 5236.774000000000342, 22.123346883771525029
5236.7799999999997453, 91.804049354563446173, 5236.7430000000003929, 1, 5236.7799999999997453, -8.5402636128439226582, 5236.7799999999997453, 5.769565325846798487, 5236.7799999999997453, 203.48064399570949945, 5236.7430000000003929, 0, 5236.7799999999997453, -10.356149731578351947, 5236.7799999999997453, 41.706235971427325637, 5236.7799999999997453, 313.00445413211127743, 5236.7430000000003929, 0, 5236.7799999999997453, -67.748206140611188175, 5236.7799999999997453, -110.72511014818630315, 5236.7799999999997453, 74.429608296130936651, 5236.7430000000003929, 1, 5236.7799999999997453, -17.684802064440631852, 5236.7799999999997453, 26.299794902817573927
5236.7889999999997599, 63.316402163827021354, 5236.7479999999995925, 1, 5236.7889999999997599, 4.8750464913641540221, 5236.7889999999997599, 13.382693480796088892, 5236.7889999999997599, 241.8393761496789125, 5236.7479999999995925, 0, 5236.7889999999997599, 36.79298986905409663, 5236.7889999999997599, -54.751207999418980421, 5236.7889999999997599, 193.62649744537529273, 5236.7479999999995925, 0, 5236.7889999999997599, -49.941455429940219801, 5236.7889999999997599, -20.679924099239187285, 5236.7889999999997599, 19.607526639501362098, 5236.7479999999995925, 1, 5236.7889999999997599, -11.069845003124358485, 5236.7889999999997599, 11.280671660211364582
5236.7889999999997599, 19.61403989546490223, 5236.7529999999997017, 1, 5236.7889999999997599, 11.245164028826231117, 5236.7889999999997599, 6.9802982770114923028, 5236.7889999999997599, 125.3740911972289922, 5236.7529999999997017, 0, 5236.7889999999997599, 21.330248493954638178, 5236.7889999999997599, -7.9962751924865358433, 5236.7889999999997599, 110.17690579863874234, 5236.7529999999997017, 0, 5236.7889999999997599, -24.304767967314926835, 5236.7889999999997599, 4.3583789957001641824, 5236.7889999999997599, 24.460445294158994045, 5236.7529999999997017, 1, 5236.7889999999997599, -7.9861928975847789047, 5236.7889999999997599, 13.226422363634156909
5236.793999999999869, 8.9685239793913797968, 5236.7579999999998108, 1, 5236.793999999999869, 6.0745869197171167286, 5236.793999999999869, 4.931912003393016164, 5236.793999999999869, 68.479405266700666743, 5236.7579999999998108, 0, 5236.793999999999869, 10.575421328697787615, 5236.793999999999869, 0.55837094615299065481, 5236.793999999999869, 80.08739153189439719, 5236.7579999999998108, 0, 5236.793999999999869, -13.469331470200302192, 5236.793999999999869, 1.6567088515242680558, 5236.793999999999869, 32.521698888667501137, 5236.7579999999998108, 1, 5236.793999999999869, -0.33434380763065929543, 5236.793999999999869, 16.826290470104783736
5236.7989999999999782, 6.6013579337101653266, 5236.76299999999992, 1, 5236.7989999999999782, 4.5132725211933184539, 5236.7989999999999782, 3.5379917579839936792, 5236.7989999999999782, 37.8206954773901316, 5236.76299999999992, 0, 5236.7989999999999782, 4.2224556449220118637, 5236.7989999999999782, 8.9245819961333765491, 5236.7989999999999782, 58.189997172414791748, 5236.76299999999992, 0, 5236.7989999999999782, -6.6026855676633111614, 5236.7989999999999782, 10.293737951340393266, 5236.7989999999999782, 35.549194275682999944, 5236.76299999999992, 1, 5236.7989999999999782, 3.0462580310394087313, 5236.7989999999999782, 26.519398949838212332
5236.8090000000001965, 7.9127781613058054688, 5236.7680000000000291, 1, 5236.8090000000001965, 5.2472279621267086114, 5236.8090000000001965, 2.9332770527660283477, 5236.8090000000001965, 25.60762170779329594, 5236.7680000000000291, 0, 5236.8090000000001965, 0.6895264593594098157, 5236.8090000000001965, 5.3081377553047204287, 5236.8090000000001965, 45.221357279726760225, 5236.7680000000000291, 0, 5236.8090000000001965, -2.3994394082841208338, 5236.8090000000001965, 7.4334701954377315758, 5236.8090000000001965, 42.083955313844015222, 5236.7680000000000291, 1, 5236.8090000000001965, 5.3318426336939035437, 5236.8090000000001965, 24.818205549593017167
5236.8130000000001019, 11.508355452348670411, 5236.7730000000001382, 1, 5236.8130000000001019, 7.4988895407187321496, 5236.8130000000001019, 3.1816381745073241127, 5236.8130000000001019, 22.259441848227439209, 5236.7730000000001382, 0, 5236.8130000000001019, -1.3897354453521104656, 5236.8130000000001019, 1.4930039301839368449, 5236.8130000000001019, 34.840089127662110968, 5236.7730000000001382, 0, 5236.8130000000001019, 0.10095016279848068042, 5236.8130000000001019, 5.8081963361407797919, 5236.8130000000001019, 46.009114973579940511, 5236.7730000000001382, 1, 5236.8130000000001019, 6.1976571270838007877, 5236.8130000000001019, 24.725840304457396002
5236.8190000000004147, 15.546304199533466317, 5236.7790000000004511, 1, 5236.8190000000004147, 9.7658422571498189058, 5236.8190000000004147, 3.5899124657648275871, 5236.8190000000004147, 24.666867821306091457, 5236.7790000000004511, 1, 5236.8190000000004147, -2.3423571587269096383, 5236.8190000000004147, -1.8584168705649624087, 5236.8190000000004147, 29.551108766780288306, 5236.7790000000004511, 1, 5236.8190000000004147, 0.88551219534950997847, 5236.8190000000004147, 4.8106794650615860576, 5236.8190000000004147, 48.808511775642443808, 5236.7790000000004511, 1, 5236.8190000000004147, 6.3666225828825648847, 5236.8190000000004147, 24.724005550629058803
5236.8190000000004147, 22.547166271859367725, 5236.7830000000003565, 1, 5236.8190000000004147, 7.7732236535201142402, 5236.8190000000004147, 4.4148368736452416883, 5236.8190000000004147, 29.658227429538030151, 5236.7830000000003565, 1, 5236.8190000000004147, -2.6690676954177217084, 5236.8190000000004147, -5.173961240439913567, 5236.8190000000004147, 26.170722357239156963, 5236.7830000000003565, 1, 5236.8190000000004147, 1.1486389663360729863, 5236.8190000000004147, 4.0185219596562067323, 5236.8190000000004147, 50.662797928248593848, 5236.7830000000003565, 1, 5236.8190000000004147, 6.2149597631060933267, 5236.8190000000004147, 24.654400510130223267
5236.8289999999997235, 31.781140999161092253, 5236.7879999999995562, 1, 5236.8289999999997235, 5.8180166070036722914, 5236.8289999999997235, 6.9216246240360472797, 5236.8289999999997235, 34.107533869313101604, 5236.7879999999995562, 1, 5236.8289999999997235, -2.1712339262298203657, 5236.8289999999997235, -7.0562939758688951741, 5236.8289999999997235, 24.045526863051904343, 5236.7879999999995562, 1, 5236.8289999999997235, 1.7503558097532114779, 5236.8289999999997235, 3.576983765223113565, 5236.8289999999997235, 51.291440799269274464, 5236.7879999999995562, 1, 5236.8289999999997235, 6.5876523994966609266, 5236.8289999999997235, 27.24741464510485045
5236.8289999999997235, 38.468376333245309695, 5236.7929999999996653, 1, 5236.8289999999997235, 4.5069556945540467652, 5236.8289999999997235, 7.6229604703441147251, 5236.8289999999997235, 39.483502212803330167, 5236.7929999999996653, 1, 5236.8289999999997235, -1.3129363819948873804, 5236.8289999999997235, -9.3335456267181395873, 5236.8289999999997235, 24.332702613128915914, 5236.7929999999996653, 1, 5236.8289999999997235, 1.7751391908960438837, 5236.8289999999997235, 2.5730138952444132627, 5236.8289999999997235, 51.216437458894731094, 5236.7929999999996653, 1, 5236.8289999999997235, 6.407218867934433959, 5236.8289999999997235, 26.776195511097164115
5236.8339999999998327, 44.611493496733224617, 5236.7989999999999782, 1, 5236.8339999999998327, 2.1882675216796529938, 5236.8339999999998327, 5.4291571225964947445, 5236.8339999999998327, 43.213779180923651779, 5236.7989999999999782, 1, 5236.8339999999998327, -0.38010750855526698189, 5236.8339999999998327, -14.013233173797575049, 5236.8339999999998327, 25.142665763861117512, 5236.7989999999999782, 1, 5236.8339999999998327, 1.6173107433849749359, 5236.8339999999998327, -0.49536541281880275278, 5236.8339999999998327, 54.29788234195007135, 5236.7989999999999782, 1, 5236.8339999999998327, 7.3815121599491959614, 5236.8339999999998327, 19.476479281623706896
5236.8440000000000509, 48.998113061487821085, 5236.8029999999998836, 1, 5236.8440000000000509, 1.1969526024870638103, 5236.8440000000000509, 5.3225063820428850647, 5236.8440000000000509, 46.763701182255957178, 5236.8029999999998836, 1, 5236.8440000000000509, 0.34704065497316743949, 5236.8440000000000509, -16.077455661767938722, 5236.8440000000000509, 25.49294442222635837, 5236.8029999999998836, 1, 5236.8440000000000509, 1.4857141472955361916, 5236.8440000000000509, -1.5820469509005263831, 5236.8440000000000509, 53.589351551559950337, 5236.8029999999998836, 1, 5236.8440000000000509, 6.9849490211498768133, 5236.8440000000000509, 18.90388055752383778
5236.8440000000000509, 52.198540438165238697, 5236.8090000000001965, 1, 5236.8440000000000509, 0.45697690668315438245, 5236.8440000000000509, 5.0527328535235547236, 5236.8440000000000509, 49.785496564101080708, 5236.8090000000001965, 1, 5236.8440000000000509, 1.0021237366869457652, 5236.8440000000000509, -17.88906807738699456, 5236.8440000000000509, 26.111744564641135469, 5236.8090000000001965, 1, 5236.8440000000000509, 1.2817097435795230531, 5236.8440000000000509, -2.6571359441294557513, 5236.8440000000000509, 52.654041247865606579, 5236.8090000000001965, 1, 5236.8440000000000509, 6.5345573257848528215, 5236.8440000000000509, 18.284694579051983254
5236.8490000000001601, 54.31298967792995569, 5236.8130000000001019, 1, 5236.8490000000001601, -0.037008124831415800671, 5236.8490000000001601, 4.6614510618359332739, 5236.8490000000001601, 52.083256952352357416, 5236.8130000000001019, 1, 5236.8490000000001601, 1.5318861611087524199, 5236.8490000000001601, -19.416407796136869734, 5236.8490000000001601, 26.649373216309985679, 5236.8130000000001019, 1, 5236.8490000000001601, 1.0832019248794919619, 5236.8490000000001601, -3.6332071720164460515, 5236.8490000000001601, 51.390271747306869088, 5236.8130000000001019, 1, 5236.8490000000001601, 6.0351760956592803709, 5236.8490000000001601, 17.649803169613665688
5236.8549999999995634, 55.986156318451548941, 5236.818000000000211, 1, 5236.8549999999995634, -0.43458575782215047578, 5236.8549999999995634, 4.2194942283055993926, 5236.8549999999995634, 54.042338198126188331, 5236.818000000000211, 1, 5236.8549999999995634, 1.9757319596998732525, 5236.8549999999995634, -20.797648048805690735, 5236.8549999999995634, 27.12293158733340448, 5236.818000000000211, 1, 5236.8549999999995634, 0.89322001977074827472, 5236.8549999999995634, -4.5293862714260608726, 5236.8549999999995634, 49.951353758038507635, 5236.818000000000211, 1, 5236.8549999999995634, 5.5206857357922567431, 5236.8549999999995634, 17.014681804576618163
5236.8590000000003783, 42.154075145214711995, 5236.8230000000003201, 1, 5236.8590000000003783, 2.2089456543875538586, 5236.8590000000003783, -9.563264298764119431, 5236.8590000000003783, 58.277004192427241946, 5236.8230000000003201, 1, 5236.8590000000003783, 3.2317054164452421183, 5236.8590000000003783, -22.17945700175489776, 5236.8590000000003783, 26.639821905398633817, 5236.8230000000003201, 1, 5236.8590000000003783, 0.88023066328021837279, 5236.8590000000003783, -4.3002334518661697871, 5236.8590000000003783, 29.035551029306802207, 5236.8230000000003201, 1, 5236.8590000000003783, 0.71613201968330486569, 5236.8590000000003783, 3.6270525193080889181
5236.8689999999996871, 66.368768367023889709, 5236.8289999999997235, 1, 5236.8689999999996871, -2.0649799302611291374, 5236.8689999999996871, 40.439348764031080918, 5236.8689999999996871, 59.134385600073194666, 5236.8289999999997235, 1, 5236.8689999999996871, 1.6189231331391829016, 5236.8689999999996871, -20.542904253708325513, 5236.8689999999996871, 35.37064387845734359, 5236.8289999999997235, 1, 5236.8689999999996871, -1.697396942891382654, 5236.8689999999996871, -6.7855735222239061954, 5236.8689999999996871, 57.25347061550844785, 5236.8289999999997235, 1, 5236.8689999999996871, 6.6003735383426516137, 5236.8689999999996871, 35.526076721098512223
5236.8689999999996871, 14.456645495869508977, 5236.8329999999996289, 1, 5236.8689999999996871, -0.12869271088298195327, 5236.8689999999996871, 8.8117404221048882818, 5236.8689999999996871, 55.46403481213167197, 5236.8329999999996289, 1, 5236.8689999999996871, 2.1812705132836738287, 5236.8689999999996871, -23.954754685711652229, 5236.8689999999996871, 53.422807218569197119, 5236.8329999999996289, 1, 5236.8689999999996871, -6.1035893249398078808, 5236.8689999999996871, -15.794475722922967975, 5236.8689999999996871, 13.942746636564464779, 5236.8329999999996289, 1, 5236.8689999999996871, 1.0557908698748921239, 5236.8689999999996871, 8.495914975316594564
5236.8789999999999054, 0, 5236.8379999999997381, 1, 5236.8789999999999054, 0, 5236.8789999999999054, 0, 5236.8789999999999054, 68.10499183273844892, 5236.8379999999997381, 1, 5236.8789999999999054, 5.7866739740812498383, 5236.8789999999999054, -24.297699819604329008, 5236.8789999999999054, 69.88195784726828208, 5236.8379999999997381, 1, 5236.8789999999999054, -7.8283949748672467805, 5236.8789999999999054, -15.778628689141715569, 5236.8789999999999054, 0, 5236.8379999999997381, 1, 5236.8789999999999054, 0, 5236.8789999999999054, 0
5236.8800000000001091, 0, 5236.8429999999998472, 1, 5236.8800000000001091, 0, 5236.8800000000001091, 0, 5236.8800000000001091, 83.581529017299374118, 5236.8429999999998472, 1, 5236.8800000000001091, 8.7631089461745510505, 5236.8800000000001091, -26.663937757518571203, 5236.8800000000001091, 76.267058356469689784, 5236.8429999999998472, 1, 5236.8800000000001091, -5.9582687105316489706, 5236.8800000000001091, -15.975593059418045527, 5236.8800000000001091, 0, 5236.8429999999998472, 1, 5236.8800000000001091, 0, 5236.8800000000001091, 0
5236.8890000000001237, 0, 5236.8479999999999563, 1, 5236.8890000000001237, 0, 5236.8890000000001237, 0, 5236.8890000000001237, 92.942147916542367625, 5236.8479999999999563, 1, 5236.8890000000001237, 10.880555183537406805, 5236.8890000000001237, -26.363291060815285505, 5236.8890000000001237, 69.897929693442236498, 5236.8479999999999563, 1, 5236.8890000000001237, -6.3348143001331926882, 5236.8890000000001237, -11.89533875553154374, 5236.8890000000001237, 0, 5236.8479999999999563, 1, 5236.8890000000001237, 0, 5236.8890000000001237, 0
5236.8959999999997308, 0, 5236.8530000000000655, 1, 5236.8959999999997308, 0, 5236.8959999999997308, 0, 5236.8959999999997308, 103.57601688572722765, 5236.8530000000000655, 1, 5236.8959999999997308, 13.2988452874207983, 5236.8959999999997308, -28.108350101095886941, 5236.8959999999997308, 75.877677506326449475, 5236.8530000000000655, 1, 5236.8959999999997308, -3.0318012410761614461, 5236.8959999999997308, -12.305646989969169169, 5236.8959999999997308, 0, 5236.8530000000000655, 1, 5236.8959999999997308, 0, 5236.8959999999997308, 0
5236.8959999999997308, 0, 5236.8580000000001746, 0, 5236.8959999999997308, 0, 5236.8959999999997308, 0, 5236.8959999999997308, 110.16767823809041715, 5236.8580000000001746, 1, 5236.8959999999997308, 14.915467194106204474, 5236.8959999999997308, -27.163130725461265058, 5236.8959999999997308, 68.192925725267585335, 5236.8580000000001746, 1, 5236.8959999999997308, -3.1913984044378760352, 5236.8959999999997308, -7.8082641578688978257, 5236.8959999999997308, 0, 5236.8580000000001746, 0, 5236.8959999999997308, 0, 5236.8959999999997308, 0
5236.899000000000342, 0, 5236.8630000000002838, 0, 5236.899000000000342, 0, 5236.899000000000342, 0, 5236.899000000000342, 117.3730906031879897, 5236.8630000000002838, 1, 5236.899000000000342, 16.530103866179540972, 5236.899000000000342, -28.027653892026599181, 5236.899000000000342, 71.82989210564107907, 5236.8630000000002838, 1, 5236.899000000000342, 0.38494940423426848852, 5236.899000000000342, -7.5513858368354718209, 5236.899000000000342, 0, 5236.8630000000002838, 0, 5236.899000000000342, 0, 5236.899000000000342, 0
5236.9089999999996508, 0, 5236.8680000000003929, 0, 5236.9089999999996508, 0, 5236.9089999999996508, 0, 5236.9089999999996508, 123.13673362549940293, 5236.8680000000003929, 1, 5236.9089999999996508, 18.081359493528932347, 5236.9089999999996508, -28.686426019749241334, 5236.9089999999996508, 65.487083514880183088, 5236.8680000000003929, 1, 5236.9089999999996508, 0.14555040220736698009, 5236.9089999999996508, -5.1514689005846605596, 5236.9089999999996508, 0, 5236.8680000000003929, 0, 5236.9089999999996508, 0, 5236.9089999999996508, 0
5236.9089999999996508, 0, 5236.8739999999997963, 0, 5236.9089999999996508, 0, 5236.9089999999996508, 0, 5236.9089999999996508, 126.23345590850334474, 5236.8739999999997963, 1, 5236.9089999999996508, 18.446982637725373166, 5236.9089999999996508, -26.107364657254713336, 5236.9089999999996508, 64.191538180232953437, 5236.8739999999997963, 1, 5236.9089999999996508, 3.9148547965551072636, 5236.9089999999996508, -1.2160517956890544156, 5236.9089999999996508, 0, 5236.8739999999997963, 0, 5236.9089999999996508, 0, 5236.9089999999996508, 0
5236.9200000000000728, 0, 5236.8800000000001091, 0, 5236.9200000000000728, 0, 5236.9200000000000728, 0, 5236.9200000000000728, 128.65877462440624868, 5236.8800000000001091, 1, 5236.9200000000000728, 19.094964583078883891, 5236.9200000000000728, -16.623865720882122332, 5236.9200000000000728, 60.771880739187707832, 5236.8800000000001091, 1, 5236.9200000000000728, 3.0688045005452257996, 5236.9200000000000728, 5.1945564600549438694, 5236.9200000000000728, 0, 5236.8800000000001091, 0, 5236.9200000000000728, 0, 5236.9200000000000728, 0
5236.9200000000000728, 0, 5236.8829999999998108, 0, 5236.9200000000000728, 0, 5236.9200000000000728, 0, 5236.9200000000000728, 130.74967228157063914, 5236.8829999999998108, 1, 5236.9200000000000728, 19.387246345543488246, 5236.9200000000000728, -16.531793589911146114, 5236.9200000000000728, 63.298555049304653153, 5236.8829999999998108, 1, 5236.9200000000000728, 4.832498850769426646, 5236.9200000000000728, 5.6479451634314692399, 5236.9200000000000728, 0, 5236.8829999999998108, 0, 5236.9200000000000728, 0, 5236.9200000000000728, 0
5236.9260000000003856, 0, 5236.88799999999992, 0, 5236.9260000000003856, 0, 5236.9260000000003856, 0, 5236.9260000000003856, 131.23540612206139144, 5236.88799999999992, 1, 5236.9260000000003856, 19.382437041093037777, 5236.9260000000003856, -16.135811927507020869, 5236.9260000000003856, 64.121773885033292117, 5236.88799999999992, 1, 5236.9260000000003856, 5.2684835371117531011, 5236.9260000000003856, 6.4390720684817779329, 5236.9260000000003856, 0, 5236.88799999999992, 0, 5236.9260000000003856, 0, 5236.9260000000003856, 0
5236.9340000000001965, 0, 5236.8930000000000291, 0, 5236.9340000000001965, 0, 5236.9340000000001965, 0, 5236.9340000000001965, 132.8753916923766667, 5236.8930000000000291, 1, 5236.9340000000001965, 19.348255325027508889, 5236.9340000000001965, -15.855793674007919947, 5236.9340000000001965, 65.438515644984732944, 5236.8930000000000291, 1, 5236.9340000000001965, 6.9083161048945296301, 5236.9340000000001965, 7.0423376504317438673, 5236.9340000000001965, 0, 5236.8930000000000291, 0, 5236.9340000000001965, 0, 5236.9340000000001965, 0
5236.9340000000001965, 0, 5236.899000000000342, 0, 5236.9340000000001965, 0, 5236.9340000000001965, 0, 5236.9340000000001965, 132.70747810605280392, 5236.899000000000342, 1, 5236.9340000000001965, 19.098783213877549514, 5236.9340000000001965, -14.340492280563772454, 5236.9340000000001965, 59.568125094634865491, 5236.899000000000342, 1, 5236.9340000000001965, 5.5770733877816196511, 5236.9340000000001965, 9.8880292837391046135, 5236.9340000000001965, 0, 5236.899000000000342, 0, 5236.9340000000001965, 0, 5236.9340000000001965, 0
5236.9390000000003056, 0, 5236.9030000000002474, 0, 5236.9390000000003056, 0, 5236.9390000000003056, 0, 5236.9390000000003056, 132.57457205165772507, 5236.9030000000002474, 1, 5236.9390000000003056, 18.801102283956737438, 5236.9390000000003056, -14.743955066054645897, 5236.9390000000003056, 66.558212680711051235, 5236.9030000000002474, 1, 5236.9390000000003056, 7.3965357700656255702, 5236.9390000000003056, 8.7363420895424610535, 5236.9390000000003056, 0, 5236.9030000000002474, 0, 5236.9390000000003056, 0, 5236.9390000000003056, 0
5236.9440000000004147, 0, 5236.9080000000003565, 0, 5236.9440000000004147, 0, 5236.9440000000004147, 0, 5236.9440000000004147, 131.40276893628055177, 5236.9080000000003565, 1, 5236.9440000000004147, 18.253472097070467584, 5236.9440000000004147, -13.579432468370704612, 5236.9440000000004147, 63.10043296326588802, 5236.9080000000003565, 1, 5236.9440000000004147, 5.6083036478041758954, 5236.9440000000004147, 10.70123449502273516, 5236.9440000000004147, 0, 5236.9080000000003565, 0, 5236.9440000000004147, 0, 5236.9440000000004147, 0
5236.9539999999997235, 0, 5236.9139999999997599, 0, 5236.9539999999997235, 0, 5236.9539999999997235, 0, 5236.9539999999997235, 130.68047124384085578, 5236.9139999999997599, 1, 5236.9539999999997235, 19.357108473543565452, 5236.9539999999997235, -14.663389394345792027, 5236.9539999999997235, 70.814726938156596248, 5236.9139999999997599, 1, 5236.9539999999997235, 5.6418972022112203746, 5236.9539999999997235, 7.7782563696237900785, 5236.9539999999997235, 0, 5236.9139999999997599, 0, 5236.9539999999997235, 0, 5236.9539999999997235, 0
5236.9539999999997235, 0, 5236.9179999999996653, 0, 5236.9539999999997235, 0, 5236.9539999999997235, 0, 5236.9539999999997235, 128.40708321556434157, 5236.9179999999996653, 1, 5236.9539999999997235, 18.303373090143104207, 5236.9539999999997235, -13.747379764210094777, 5236.9539999999997235, 68.604775916143267978, 5236.9179999999996653, 1, 5236.9539999999997235, 3.4840988044056899753, 5236.9539999999997235, 9.2159825922687694799, 5236.9539999999997235, 0, 5236.9179999999996653, 0, 5236.9539999999997235, 0, 5236.9539999999997235, 0
5236.9610000000002401, 0, 5236.9229999999997744, 0, 5236.9610000000002401, 0, 5236.9610000000002401, 0, 5236.9610000000002401, 128.73302673581588351, 5236.9229999999997744, 1, 5236.9610000000002401, 17.764814521392445101, 5236.9610000000002401, -13.519729078474178152, 5236.9610000000002401, 71.059666651835911466, 5236.9229999999997744, 1, 5236.9610000000002401, 4.2274817567385767347, 5236.9610000000002401, 9.3897612610791796328, 5236.9610000000002401, 0, 5236.9229999999997744, 0, 5236.9610000000002401, 0, 5236.9610000000002401, 0
5236.9729999999999563, 0, 5236.9279999999998836, 0, 5236.9729999999999563, 0, 5236.9729999999999563, 0, 5236.9729999999999563, 126.83396621585816888, 5236.9279999999998836, 1, 5236.9729999999999563, 16.790055699797672872, 5236.9729999999999563, -13.695716612146938473, 5236.9729999999999563, 76.443508378991026575, 5236.9279999999998836, 1, 5236.9729999999999563, 4.4100964874076824529, 5236.9729999999999563, 8.3620424895775897767, 5236.9729999999999563, 0, 5236.9279999999998836, 0, 5236.9729999999999563, 0, 5236.9729999999999563, 0
5236.9729999999999563, 0, 5236.9329999999999927, 0, 5236.9729999999999563, 0, 5236.9729999999999563, 0, 5236.9729999999999563, 125.44752747524945846, 5236.9329999999999927, 1, 5236.9729999999999563, 16.010018850778799049, 5236.9729999999999563, -12.846811253300920441, 5236.9729999999999563, 74.323395131054553531, 5236.9329999999999927, 1, 5236.9729999999999563, 2.4648476716305562917, 5236.9729999999999563, 9.7394820152585097617, 5236.9729999999999563, 0, 5236.9329999999999927, 0, 5236.9729999999999563, 0, 5236.9729999999999563, 0
5236.9750000000003638, 0, 5236.9380000000001019, 0, 5236.9750000000003638, 0, 5236.9750000000003638, 0, 5236.9750000000003638, 123.54184383486546039, 5236.9380000000001019, 1, 5236.9750000000003638, 15.010665432838360189, 5236.9750000000003638, -13.701027936787767203, 5236.9750000000003638, 82.993368318375331683, 5236.9380000000001019, 1, 5236.9750000000003638, 3.0592119664385482025, 5236.9750000000003638, 7.3340574373937528208, 5236.9750000000003638, 0, 5236.9380000000001019, 0, 5236.9750000000003638, 0, 5236.9750000000003638, 0
5236.9849999999996726, 0, 5236.9440000000004147, 0, 5236.9849999999996726, 0, 5236.9849999999996726, 0, 5236.9849999999996726, 123.59916047029494734, 5236.9440000000004147, 1, 5236.9849999999996726, 14.277250357325943497, 5236.9849999999996726, -12.401667681368166996, 5236.9849999999996726, 76.929891534910566975, 5236.9440000000004147, 1, 5236.9849999999996726, 1.7996680748099680436, 5236.9849999999996726, 10.110069960897604346, 5236.9849999999996726, 0, 5236.9440000000004147, 0, 5236.9849999999996726, 0, 5236.9849999999996726, 0
5236.9899999999997817, 0, 5236.9489999999996144, 0, 5236.9899999999997817, 0, 5236.9899999999997817, 0, 5236.9899999999997817, 122.20815917284448915, 5236.9489999999996144, 1, 5236.9899999999997817, 13.936031350423766284, 5236.9899999999997817, -7.3304924973458156501, 5236.9899999999997817, 83.857458370484039278, 5236.9489999999996144, 1, 5236.9899999999997817, 2.1765839334523007231, 5236.9899999999997817, 11.585439354074388518, 5236.9899999999997817, 0, 5236.9489999999996144, 0, 5236.9899999999997817, 0, 5236.9899999999997817, 0
5236.9899999999997817, 0, 5236.9539999999997235, 0, 5236.9899999999997817, 0, 5236.9899999999997817, 0, 5236.9899999999997817, 121.13347129529601887, 5236.9539999999997235, 1, 5236.9899999999997817, 13.014341680467852669, 5236.9899999999997817, -6.6500122988790835166, 5236.9899999999997817, 81.577419574098087196, 5236.9539999999997235, 1, 5236.9899999999997817, 0.40635584667892121757, 5236.9899999999997817, 12.782107547094675226, 5236.9899999999997817, 0, 5236.9539999999997235, 0, 5236.9899999999997817, 0, 5236.9899999999997817, 0
5236.9949999999998909, 0, 5236.9579999999996289, 0, 5236.9949999999998909, 0, 5236.9949999999998909, 0, 5236.9949999999998909, 120.66853402441054754, 5236.9579999999996289, 1, 5236.9949999999998909, 10.726869932751796455, 5236.9949999999998909, -1.2330255413377315676, 5236.9949999999998909, 89.893190390769248665, 5236.9579999999996289, 1, 5236.9949999999998909, 3.1639559068688298815, 5236.9949999999998909, 16.910213714866422663, 5236.9949999999998909, 0, 5236.9579999999996289, 0, 5236.9949999999998909, 0, 5236.9949999999998909, 0
5237.0039999999999054, 0, 5236.9629999999997381, 0, 5237.0039999999999054, 0, 5237.0039999999999054, 0, 5237.0039999999999054, 119.0520771115323555, 5236.9629999999997381, 1, 5237.0039999999999054, 9.3913623736957845267, 5237.0039999999999054, 2.8624552130468785549, 5237.0039999999999054, 80.834223209298158963, 5236.9629999999997381, 1, 5237.0039999999999054, 2.3423527899407465824, 5237.0039999999999054, 21.611605523294468156, 5237.0039999999999054, 0, 5236.9629999999997381, 0, 5237.0039999999999054, 0, 5237.0039999999999054, 0
5237.0100000000002183, 0, 5236.9700000000002547, 0, 5237.0100000000002183, 0, 5237.0100000000002183, 0, 5237.0100000000002183, 117.29604072178014462, 5236.9700000000002547, 1, 5237.0100000000002183, 9.1386769872400783754, 5237.0100000000002183, 1.8408443026876071258, 5237.0100000000002183, 87.272992735691275357, 5236.9700000000002547, 1, 5237.0100000000002183, 3.4772375824676662326, 5237.0100000000002183, 20.485730651980482264, 5237.0100000000002183, 0, 5236.9700000000002547, 0, 5237.0100000000002183, 0, 5237.0100000000002183, 0
5237.0150000000003274, 0, 5236.9729999999999563, 0, 5237.0150000000003274, 0, 5237.0150000000003274, 0, 5237.0150000000003274, 115.93536474220270804, 5236.9729999999999563, 1, 5237.0150000000003274, 7.3822198371945457751, 5237.0150000000003274, 2.1289608878283274862, 5237.0150000000003274, 85.143383811322507881, 5236.9729999999999563, 1, 5237.0150000000003274, 0.88828017516152191213, 5237.0150000000003274, 21.134781882570187861, 5237.0150000000003274, 0, 5236.9729999999999563, 0, 5237.0150000000003274, 0, 5237.0150000000003274, 0
5237.0150000000003274, 0, 5236.9780000000000655, 0, 5237.0150000000003274, 0, 5237.0150000000003274, 0, 5237.0150000000003274, 115.65812629727716399, 5236.9780000000000655, 1, 5237.0150000000003274, 7.4109495657014949899, 5237.0150000000003274, 1.4564454225946263932, 5237.0150000000003274, 91.517327497706617123, 5236.9780000000000655, 1, 5237.0150000000003274, 3.4345285968174867897, 5237.0150000000003274, 19.959678779365120249, 5237.0150000000003274, 0, 5236.9780000000000655, 0, 5237.0150000000003274, 0, 5237.0150000000003274, 0
5237.0200000000004366, 0, 5236.9840000000003783, 0, 5237.0200000000004366, 0, 5237.0200000000004366, 0, 5237.0200000000004366, 113.30313176116391105, 5236.9840000000003783, 1, 5237.0200000000004366, 6.6182160556667621876, 5237.0200000000004366, 7.0492296456402101512, 5237.0200000000004366, 87.127711629048206987, 5236.9840000000003783, 1, 5237.0200000000004366, -0.078007125533283858121, 5237.0200000000004366, 25.207859397622897291, 5237.0200000000004366, 0, 5236.9840000000003783, 0, 5237.0200000000004366, 0, 5237.0200000000004366, 0
5237.0249999999996362, 0, 5236.9880000000002838, 0, 5237.0249999999996362, 0, 5237.0249999999996362, 0, 5237.0249999999996362, 111.55185702703147399, 5236.9880000000002838, 1, 5237.0249999999996362, 7.4353508395596108471, 5237.0249999999996362, 6.4403739799210057981, 5237.0249999999996362, 92.343907788991174357, 5236.9880000000002838, 1, 5237.0249999999996362, 3.1668580375790460479, 5237.0249999999996362, 24.487090500931216752, 5237.0249999999996362, 0, 5236.9880000000002838, 0, 5237.0249999999996362, 0, 5237.0249999999996362, 0
5237.0299999999997453, 0, 5236.9930000000003929, 0, 5237.0299999999997453, 0, 5237.0299999999997453, 0, 5237.0299999999997453, 112.51161474153650488, 5236.9930000000003929, 1, 5237.0299999999997453, 6.2553484060880144568, 5237.0299999999997453, -0.47354077947316142172, 5237.0299999999997453, 92.435221812197539748, 5236.9930000000003929, 1, 5237.0299999999997453, -3.1319535846057204864, 5237.0299999999997453, 16.227517422575118644, 5237.0299999999997453, 0, 5236.9930000000003929, 0, 5237.0299999999997453, 0, 5237.0299999999997453, 0
5237.0349999999998545, 0, 5236.9979999999995925, 0, 5237.0349999999998545, 0, 5237.0349999999998545, 0, 5237.0349999999998545, 109.46738388726897995, 5236.9979999999995925, 1, 5237.0349999999998545, 8.3949778183986634161, 5237.0349999999998545, -0.92555609427322593774, 5237.0349999999998545, 94.874427370132877968, 5236.9979999999995925, 1, 5237.0349999999998545, -0.62929464879699170687, 5237.0349999999998545, 15.544254462373743308, 5237.0349999999998545, 0, 5236.9979999999995925, 0, 5237.0349999999998545, 0, 5237.0349999999998545, 0
5237.0389999999997599, 0, 5237.0029999999997017, 0, 5237.0389999999997599, 0, 5237.0389999999997599, 0, 5237.0389999999997599, 110.08405295297916382, 5237.0029999999997017, 1, 5237.0389999999997599, 5.4020775663946283274, 5237.0389999999997599, -1.2233554537798312367, 5237.0389999999997599, 95.426232112605148927, 5237.0029999999997017, 1, 5237.0389999999997599, -3.2207808214455804219, 5237.0389999999997599, 15.421165812910437865, 5237.0389999999997599, 0, 5237.0029999999997017, 0, 5237.0389999999997599, 0, 5237.0389999999997599, 0
5237.0450000000000728, 0, 5237.0079999999998108, 0, 5237.0450000000000728, 0, 5237.0450000000000728, 0, 5237.0450000000000728, 107.29339750846602897, 5237.0079999999998108, 1, 5237.0450000000000728, 6.3706929368199896047, 5237.0450000000000728, -1.9311095036636842792, 5237.0450000000000728, 98.190361992852245976, 5237.0079999999998108, 1, 5237.0450000000000728, -2.0305934397024847371, 5237.0450000000000728, 14.417585408184599771, 5237.0450000000000728, 0, 5237.0079999999998108, 0, 5237.0450000000000728, 0, 5237.0450000000000728, 0
5237.0489999999999782, 0, 5237.01299999999992, 0, 5237.0489999999999782, 0, 5237.0489999999999782, 0, 5237.0489999999999782, 107.4920374563224641, 5237.01299999999992, 1, 5237.0489999999999782, 4.5604429991145991607, 5237.0489999999999782, -2.4397552140742035931, 5237.0489999999999782, 99.213302635267893947, 5237.01299999999992, 1, 5237.0489999999999782, -3.510477960545983489, 5237.0489999999999782, 14.015629390124189513, 5237.0489999999999782, 0, 5237.01299999999992, 0, 5237.0489999999999782, 0, 5237.0489999999999782, 0
5237.0540000000000873, 0, 5237.0190000000002328, 0, 5237.0540000000000873, 0, 5237.0540000000000873, 0, 5237.0540000000000873, 105.29706812762955792, 5237.0190000000002328, 1, 5237.0540000000000873, 4.3753417493435033947, 5237.0540000000000873, -3.3402399341632360574, 5237.0540000000000873, 101.78623391317829316, 5237.0190000000002328, 1, 5237.0540000000000873, -3.6448713613806247302, 5237.0540000000000873, 12.850037955293664993, 5237.0540000000000873, 0, 5237.0190000000002328, 0, 5237.0540000000000873, 0, 5237.0540000000000873, 0
5237.0590000000001965, 0, 5237.0230000000001382, 0, 5237.0590000000001965, 0, 5237.0590000000001965, 0, 5237.0590000000001965, 104.16431499497431901, 5237.0230000000001382, 1, 5237.0590000000001965, 3.3047902230763215314, 5237.0590000000001965, -4.2279029256767302059, 5237.0590000000001965, 103.40607000115393532, 5237.0230000000001382, 1, 5237.0590000000001965, -4.2996795215635792431, 5237.0590000000001965, 11.882652525650811981, 5237.0590000000001965, 0, 5237.0230000000001382, 0, 5237.0590000000001965, 0, 5237.0590000000001965, 0
5237.0640000000003056, 0, 5237.0280000000002474, 0, 5237.0640000000003056, 0, 5237.0640000000003056, 0, 5237.0640000000003056, 102.50049568062527783, 5237.0280000000002474, 1, 5237.0640000000003056, 0.46230429903707398465, 5237.0640000000003056, 8.8364643568084630942, 5237.0640000000003056, 101.77255041560604809, 5237.0280000000002474, 1, 5237.0640000000003056, -1.4763128733911299317, 5237.0640000000003056, 28.24075082314699614, 5237.0640000000003056, 0, 5237.0280000000002474, 0, 5237.0640000000003056, 0, 5237.0640000000003056, 0
5237.0690000000004147, 0, 5237.0339999999996508, 0, 5237.0690000000004147, 0, 5237.0690000000004147, 0, 5237.0690000000004147, 101.07187741836895611, 5237.0339999999996508, 1, 5237.0690000000004147, 2.4856370420316959979, 5237.0690000000004147, 0.67431736214611959213, 5237.0690000000004147, 105.26702027698614472, 5237.0339999999996508, 1, 5237.0690000000004147, -4.9614525333040262467, 5237.0690000000004147, 15.855193173233246284, 5237.0690000000004147, 0, 5237.0339999999996508, 0, 5237.0690000000004147, 0, 5237.0690000000004147, 0
5237.0739999999996144, 318.79804336757700867, 5237.0379999999995562, 0, 5237.0739999999996144, -43.220642260809938762, 5237.0739999999996144, -211.92950454480867961, 5237.0739999999996144, 100.63275049808180484, 5237.0379999999995562, 1, 5237.0739999999996144, 0.81308518324482514927, 5237.0739999999996144, -0.67610987240662012709, 5237.0739999999996144, 107.42972485398182414, 5237.0379999999995562, 1, 5237.0739999999996144, -5.5595635457151715286, 5237.0739999999996144, 14.610636109571572661, 5237.0739999999996144, 0, 5237.0379999999995562, 0, 5237.0739999999996144, 0, 5237.0739999999996144, 0
5237.0789999999997235, 382.61937640841853181, 5237.0429999999996653, 0, 5237.0789999999997235, -102.79766124190508947, 5237.0789999999997235, -256.30049551115240547, 5237.0789999999997235, 71.063027578626062564, 5237.0429999999996653, 1, 5237.0789999999997235, -22.323843696856922492, 5237.0789999999997235, -3.2490601780639352114, 5237.0789999999997235, 92.817230742801029919, 5237.0429999999996653, 1, 5237.0789999999997235, -12.239653813320201081, 5237.0789999999997235, 12.558421772143042006, 5237.0789999999997235, 0, 5237.0429999999996653, 0, 5237.0789999999997235, 0, 5237.0789999999997235, 0
5237.0839999999998327, 374.74818604818210588, 5237.0479999999997744, 0, 5237.0839999999998327, -112.55515790230893458, 5237.0839999999998327, -221.30464251775381967, 5237.0839999999998327, 28.813282726695952363, 5237.0479999999997744, 1, 5237.0839999999998327, -20.416401130943054198, 5237.0839999999998327, -5.3503488120064695011, 5237.0839999999998327, 81.580233854953533523, 5237.0479999999997744, 1, 5237.0839999999998327, -15.008990615777381805, 5237.0839999999998327, 9.6383930730499187689, 5237.0839999999998327, 0, 5237.0479999999997744, 0, 5237.0839999999998327, 0, 5237.0839999999998327, 0
5237.0889999999999418, 372.24201647633424272, 5237.0529999999998836, 0, 5237.0889999999999418, -120.87426308952393583, 5237.0889999999999418, -211.48215966136024235, 5237.0889999999999418, 10.565438918133381208, 5237.0529999999998836, 1, 5237.0889999999999418, -7.7054944327783756464, 5237.0889999999999418, -6.0619450467491251544, 5237.0889999999999418, 71.973495610485912266, 5237.0529999999998836, 1, 5237.0889999999999418, -19.817027583301204174, 5237.0889999999999418, 6.3820682339693846075, 5237.0889999999999418, 0, 5237.0529999999998836, 0, 5237.0889999999999418, 0, 5237.0889999999999418, 0
5237.0940000000000509, 368.78730145584643196, 5237.0579999999999927, 0, 5237.0940000000000509, -127.90302522174454225, 5237.0940000000000509, -206.4449821440180699, 5237.0940000000000509, 0.80056294236061453784, 5237.0579999999999927, 1, 5237.0940000000000509, -0.59205115857596846141, 5237.0940000000000509, -0.61681667684836161136, 5237.0940000000000509, 63.955834431645079974, 5237.0579999999999927, 1, 5237.0940000000000509, -27.40809218451982332, 5237.0940000000000509, 3.3091534137474951649, 5237.0940000000000509, 0, 5237.0579999999999927, 0, 5237.0940000000000509, 0, 5237.0940000000000509, 0
5237.0990000000001601, 347.53375281856705215, 5237.0630000000001019, 0, 5237.0990000000001601, -129.2229050482640389, 5237.0990000000001601, -180.11370728726927837, 5237.0990000000001601, 0, 5237.0630000000001019, 1, 5237.0990000000001601, 0, 5237.0990000000001601, 0, 5237.0990000000001601, 68.134419774670845982, 5237.0630000000001019, 1, 5237.0990000000001601, -33.469871982133390986, 5237.0990000000001601, -2.5366495787356910796, 5237.0990000000001601, 0, 5237.0630000000001019, 0, 5237.0990000000001601, 0, 5237.0990000000001601, 0
5237.1049999999995634, 226.28690450318418925, 5237.0690000000004147, 0, 5237.1049999999995634, -98.609016771223252817, 5237.1049999999995634, -66.684722824071187119, 5237.1049999999995634, 0, 5237.0690000000004147, 1, 5237.1049999999995634, 0, 5237.1049999999995634, 0, 5237.1049999999995634, 74.191443426094025426, 5237.0690000000004147, 1, 5237.1049999999995634, -33.95548369188131943, 5237.1049999999995634, 2.6900206139549105444, 5237.1049999999995634, 0, 5237.0690000000004147, 0, 5237.1049999999995634, 0, 5237.1049999999995634, 0
5237.1099999999996726, 154.65036900122626662, 5237.0730000000003201, 0, 5237.1099999999996726, -75.886790815183687187, 5237.1099999999996726, -68.909509858879758326, 5237.1099999999996726, 0, 5237.0730000000003201, 1, 5237.1099999999996726, 0, 5237.1099999999996726, 0, 5237.1099999999996726, 67.253106347244610674, 5237.0730000000003201, 1, 5237.1099999999996726, -23.661132750497468891, 5237.1099999999996726, -9.2276036897269371195, 5237.1099999999996726, 0, 5237.0730000000003201, 0, 5237.1099999999996726, 0, 5237.1099999999996726, 0
5237.113999999999578, 19.667272447753450848, 5237.0780000000004293, 0, 5237.113999999999578, -14.503130500055053886, 5237.113999999999578, 13.268570427381023435, 5237.113999999999578, 0, 5237.0780000000004293, 1, 5237.113999999999578, 0, 5237.113999999999578, 0, 5237.113999999999578, 60.166101645168957646, 5237.0780000000004293, 1, 5237.113999999999578, -20.779393718304834948, 5237.113999999999578, -18.777396959415113997, 5237.113999999999578, 0, 5237.0780000000004293, 0, 5237.113999999999578, 0, 5237.113999999999578, 0
5237.1199999999998909, 5.459828706195938075, 5237.0829999999996289, 0, 5237.1199999999998909, -3.9797865604844075982, 5237.1199999999998909, 3.615953483340311081, 5237.1199999999998909, 0, 5237.0829999999996289, 1, 5237.1199999999998909, 0, 5237.1199999999998909, 0, 5237.1199999999998909, 59.97317858497498122, 5237.0829999999996289, 1, 5237.1199999999998909, -13.954447448157322853, 5237.1199999999998909, -24.535178107270308345, 5237.1199999999998909, 0, 5237.0829999999996289, 0, 5237.1199999999998909, 0, 5237.1199999999998909, 0
5237.1239999999997963, 0, 5237.0879999999997381, 0, 5237.1239999999997963, 0, 5237.1239999999997963, 0, 5237.1239999999997963, 0, 5237.0879999999997381, 1, 5237.1239999999997963, 0, 5237.1239999999997963, 0, 5237.1239999999997963, 31.926479809737990934, 5237.0879999999997381, 1, 5237.1239999999997963, -8.7674868305241790978, 5237.1239999999997963, -17.880290411737504996, 5237.1239999999997963, 0, 5237.0879999999997381, 0, 5237.1239999999997963, 0, 5237.1239999999997963, 0
5237.1289999999999054, 0, 5237.0929999999998472, 0, 5237.1289999999999054, 0, 5237.1289999999999054, 0, 5237.1289999999999054, 0, 5237.0929999999998472, 1, 5237.1289999999999054, 0, 5237.1289999999999054, 0, 5237.1289999999999054, 33.341125370965933428, 5237.0929999999998472, 1, 5237.1289999999999054, -7.682644462694305787, 5237.1289999999999054, -18.854752465854399901, 5237.1289999999999054, 0, 5237.0929999999998472, 0, 5237.1289999999999054, 0, 5237.1289999999999054, 0
5237.1350000000002183, 0, 5237.0979999999999563, 0, 5237.1350000000002183, 0, 5237.1350000000002183, 0, 5237.1350000000002183, 0, 5237.0979999999999563, 1, 5237.1350000000002183, 0, 5237.1350000000002183, 0, 5237.1350000000002183, 22.962615149460223307, 5237.0979999999999563, 1, 5237.1350000000002183, -6.3372149762643088522, 5237.1350000000002183, -13.142194086098452743, 5237.1350000000002183, 0, 5237.0979999999999563, 0, 5237.1350000000002183, 0, 5237.1350000000002183, 0
5237.1390000000001237, 0, 5237.1030000000000655, 0, 5237.1390000000001237, 0, 5237.1390000000001237, 0, 5237.1390000000001237, 0, 5237.1030000000000655, 1, 5237.1390000000001237, 0, 5237.1390000000001237, 0, 5237.1390000000001237, 22.813690796032009445, 5237.1030000000000655, 1, 5237.1390000000001237, -4.4902477633230652998, 5237.1390000000001237, -13.107866018667204244, 5237.1390000000001237, 54.772303801049169181, 5237.1030000000000655, 0, 5237.1390000000001237, -2.6897175281104033218, 5237.1390000000001237, 0.75142848723129773703
5237.1440000000002328, 0, 5237.1080000000001746, 1, 5237.1440000000002328, 0, 5237.1440000000002328, 0, 5237.1440000000002328, 0, 5237.1080000000001746, 1, 5237.1440000000002328, 0, 5237.1440000000002328, 0, 5237.1440000000002328, 23.742653641074866755, 5237.1080000000001746, 1, 5237.1440000000002328, -6.464709981581759024, 5237.1440000000002328, -13.805810326356606765, 5237.1440000000002328, 12.752394582711927384, 5237.1080000000001746, 1, 5237.1440000000002328, -5.38471237820462445, 5237.1440000000002328, 7.9795607141092839143
5237.149000000000342, 0, 5237.113999999999578, 1, 5237.149000000000342, 0, 5237.149000000000342, 0, 5237.149000000000342, 0, 5237.113999999999578, 1, 5237.149000000000342, 0, 5237.149000000000342, 0, 5237.149000000000342, 29.789952483850264287, 5237.113999999999578, 1, 5237.149000000000342, -2.547157466175715701, 5237.149000000000342, -17.307018576366360207, 5237.149000000000342, 15.390991769178052451, 5237.113999999999578, 1, 5237.149000000000342, -3.2984209079573250101, 5237.149000000000342, 9.076512741777285953
5237.1599999999998545, 0, 5237.1189999999996871, 1, 5237.1599999999998545, 0, 5237.1599999999998545, 0, 5237.1599999999998545, 0, 5237.1189999999996871, 1, 5237.1599999999998545, 0, 5237.1599999999998545, 0, 5237.1599999999998545, 28.140639117746570008, 5237.1189999999996871, 1, 5237.1599999999998545, -3.8164958370036345947, 5237.1599999999998545, -16.547366498141510505, 5237.1599999999998545, 18.260571181434730903, 5237.1189999999996871, 1, 5237.1599999999998545, -3.8918365129425676052, 5237.1599999999998545, 10.357972695544702901
5237.1649999999999636, 0, 5237.1239999999997963, 1, 5237.1649999999999636, 0, 5237.1649999999999636, 0, 5237.1649999999999636, 0, 5237.1239999999997963, 1, 5237.1649999999999636, 0, 5237.1649999999999636, 0, 5237.1649999999999636, 30.062285135104911404, 5237.1239999999997963, 1, 5237.1649999999999636, 0.20286843720636604793, 5237.1649999999999636, -17.728142712130583902, 5237.1649999999999636, 23.297740411159203688, 5237.1239999999997963, 1, 5237.1649999999999636, -0.39029625067130935268, 5237.1649999999999636, 11.749247152800830207
5237.1700000000000728, 90.699341145280314436, 5237.1289999999999054, 1, 5237.1700000000000728, -47.054768364260816327, 5237.1700000000000728, -2.1481705122901146865, 5237.1700000000000728, 0, 5237.1289999999999054, 1, 5237.1700000000000728, 0, 5237.1700000000000728, 0, 5237.1700000000000728, 27.934864842064353496, 5237.1289999999999054, 1, 5237.1700000000000728, -2.4217801430448719913, 5237.1700000000000728, -16.727273344148063217, 5237.1700000000000728, 30.360534204224833843, 5237.1289999999999054, 1, 5237.1700000000000728, -1.4002839034041443256, 5237.1700000000000728, 12.976550049326021963
5237.1700000000000728, 96.95254940471846794, 5237.1329999999998108, 1, 5237.1700000000000728, -44.520669929424713018, 5237.1700000000000728, -6.1805531321304130188, 5237.1700000000000728, 0, 5237.1329999999998108, 1, 5237.1700000000000728, 0, 5237.1700000000000728, 0, 5237.1700000000000728, 38.474249907598782272, 5237.1329999999998108, 1, 5237.1700000000000728, 2.5818662917658077305, 5237.1700000000000728, -22.10874309549782879, 5237.1700000000000728, 37.519205023848833491, 5237.1329999999998108, 1, 5237.1700000000000728, 5.2159916482399353299, 5237.1700000000000728, 11.168979196007791543
5237.180000000000291, 103.59082026949994315, 5237.13799999999992, 1, 5237.180000000000291, -46.011090433453468052, 5237.180000000000291, -1.6091466089867552114, 5237.180000000000291, 0, 5237.13799999999992, 1, 5237.180000000000291, 0, 5237.180000000000291, 0, 5237.180000000000291, 37.771550979851085117, 5237.13799999999992, 1, 5237.180000000000291, -0.76574306648249024221, 5237.180000000000291, -21.882852500205398627, 5237.180000000000291, 41.239151793115709665, 5237.13799999999992, 1, 5237.180000000000291, 4.7415344795005394118, 5237.180000000000291, 14.000945372572825676
5237.180000000000291, 105.14850893863336978, 5237.1430000000000291, 1, 5237.180000000000291, -43.875139090484971405, 5237.180000000000291, -0.78564534094937243935, 5237.180000000000291, 0, 5237.1430000000000291, 1, 5237.180000000000291, 0, 5237.180000000000291, 0, 5237.180000000000291, 40.557575051464006322, 5237.1430000000000291, 1, 5237.180000000000291, 2.446376336829766629, 5237.180000000000291, -23.852608560497728263, 5237.180000000000291, 44.096779062497240886, 5237.1430000000000291, 1, 5237.180000000000291, 7.8093564575879179657, 5237.180000000000291, 14.92001525648893967
5237.1850000000004002, 106.75995825105644599, 5237.1480000000001382, 1, 5237.1850000000004002, -40.886476201847926859, 5237.1850000000004002, -0.21467147297222055613, 5237.1850000000004002, 127.01215230272092072, 5237.1480000000001382, 1, 5237.1850000000004002, 8.4155855451426475611, 5237.1850000000004002, 3.9524894336379432502, 5237.1850000000004002, 61.245221950585587933, 5237.1480000000001382, 1, 5237.1850000000004002, -3.8271028652345062682, 5237.1850000000004002, -2.2560988794750791442, 5237.1850000000004002, 45.415492811531969153, 5237.1480000000001382, 1, 5237.1850000000004002, 8.2116989201697201395, 5237.1850000000004002, 16.460209533717481634
5237.1899999999995998, 64.763280059302701375, 5237.1530000000002474, 1, 5237.1899999999995998, -21.743614791227308558, 5237.1899999999995998, -7.0594572504539669922, 5237.1899999999995998, 156.23422528615856208, 5237.1530000000002474, 1, 5237.1899999999995998, 22.776339202482358104, 5237.1899999999995998, 96.137950458540444743, 5237.1899999999995998, 176.91629465395871534, 5237.1530000000002474, 1, 5237.1899999999995998, -17.860012713352929836, 5237.1899999999995998, 99.008826480676120241, 5237.1899999999995998, 89.765264171272193039, 5237.1530000000002474, 1, 5237.1899999999995998, 23.061054012049044815, 5237.1899999999995998, -8.005502943223611112
5237.194999999999709, 30.997153447941499849, 5237.1580000000003565, 1, 5237.194999999999709, -18.738096010958269488, 5237.194999999999709, -8.159565900573074515, 5237.194999999999709, 58.355076998043301728, 5237.1580000000003565, 1, 5237.194999999999709, 8.5599619110091573759, 5237.194999999999709, 33.927440283829291445, 5237.194999999999709, 115.82380171312456696, 5237.1580000000003565, 1, 5237.194999999999709, -4.3799784447974383639, 5237.194999999999709, 61.500273115496938203, 5237.194999999999709, 98.325745221797518525, 5237.1580000000003565, 1, 5237.194999999999709, 22.365064137663559052, 5237.194999999999709, -18.38174304870616993
5237.2030000000004293, 34.262333336304855891, 5237.1629999999995562, 1, 5237.2030000000004293, -20.183364189182274373, 5237.2030000000004293, -8.6916039387801298233, 5237.2030000000004293, 0, 5237.1629999999995562, 1, 5237.2030000000004293, 0, 5237.2030000000004293, 0, 5237.2030000000004293, 0, 5237.1629999999995562, 1, 5237.2030000000004293, 0, 5237.2030000000004293, 0, 5237.2030000000004293, 90.471089754994537202, 5237.1629999999995562, 1, 5237.2030000000004293, 22.026060657398893738, 5237.2030000000004293, -14.814524744489894204
5237.2030000000004293, 53.819645140643459058, 5237.168999999999869, 1, 5237.2030000000004293, -17.836061059703535392, 5237.2030000000004293, -9.7731315276603361042, 5237.2030000000004293, 0, 5237.168999999999869, 1, 5237.2030000000004293, 0, 5237.2030000000004293, 0, 5237.2030000000004293, 0, 5237.168999999999869, 1, 5237.2030000000004293, 0, 5237.2030000000004293, 0, 5237.2030000000004293, 84.41623502034052251, 5237.168999999999869, 1, 5237.2030000000004293, 21.200469706640063805, 5237.2030000000004293, -9.3075234603568830494
5237.2089999999998327, 70.112021651535911815, 5237.1729999999997744, 1, 5237.2089999999998327, -19.346664967437018134, 5237.2089999999998327, -10.764874223886778282, 5237.2089999999998327, 0, 5237.1729999999997744, 1, 5237.2089999999998327, 0, 5237.2089999999998327, 0, 5237.2089999999998327, 0, 5237.1729999999997744, 1, 5237.2089999999998327, 0, 5237.2089999999998327, 0, 5237.2089999999998327, 77.509664530109063207, 5237.1729999999997744, 1, 5237.2089999999998327, 21.260239066168907129, 5237.2089999999998327, -3.5627616534087778177
5237.2200000000002547, 81.88390179166276539, 5237.1779999999998836, 1, 5237.2200000000002547, -19.279938801730342135, 5237.2200000000002547, -6.0369198089842583954, 5237.2200000000002547, 0, 5237.1779999999998836, 1, 5237.2200000000002547, 0, 5237.2200000000002547, 0, 5237.2200000000002547, 0, 5237.1779999999998836, 1, 5237.2200000000002547, 0, 5237.2200000000002547, 0, 5237.2200000000002547, 78.1320189903028961, 5237.1779999999998836, 1, 5237.2200000000002547, 20.928394361102949262, 5237.2200000000002547, 3.7021688251135458358
5237.2200000000002547, 90.503458428103300548, 5237.1829999999999927, 1, 5237.2200000000002547, -19.122278032756508281, 5237.2200000000002547, -5.0795241541365641069, 5237.2200000000002547, 0, 5237.1829999999999927, 0, 5237.2200000000002547, 0, 5237.2200000000002547, 0, 5237.2200000000002547, 0, 5237.1829999999999927, 0, 5237.2200000000002547, 0, 5237.2200000000002547, 0, 5237.2200000000002547, 75.361782919049488783, 5237.1829999999999927, 1, 5237.2200000000002547, 20.515302183456395113, 5237.2200000000002547, 7.8064801441345395006
5237.2299999999995634, 96.643924296328066248, 5237.1880000000001019, 1, 5237.2299999999995634, -19.746950429211672429, 5237.2299999999995634, -10.948224317774922554, 5237.2299999999995634, 0, 5237.1880000000001019, 0, 5237.2299999999995634, 0, 5237.2299999999995634, 0, 5237.2299999999995634, 0, 5237.1880000000001019, 0, 5237.2299999999995634, 0, 5237.2299999999995634, 0, 5237.2299999999995634, 82.843977420596033312, 5237.1880000000001019, 1, 5237.2299999999995634, 15.89337274882047879, 5237.2299999999995634, 2.9989546025720201783
5237.2349999999996726, 100.5819392718496772, 5237.193000000000211, 1, 5237.2349999999996726, -17.885576312154952916, 5237.2349999999996726, -9.92864789274059234, 5237.2349999999996726, 0, 5237.193000000000211, 0, 5237.2349999999996726, 0, 5237.2349999999996726, 0, 5237.2349999999996726, 0, 5237.193000000000211, 0, 5237.2349999999996726, 0, 5237.2349999999996726, 0, 5237.2349999999996726, 78.520356006477726396, 5237.193000000000211, 1, 5237.2349999999996726, 17.39377143313070917, 5237.2349999999996726, 7.2292671264446752843
5237.2409999999999854, 104.21258463859558674, 5237.1980000000003201, 1, 5237.2409999999999854, -19.537240885157796555, 5237.2409999999999854, -10.451406773921341653, 5237.2409999999999854, 0, 5237.1980000000003201, 0, 5237.2409999999999854, 0, 5237.2409999999999854, 0, 5237.2409999999999854, 0, 5237.1980000000003201, 0, 5237.2409999999999854, 0, 5237.2409999999999854, 0, 5237.2409999999999854, 85.008517113131105702, 5237.1980000000003201, 1, 5237.2409999999999854, 13.044188929393577325, 5237.2409999999999854, 6.8934097515261356648
5237.2409999999999854, 105.81080617315171821, 5237.2030000000004293, 1, 5237.2409999999999854, -17.009502978644949422, 5237.2409999999999854, -9.3128561784201835394, 5237.2409999999999854, 0, 5237.2030000000004293, 0, 5237.2409999999999854, 0, 5237.2409999999999854, 0, 5237.2409999999999854, 0, 5237.2030000000004293, 0, 5237.2409999999999854, 0, 5237.2409999999999854, 0, 5237.2409999999999854, 80.60121845426131415, 5237.2030000000004293, 1, 5237.2409999999999854, 14.958990400731442705, 5237.2409999999999854, 10.788478327362547304
5237.2449999999998909, 106.87817828764147521, 5237.2079999999996289, 1, 5237.2449999999998909, -18.207078325724182832, 5237.2449999999998909, -10.154609559541590613, 5237.2449999999998909, 0, 5237.2079999999996289, 0, 5237.2449999999998909, 0, 5237.2449999999998909, 0, 5237.2449999999998909, 0, 5237.2079999999996289, 0, 5237.2449999999998909, 0, 5237.2449999999998909, 0, 5237.2449999999998909, 87.283571745826407096, 5237.2079999999996289, 1, 5237.2449999999998909, 12.468592413750876347, 5237.2449999999998909, 10.125354110968970645
5237.2489999999997963, 109.62069091556421085, 5237.2129999999997381, 1, 5237.2489999999997963, -15.756466729325614651, 5237.2489999999997963, -8.8586864647281942098, 5237.2489999999997963, 0, 5237.2129999999997381, 0, 5237.2489999999997963, 0, 5237.2489999999997963, 0, 5237.2489999999997963, 0, 5237.2129999999997381, 0, 5237.2489999999997963, 0, 5237.2489999999997963, 0, 5237.2489999999997963, 85.882169731318569461, 5237.2129999999997381, 1, 5237.2489999999997963, 10.718494276608231175, 5237.2489999999997963, 12.763457335935740389
5237.2560000000003129, 110.76730333073795975, 5237.2179999999998472, 1, 5237.2560000000003129, -15.717843443752425259, 5237.2560000000003129, -8.4910765717470297886, 5237.2560000000003129, 0, 5237.2179999999998472, 0, 5237.2560000000003129, 0, 5237.2560000000003129, 0, 5237.2560000000003129, 0, 5237.2179999999998472, 0, 5237.2560000000003129, 0, 5237.2560000000003129, 0, 5237.2560000000003129, 85.409326763839430896, 5237.2179999999998472, 1, 5237.2560000000003129, 9.6250680137147917037, 5237.2560000000003129, 14.788469984743940699
5237.2659999999996217, 109.79252869123718028, 5237.2229999999999563, 1, 5237.2659999999996217, -17.47752646784511299, 5237.2659999999996217, 5.6924931088820827085, 5237.2659999999996217, 0, 5237.2229999999999563, 0, 5237.2659999999996217, 0, 5237.2659999999996217, 0, 5237.2659999999996217, 0, 5237.2229999999999563, 0, 5237.2659999999996217, 0, 5237.2659999999996217, 0, 5237.2659999999996217, 88.740608475715788472, 5237.2229999999999563, 1, 5237.2659999999996217, 7.8746907035038118394, 5237.2659999999996217, 26.293464087600121104
5237.2709999999997308, 109.9511909927636566, 5237.2280000000000655, 1, 5237.2709999999997308, -14.614809499284886485, 5237.2709999999997308, 6.5514504393385948333, 5237.2709999999997308, 0, 5237.2280000000000655, 0, 5237.2709999999997308, 0, 5237.2709999999997308, 0, 5237.2709999999997308, 0, 5237.2280000000000655, 0, 5237.2709999999997308, 0, 5237.2709999999997308, 0, 5237.2709999999997308, 85.572228206221581104, 5237.2280000000000655, 1, 5237.2709999999997308, 10.157284066200693573, 5237.2709999999997308, 28.587841032805496155
5237.2709999999997308, 109.72968385941840097, 5237.2330000000001746, 1, 5237.2709999999997308, -15.311945184392786956, 5237.2709999999997308, 6.133546991308300278, 5237.2709999999997308, 0, 5237.2330000000001746, 0, 5237.2709999999997308, 0, 5237.2709999999997308, 0, 5237.2709999999997308, 0, 5237.2330000000001746, 0, 5237.2709999999997308, 0, 5237.2709999999997308, 0, 5237.2709999999997308, 91.698579117137271055, 5237.2330000000001746, 1, 5237.2709999999997308, 6.6091916247598314627, 5237.2709999999997308, 28.367034826038285189
5237.2759999999998399, 109.0682723201399682, 5237.238999999999578, 1, 5237.2759999999998399, -12.1234144023335908, 5237.2759999999998399, 6.7485730246633082174, 5237.2759999999998399, 0, 5237.238999999999578, 0, 5237.2759999999998399, 0, 5237.2759999999998399, 0, 5237.2759999999998399, 0, 5237.238999999999578, 0, 5237.2759999999998399, 0, 5237.2759999999998399, 0, 5237.2759999999998399, 89.389832540434980501, 5237.238999999999578, 1, 5237.2759999999998399, 9.1668109799444081887, 5237.2759999999998399, 30.254518109378750523
5237.2809999999999491, 107.84930914582716355, 5237.2430000000003929, 1, 5237.2809999999999491, -12.737678181715068604, 5237.2809999999999491, 5.8933843741284164253, 5237.2809999999999491, 0, 5237.2430000000003929, 0, 5237.2809999999999491, 0, 5237.2809999999999491, 0, 5237.2809999999999491, 0, 5237.2430000000003929, 0, 5237.2809999999999491, 0, 5237.2809999999999491, 0, 5237.2809999999999491, 97.34891697716437875, 5237.2430000000003929, 1, 5237.2809999999999491, 6.0119404249161529918, 5237.2809999999999491, 29.258402348812985849
5237.2910000000001673, 108.03411450484075829, 5237.2479999999995925, 1, 5237.2910000000001673, -9.5743436200520957158, 5237.2910000000001673, 0.10753767149941495518, 5237.2910000000001673, 0, 5237.2479999999995925, 0, 5237.2910000000001673, 0, 5237.2910000000001673, 0, 5237.2910000000001673, 0, 5237.2479999999995925, 0, 5237.2910000000001673, 0, 5237.2910000000001673, 0, 5237.2910000000001673, 97.46934484678170918, 5237.2479999999995925, 1, 5237.2910000000001673, 9.4643866141481023391, 5237.2910000000001673, 22.327773912280598267
5237.2960000000002765, 108.04977411501113238, 5237.2529999999997017, 1, 5237.2960000000002765, -10.695023633938875562, 5237.2960000000002765, -0.76283939761017904857, 5237.2960000000002765, 0, 5237.2529999999997017, 0, 5237.2960000000002765, 0, 5237.2960000000002765, 0, 5237.2960000000002765, 0, 5237.2529999999997017, 0, 5237.2960000000002765, 0, 5237.2960000000002765, 0, 5237.2960000000002765, 103.13788471045849349, 5237.2529999999997017, 1, 5237.2960000000002765, 6.1570612364967693964, 5237.2960000000002765, 20.79209012101353693
5237.3010000000003856, 106.94545894626355675, 5237.2579999999998108, 1, 5237.3010000000003856, -7.2996809430105233929, 5237.3010000000003856, 2.2351604099379329682, 5237.3010000000003856, 0, 5237.2579999999998108, 0, 5237.3010000000003856, 0, 5237.3010000000003856, 0, 5237.3010000000003856, 0, 5237.2579999999998108, 0, 5237.3010000000003856, 0, 5237.3010000000003856, 0, 5237.3010000000003856, 97.869909477654317698, 5237.2579999999998108, 1, 5237.3010000000003856, 8.1491592253553317704, 5237.3010000000003856, 25.592878760941999872
5237.3010000000003856, 105.64340639129866872, 5237.26299999999992, 1, 5237.3010000000003856, -8.1748627242701168427, 5237.3010000000003856, 1.1376195333818870381, 5237.3010000000003856, 0, 5237.26299999999992, 0, 5237.3010000000003856, 0, 5237.3010000000003856, 0, 5237.3010000000003856, 0, 5237.26299999999992, 0, 5237.3010000000003856, 0, 5237.3010000000003856, 0, 5237.3010000000003856, 105.07974861173289582, 5237.26299999999992, 1, 5237.3010000000003856, 5.3287105157370042718, 5237.3010000000003856, 23.63090367665884628
5237.3059999999995853, 104.59241704469596357, 5237.2680000000000291, 1, 5237.3059999999995853, -4.9854939577783650151, 5237.3059999999995853, 1.1429992489825764324, 5237.3059999999995853, 0, 5237.2680000000000291, 0, 5237.3059999999995853, 0, 5237.3059999999995853, 0, 5237.3059999999995853, 0, 5237.2680000000000291, 0, 5237.3059999999995853, 0, 5237.3059999999995853, 0, 5237.3059999999995853, 104.87461880337986031, 5237.2680000000000291, 1, 5237.3059999999995853, 8.2982766170514192794, 5237.3059999999995853, 24.406287918676632387
5237.3109999999996944, 103.50764008845487751, 5237.2730000000001382, 1, 5237.3109999999996944, -5.9034448403157888663, 5237.3109999999996944, 0.11677298343084885346, 5237.3109999999996944, 0, 5237.2730000000001382, 0, 5237.3109999999996944, 0, 5237.3109999999996944, 0, 5237.3109999999996944, 0, 5237.2730000000001382, 0, 5237.3109999999996944, 0, 5237.3109999999996944, 0, 5237.3109999999996944, 111.02788849390290693, 5237.2730000000001382, 1, 5237.3109999999996944, 5.3818327530726115526, 5237.3109999999996944, 22.656217724323227003
5237.3209999999999127, 102.6056378856579272, 5237.2780000000002474, 1, 5237.3209999999999127, -3.8618400974815316751, 5237.3209999999999127, 0.12690773945544009393, 5237.3209999999999127, 0, 5237.2780000000002474, 0, 5237.3209999999999127, 0, 5237.3209999999999127, 0, 5237.3209999999999127, 0, 5237.2780000000002474, 0, 5237.3209999999999127, 0, 5237.3209999999999127, 0, 5237.3209999999999127, 109.18007922758997097, 5237.2780000000002474, 1, 5237.3209999999999127, 8.1781299397341644664, 5237.3209999999999127, 23.927973677589335466
5237.3209999999999127, 103.31590923556015582, 5237.2839999999996508, 1, 5237.3209999999999127, -1.6004301198294639264, 5237.3209999999999127, -0.044527733202237129717, 5237.3209999999999127, 0, 5237.2839999999996508, 0, 5237.3209999999999127, 0, 5237.3209999999999127, 0, 5237.3209999999999127, 0, 5237.2839999999996508, 0, 5237.3209999999999127, 0, 5237.3209999999999127, 0, 5237.3209999999999127, 110.97589167475257454, 5237.2839999999996508, 1, 5237.3209999999999127, 6.709615113798746755, 5237.3209999999999127, 23.570346275705304606
5237.331000000000131, 101.34802362106754003, 5237.2879999999995562, 1, 5237.331000000000131, -1.6629005648893486757, 5237.331000000000131, 14.521979785566408339, 5237.331000000000131, 0, 5237.2879999999995562, 0, 5237.331000000000131, 0, 5237.331000000000131, 0, 5237.331000000000131, 0, 5237.2879999999995562, 0, 5237.331000000000131, 0, 5237.331000000000131, 0, 5237.331000000000131, 107.04239891500867543, 5237.2879999999995562, 1, 5237.331000000000131, 5.4678389412735297626, 5237.331000000000131, 43.367654388642186802
5237.331000000000131, 99.983881635736153726, 5237.2929999999996653, 1, 5237.331000000000131, -3.271618672700396413, 5237.331000000000131, 13.809863532791723628, 5237.331000000000131, 0, 5237.2929999999996653, 0, 5237.331000000000131, 0, 5237.331000000000131, 0, 5237.331000000000131, 0, 5237.2929999999996653, 0, 5237.331000000000131, 0, 5237.331000000000131, 0, 5237.331000000000131, 109.56317642642643762, 5237.2929999999996653, 1, 5237.331000000000131, 2.2419400217774905215, 5237.331000000000131, 43.190832801153973719
5237.3360000000002401, 101.06109436465166596, 5237.2979999999997744, 1, 5237.3360000000002401, 2.5437724083123902652, 5237.3360000000002401, 13.914362661544551258, 5237.3360000000002401, 0, 5237.2979999999997744, 0, 5237.3360000000002401, 0, 5237.3360000000002401, 0, 5237.3360000000002401, 0, 5237.2979999999997744, 0, 5237.3360000000002401, 0, 5237.3360000000002401, 0, 5237.3360000000002401, 106.49228340117707603, 5237.2979999999997744, 1, 5237.3360000000002401, 7.5989209048390868873, 5237.3360000000002401, 43.999743116869517223
5237.3410000000003492, 98.895127159414869311, 5237.3029999999998836, 1, 5237.3410000000003492, -2.6534064944169792888, 5237.3410000000003492, 12.928138800238968997, 5237.3410000000003492, 0, 5237.3029999999998836, 0, 5237.3410000000003492, 0, 5237.3410000000003492, 0, 5237.3410000000003492, 0, 5237.3029999999998836, 0, 5237.3410000000003492, 0, 5237.3410000000003492, 0, 5237.3410000000003492, 111.09226850402096431, 5237.3029999999998836, 1, 5237.3410000000003492, 0.80585993440349834582, 5237.3410000000003492, 43.242984885770120229
5237.3459999999995489, 99.460687297787814032, 5237.3079999999999927, 1, 5237.3459999999995489, 0.95875268207757990968, 5237.3459999999995489, 12.692794477692565636, 5237.3459999999995489, 0, 5237.3079999999999927, 0, 5237.3459999999995489, 0, 5237.3459999999995489, 0, 5237.3459999999995489, 0, 5237.3079999999999927, 0, 5237.3459999999995489, 0, 5237.3459999999995489, 0, 5237.3459999999995489, 107.74225950730487966, 5237.3079999999999927, 1, 5237.3459999999995489, 7.5345485442223036898, 5237.3459999999995489, 43.932231305679785294
5237.350999999999658, 99.06022924815816566, 5237.3140000000003056, 1, 5237.350999999999658, 1.7428437990218366149, 5237.350999999999658, 12.1818782208631049, 5237.350999999999658, 0, 5237.3140000000003056, 0, 5237.350999999999658, 0, 5237.350999999999658, 0, 5237.350999999999658, 0, 5237.3140000000003056, 0, 5237.350999999999658, 0, 5237.350999999999658, 0, 5237.350999999999658, 112.99066371918888763, 5237.3140000000003056, 1, 5237.350999999999658, -0.061764780777360618613, 5237.350999999999658, 42.902540422546849186
5237.3609999999998763, 98.60359774483488593, 5237.318000000000211, 1, 5237.3609999999998763, 2.6031718316758949427, 5237.3609999999998763, 11.65564573863645137, 5237.3609999999998763, 0, 5237.318000000000211, 0, 5237.3609999999998763, 0, 5237.3609999999998763, 0, 5237.3609999999998763, 0, 5237.318000000000211, 0, 5237.3609999999998763, 0, 5237.3609999999998763, 0, 5237.3609999999998763, 110.65288009787344947, 5237.318000000000211, 1, 5237.3609999999998763, 3.8813422310449929853, 5237.3609999999998763, 43.190140459950697505
5237.3609999999998763, 98.667153242132059177, 5237.3230000000003201, 1, 5237.3609999999998763, 3.1942881997792067494, 5237.3609999999998763, 10.952932987229601736, 5237.3609999999998763, 0, 5237.3230000000003201, 0, 5237.3609999999998763, 0, 5237.3609999999998763, 0, 5237.3609999999998763, 0, 5237.3230000000003201, 0, 5237.3609999999998763, 0, 5237.3609999999998763, 0, 5237.3609999999998763, 112.21849288401375588, 5237.3230000000003201, 1, 5237.3609999999998763, 3.7116496879865810143, 5237.3609999999998763, 42.756875575888955154
5237.3659999999999854, 97.72684919343693366, 5237.3280000000004293, 1, 5237.3659999999999854, 5.3485072295354765259, 5237.3659999999999854, 15.948922027331398965, 5237.3659999999999854, 0, 5237.3280000000004293, 0, 5237.3659999999999854, 0, 5237.3659999999999854, 0, 5237.3659999999999854, 0, 5237.3280000000004293, 0, 5237.3659999999999854, 0, 5237.3659999999999854, 0, 5237.3659999999999854, 109.58485750994816499, 5237.3280000000004293, 1, 5237.3659999999999854, 5.4207384864608210151, 5237.3659999999999854, 48.832550816188472709
5237.3710000000000946, 96.366144523968159774, 5237.3329999999996289, 1, 5237.3710000000000946, 2.7406478898051513937, 5237.3710000000000946, 15.393700377274939228, 5237.3710000000000946, 0, 5237.3329999999996289, 0, 5237.3710000000000946, 0, 5237.3710000000000946, 0, 5237.3710000000000946, 0, 5237.3329999999996289, 0, 5237.3710000000000946, 0, 5237.3710000000000946, 0, 5237.3710000000000946, 113.18761683007697627, 5237.3329999999996289, 1, 5237.3710000000000946, 1.9979176713155122336, 5237.3710000000000946, 48.802775548652292059
5237.3760000000002037, 96.570673261876180504, 5237.3379999999997381, 1, 5237.3760000000002037, 5.276906760442788169, 5237.3760000000002037, 14.662389454761651564, 5237.3760000000002037, 0, 5237.3379999999997381, 0, 5237.3760000000002037, 0, 5237.3760000000002037, 0, 5237.3760000000002037, 0, 5237.3379999999997381, 0, 5237.3760000000002037, 0, 5237.3760000000002037, 0, 5237.3760000000002037, 112.96198244519771947, 5237.3379999999997381, 1, 5237.3760000000002037, 4.325410639947540048, 5237.3760000000002037, 48.293552460712888319
5237.3810000000003129, 95.857305270232103567, 5237.3429999999998472, 1, 5237.3810000000003129, 4.5092005298796093982, 5237.3810000000003129, 13.369156121302516738, 5237.3810000000003129, 0, 5237.3429999999998472, 0, 5237.3810000000003129, 0, 5237.3810000000003129, 0, 5237.3810000000003129, 0, 5237.3429999999998472, 0, 5237.3810000000003129, 0, 5237.3810000000003129, 0, 5237.3810000000003129, 115.30336836374196707, 5237.3429999999998472, 1, 5237.3810000000003129, 2.7744639233484975627, 5237.3810000000003129, 47.258728255132545826
5237.386000000000422, 95.221635192658482083, 5237.3490000000001601, 1, 5237.386000000000422, 5.6667740103000481255, 5237.386000000000422, 12.315110814368026126, 5237.386000000000422, 0, 5237.3490000000001601, 0, 5237.386000000000422, 0, 5237.386000000000422, 0, 5237.386000000000422, 0, 5237.3490000000001601, 0, 5237.386000000000422, 0, 5237.386000000000422, 0, 5237.386000000000422, 115.38995106085849329, 5237.3490000000001601, 1, 5237.386000000000422, 3.7696803655774329123, 5237.386000000000422, 46.376427329725366633
5237.3909999999996217, 95.323742532672085304, 5237.3540000000002692, 1, 5237.3909999999996217, 6.1754791009937068935, 5237.3909999999996217, 10.46484457551833458, 5237.3909999999996217, 0, 5237.3540000000002692, 0, 5237.3909999999996217, 0, 5237.3909999999996217, 0, 5237.3909999999996217, 0, 5237.3540000000002692, 0, 5237.3909999999996217, 0, 5237.3909999999996217, 0, 5237.3909999999996217, 120.3824528494889563, 5237.3540000000002692, 1, 5237.3909999999996217, 4.1696480160501474543, 5237.3909999999996217, 44.923836347969370308
5237.3959999999997308, 94.057490306140181247, 5237.3580000000001746, 1, 5237.3959999999997308, 6.7681907522953332901, 5237.3959999999997308, 8.9110030032974236747, 5237.3959999999997308, 0, 5237.3580000000001746, 0, 5237.3959999999997308, 0, 5237.3959999999997308, 0, 5237.3959999999997308, 0, 5237.3580000000001746, 0, 5237.3959999999997308, 0, 5237.3959999999997308, 0, 5237.3959999999997308, 121.06392830820342965, 5237.3580000000001746, 1, 5237.3959999999997308, 4.4341678247524161094, 5237.3959999999997308, 43.432624349162310295
5237.4009999999998399, 93.83103511709609279, 5237.3630000000002838, 1, 5237.4009999999998399, 7.04564225420603929, 5237.4009999999998399, 7.6362766932252625907, 5237.4009999999998399, 0, 5237.3630000000002838, 0, 5237.4009999999998399, 0, 5237.4009999999998399, 0, 5237.4009999999998399, 0, 5237.3630000000002838, 0, 5237.4009999999998399, 0, 5237.4009999999998399, 0, 5237.4009999999998399, 121.80224165065374109, 5237.3630000000002838, 1, 5237.4009999999998399, 4.0486662304353497888, 5237.4009999999998399, 41.96588343479331229
5237.4070000000001528, 93.09140152091859477, 5237.3680000000003929, 1, 5237.4070000000001528, 7.4706054366809908629, 5237.4070000000001528, 11.53804778545852372, 5237.4070000000001528, 0, 5237.3680000000003929, 0, 5237.4070000000001528, 0, 5237.4070000000001528, 0, 5237.4070000000001528, 0, 5237.3680000000003929, 0, 5237.4070000000001528, 0, 5237.4070000000001528, 0, 5237.4070000000001528, 117.75691052496154043, 5237.3680000000003929, 1, 5237.4070000000001528, 3.7114983314856027086, 5237.4070000000001528, 47.589953022961509532
5237.4170000000003711, 93.072388311477197931, 5237.3729999999995925, 1, 5237.4170000000003711, 7.81624497320316447, 5237.4170000000003711, 10.713059903676885654, 5237.4170000000003711, 0, 5237.3729999999995925, 0, 5237.4170000000003711, 0, 5237.4170000000003711, 0, 5237.4170000000003711, 0, 5237.3729999999995925, 0, 5237.4170000000003711, 0, 5237.4170000000003711, 0, 5237.4170000000003711, 117.7631770202171424, 5237.3729999999995925, 1, 5237.4170000000003711, 3.8428592140068174032, 5237.4170000000003711, 47.101645708965342862
5237.4219999999995707, 92.66800886198782905, 5237.3779999999997017, 1, 5237.4219999999995707, 7.8848244892469248057, 5237.4219999999995707, 8.4491964038353728483, 5237.4219999999995707, 0, 5237.3779999999997017, 0, 5237.4219999999995707, 0, 5237.4219999999995707, 0, 5237.4219999999995707, 0, 5237.3779999999997017, 0, 5237.4219999999995707, 0, 5237.4219999999995707, 0, 5237.4219999999995707, 120.95369499174316275, 5237.3779999999997017, 1, 5237.4219999999995707, 3.8973676515444006796, 5237.4219999999995707, 45.088536257855061251
5237.4219999999995707, 94.107465402820622558, 5237.3840000000000146, 1, 5237.4219999999995707, 7.6934317082318273151, 5237.4219999999995707, 7.0293098484233524914, 5237.4219999999995707, 0, 5237.3840000000000146, 0, 5237.4219999999995707, 0, 5237.4219999999995707, 0, 5237.4219999999995707, 0, 5237.3840000000000146, 0, 5237.4219999999995707, 0, 5237.4219999999995707, 0, 5237.4219999999995707, 120.04372649690881758, 5237.3840000000000146, 1, 5237.4219999999995707, 3.215674578814551765, 5237.4219999999995707, 43.376808980302186569
5237.4269999999996799, 93.634837574224789591, 5237.38799999999992, 1, 5237.4269999999996799, 1.2772285930702513834, 5237.4269999999996799, 9.9820934626188488892, 5237.4269999999996799, 0, 5237.38799999999992, 0, 5237.4269999999996799, 0, 5237.4269999999996799, 0, 5237.4269999999996799, 327.50482778475452506, 5237.38799999999992, 0, 5237.4269999999996799, -51.988038429513842686, 5237.4269999999996799, -104.13238400860744548, 5237.4269999999996799, 95.452751786164000691, 5237.38799999999992, 1, 5237.4269999999996799, -9.6194160981172576186, 5237.4269999999996799, 42.532423676250402877
5237.4369999999998981, 82.857497856303567119, 5237.3930000000000291, 1, 5237.4369999999998981, -3.7563408158942643844, 5237.4369999999998981, 22.088619651339627126, 5237.4369999999998981, 255.98222911848137073, 5237.3930000000000291, 0, 5237.4369999999998981, 27.161072669126696155, 5237.4369999999998981, -52.822764806442492613, 5237.4369999999998981, 243.19567458128619819, 5237.3930000000000291, 0, 5237.4369999999998981, -62.379127983664396595, 5237.4369999999998981, -60.972776843586729001, 5237.4369999999998981, 24.753363794710633528, 5237.3930000000000291, 1, 5237.4369999999998981, -17.127073360369429622, 5237.4369999999998981, 21.317396765001440428
5237.4369999999998981, 35.572441886777838249, 5237.3980000000001382, 1, 5237.4369999999998981, 13.961075717402644969, 5237.4369999999998981, 17.146673239588828608, 5237.4369999999998981, 189.39684214926168693, 5237.3980000000001382, 0, 5237.4369999999998981, 34.260606646479381254, 5237.4369999999998981, -25.044085278955932949, 5237.4369999999998981, 124.99139939618098083, 5237.3980000000001382, 0, 5237.4369999999998981, -30.899296042771744908, 5237.4369999999998981, 3.2048925949686619674, 5237.4369999999998981, 7.470792392035747298, 5237.3980000000001382, 1, 5237.4369999999998981, -5.0580536252498404792, 5237.4369999999998981, 6.1740226989644977351
5237.4420000000000073, 10.289053280585076067, 5237.4030000000002474, 1, 5237.4420000000000073, 7.0324611523313427242, 5237.4420000000000073, 6.4806843182349496146, 5237.4420000000000073, 84.976270493724371136, 5237.4030000000002474, 0, 5237.4420000000000073, 12.938819866624394095, 5237.4420000000000073, 14.507741023285674942, 5237.4420000000000073, 79.197447636046490516, 5237.4030000000002474, 0, 5237.4420000000000073, -17.643047529328452327, 5237.4420000000000073, 21.995375581083212779, 5237.4420000000000073, 20.536581807066276895, 5237.4030000000002474, 1, 5237.4420000000000073, -6.5200480640966418378, 5237.4420000000000073, 15.90865188035612654
5237.4520000000002256, 6.3242362809535084267, 5237.4089999999996508, 1, 5237.4520000000002256, 4.4710625750104568965, 5237.4520000000002256, 4.5052520367666009093, 5237.4520000000002256, 46.375330305462810543, 5237.4089999999996508, 0, 5237.4520000000002256, 6.9363308458259442801, 5237.4520000000002256, 18.183259018583839861, 5237.4520000000002256, 66.747076069219559713, 5237.4089999999996508, 0, 5237.4520000000002256, -10.035713847747603111, 5237.4520000000002256, 18.794560376455194728, 5237.4520000000002256, 32.034250545915071484, 5237.4089999999996508, 1, 5237.4520000000002256, 1.4733264901006886127, 5237.4520000000002256, 26.006330381966400012
5237.4520000000002256, 6.7403055608645097152, 5237.4129999999995562, 1, 5237.4520000000002256, 4.5630126505205721443, 5237.4520000000002256, 3.199984212656243443, 5237.4520000000002256, 26.126801670240375586, 5237.4129999999995562, 0, 5237.4520000000002256, 2.1304081357010589137, 5237.4520000000002256, 11.47859273718609785, 5237.4520000000002256, 51.522942801550357217, 5237.4129999999995562, 0, 5237.4520000000002256, -4.5168699719957885463, 5237.4520000000002256, 11.372220215003515875, 5237.4520000000002256, 43.638783036012313232, 5237.4129999999995562, 1, 5237.4520000000002256, 4.848744212113432539, 5237.4520000000002256, 24.514861420064065101
5237.4620000000004438, 9.0469809365323392569, 5237.4179999999996653, 1, 5237.4620000000004438, 5.969816743348989263, 5237.4620000000004438, 3.0578225374175342921, 5237.4620000000004438, 23.311633354514139427, 5237.4179999999996653, 0, 5237.4620000000004438, 0.38826930100868589646, 5237.4620000000004438, 6.966509627377377889, 5237.4620000000004438, 43.625356482942699188, 5237.4179999999996653, 0, 5237.4620000000004438, -2.0094650441304247046, 5237.4620000000004438, 8.6005267837557006771, 5237.4620000000004438, 47.490487342200253806, 5237.4179999999996653, 1, 5237.4620000000004438, 6.1694905720778523417, 5237.4620000000004438, 23.992561992883196353
5237.4669999999996435, 12.920076084359186197, 5237.4229999999997744, 1, 5237.4669999999996435, 8.4157844129615799744, 5237.4669999999996435, 3.5435417184983517558, 5237.4669999999996435, 22.146672458763539737, 5237.4229999999997744, 0, 5237.4669999999996435, -1.1679731120547260925, 5237.4669999999996435, 2.2398520911463126737, 5237.4669999999996435, 33.877255770560793735, 5237.4229999999997744, 0, 5237.4669999999996435, 0.0088579239654979127078, 5237.4669999999996435, 6.3842596773951889588, 5237.4669999999996435, 49.747871629094191803, 5237.4229999999997744, 1, 5237.4669999999996435, 6.4209197411700147384, 5237.4669999999996435, 23.918758814957584491
5237.4669999999996435, 17.481859732416559439, 5237.4279999999998836, 1, 5237.4669999999996435, 9.5905219059562405448, 5237.4669999999996435, 4.1961446063751086655, 5237.4669999999996435, 26.441288258478468975, 5237.4279999999998836, 0, 5237.4669999999996435, -1.860185615030487849, 5237.4669999999996435, -1.6630321883464347366, 5237.4669999999996435, 29.070594940378931881, 5237.4279999999998836, 0, 5237.4669999999996435, 0.43965068844027571648, 5237.4669999999996435, 5.149099930004686243, 5237.4669999999996435, 51.391353583719798337, 5237.4279999999998836, 1, 5237.4669999999996435, 6.1520742814695381639, 5237.4669999999996435, 23.906113206166732965
5237.4719999999997526, 26.656664267396269707, 5237.4329999999999927, 1, 5237.4719999999997526, 7.1825397130232859766, 5237.4719999999997526, 5.3295372463756756076, 5237.4719999999997526, 30.858425852265604306, 5237.4329999999999927, 1, 5237.4719999999997526, -1.9103988162445943999, 5237.4719999999997526, -5.6104488745324037069, 5237.4719999999997526, 24.925525231000413839, 5237.4329999999999927, 1, 5237.4719999999997526, 1.1165347054778869129, 5237.4719999999997526, 3.6789286781976837659, 5237.4719999999997526, 52.718190718693293206, 5237.4329999999999927, 1, 5237.4719999999997526, 6.18724805613976514, 5237.4719999999997526, 23.855701569277471208
5237.4769999999998618, 34.376901317814393622, 5237.4390000000003056, 1, 5237.4769999999998618, 5.6588942059477647106, 5237.4769999999998618, 5.9907068870851709619, 5237.4769999999998618, 36.908352985670120461, 5237.4390000000003056, 1, 5237.4769999999998618, -1.0274618958912860034, 5237.4769999999998618, -8.4044732124783152472, 5237.4769999999998618, 25.04849796432725384, 5237.4390000000003056, 1, 5237.4769999999998618, 1.2131905553640949247, 5237.4769999999998618, 2.613917587606543691, 5237.4769999999998618, 52.996384110447849025, 5237.4390000000003056, 1, 5237.4769999999998618, 6.1809861265347194603, 5237.4769999999998618, 23.499738482634391801
5237.4819999999999709, 40.541681620021307708, 5237.4440000000004147, 1, 5237.4819999999999709, 4.4147500789806057853, 5237.4819999999999709, 6.3050559592599473291, 5237.4819999999999709, 41.794816889078774125, 5237.4440000000004147, 1, 5237.4819999999999709, -0.20980136058769030538, 5237.4819999999999709, -10.920852198547283507, 5237.4819999999999709, 25.397494508025047821, 5237.4440000000004147, 1, 5237.4819999999999709, 1.1976047326528649339, 5237.4819999999999709, 1.4114340805618166286, 5237.4819999999999709, 52.902489629198583998, 5237.4440000000004147, 1, 5237.4819999999999709, 6.0127341086593251163, 5237.4819999999999709, 23.002598119414798816
5237.4920000000001892, 45.683073477878501478, 5237.4480000000003201, 1, 5237.4920000000001892, 3.2669689539452098082, 5237.4920000000001892, 9.3202837097043680359, 5237.4920000000001892, 46.440357734974263337, 5237.4480000000003201, 1, 5237.4920000000001892, 0.54657470633257176917, 5237.4920000000001892, -11.242458450027037031, 5237.4920000000001892, 25.727527804671844081, 5237.4480000000003201, 1, 5237.4920000000001892, 1.1504974428880521131, 5237.4920000000001892, 1.2356613182818581009, 5237.4920000000001892, 51.440100655780682359, 5237.4480000000003201, 1, 5237.4920000000001892, 5.8172231188918006595, 5237.4920000000001892, 25.729144652029223295
5237.4920000000001892, 49.613227378236160803, 5237.4539999999997235, 1, 5237.4920000000001892, 2.4681650352153057248, 5237.4920000000001892, 9.4763676618185321843, 5237.4920000000001892, 49.973681079539673533, 5237.4539999999997235, 1, 5237.4920000000001892, 1.2145376719530440734, 5237.4920000000001892, -13.00877834407025091, 5237.4920000000001892, 26.207042722300563753, 5237.4539999999997235, 1, 5237.4920000000001892, 1.0110862387828549736, 5237.4920000000001892, 0.20241014803502288544, 5237.4920000000001892, 50.559876167669699498, 5237.4539999999997235, 1, 5237.4920000000001892, 5.4168955125863131883, 5237.4920000000001892, 25.017817833036467334
5237.4970000000002983, 51.676138064821941498, 5237.4579999999996289, 1, 5237.4970000000002983, 2.0287053671418400214, 5237.4970000000002983, 9.3416533430945065675, 5237.4970000000002983, 52.25629626792273541, 5237.4579999999996289, 1, 5237.4970000000002983, 1.6734488003513205978, 5237.4970000000002983, -14.284283395750136947, 5237.4970000000002983, 26.562583110949162801, 5237.4579999999996289, 1, 5237.4970000000002983, 0.86868649130827313432, 5237.4970000000002983, -0.59715232796342476718, 5237.4970000000002983, 49.203085933694431731, 5237.4579999999996289, 1, 5237.4970000000002983, 4.9554469392675004613, 5237.4970000000002983, 24.256851091314011626
5237.5020000000004075, 54.125221386224694697, 5237.4639999999999418, 1, 5237.5020000000004075, 1.4861225972837903697, 5237.5020000000004075, 10.166925726141354147, 5237.5020000000004075, 54.967313055009512368, 5237.4639999999999418, 1, 5237.5020000000004075, 2.1896147422647760372, 5237.5020000000004075, -15.007290981356728565, 5237.5020000000004075, 27.360523043871566529, 5237.4639999999999418, 1, 5237.5020000000004075, 0.67586554499797657503, 5237.5020000000004075, -1.2492824774474673433, 5237.5020000000004075, 48.051602111502397463, 5237.4639999999999418, 1, 5237.5020000000004075, 4.5913518286301924221, 5237.5020000000004075, 24.389211530136655881
5237.5069999999996071, 47.533159339975988189, 5237.4679999999998472, 1, 5237.5069999999996071, 2.7146236232801888022, 5237.5069999999996071, 2.1662966821766360681, 5237.5069999999996071, 57.265227391047446304, 5237.4679999999998472, 1, 5237.5069999999996071, 2.9129948639882581318, 5237.5069999999996071, -16.140290218166057912, 5237.5069999999996071, 27.606344872232856602, 5237.4679999999998472, 1, 5237.5069999999996071, 0.53240332493486985932, 5237.5069999999996071, -1.8916845472271930362, 5237.5069999999996071, 36.243169602640698201, 5237.4679999999998472, 1, 5237.5069999999996071, 1.6703096128311918367, 5237.5069999999996071, 13.912580992219769627
5237.5159999999996217, 56.282641514979630415, 5237.4729999999999563, 1, 5237.5159999999996217, 1.2726489784725163457, 5237.5159999999996217, 19.321268495072466465, 5237.5159999999996217, 61.625793460598529805, 5237.4729999999999563, 1, 5237.5159999999996217, 2.7906729806781278569, 5237.5159999999996217, -17.583930409072266343, 5237.5159999999996217, 29.194848256985029167, 5237.4729999999999563, 1, 5237.5159999999996217, -0.27287350810563953951, 5237.5159999999996217, -2.3240886450658031492, 5237.5159999999996217, 44.61859986363958086, 5237.4729999999999563, 1, 5237.5159999999996217, 3.7076578067061651822, 5237.5159999999996217, 27.009027830297789308
5237.5159999999996217, 30.23813134665968505, 5237.4780000000000655, 1, 5237.5159999999996217, 0.2708706921972349746, 5237.5159999999996217, 19.085610562354830222, 5237.5159999999996217, 56.397207510610584791, 5237.4780000000000655, 1, 5237.5159999999996217, 1.4206306900989886799, 5237.5159999999996217, -20.771355335736000569, 5237.5159999999996217, 45.133005123670386638, 5237.4780000000000655, 1, 5237.5159999999996217, -4.6051712467425014452, 5237.5159999999996217, -10.164022513528987446, 5237.5159999999996217, 27.413052101686190554, 5237.4780000000000655, 1, 5237.5159999999996217, 2.3395409086140048771, 5237.5159999999996217, 19.354565016964237145
5237.5219999999999345, 0, 5237.4830000000001746, 1, 5237.5219999999999345, 0, 5237.5219999999999345, 0, 5237.5219999999999345, 63.28482618189319453, 5237.4830000000001746, 1, 5237.5219999999999345, 4.9907492741617218712, 5237.5219999999999345, -24.858116100267274362, 5237.5219999999999345, 65.651315028652973638, 5237.4830000000001746, 1, 5237.5219999999999345, -7.4312533599063650414, 5237.5219999999999345, -17.008011498734518341, 5237.5219999999999345, 0, 5237.4830000000001746, 1, 5237.5219999999999345, 0, 5237.5219999999999345, 0
5237.5320000000001528, 0, 5237.4880000000002838, 1, 5237.5320000000001528, 0, 5237.5320000000001528, 0, 5237.5320000000001528, 78.438299741546714472, 5237.4880000000002838, 1, 5237.5320000000001528, 8.2402325283196162786, 5237.5320000000001528, -27.915729574793427759, 5237.5320000000001528, 73.407796936070951688, 5237.4880000000002838, 1, 5237.5320000000001528, -6.4596595389688324929, 5237.5320000000001528, -17.891785673285948377, 5237.5320000000001528, 0, 5237.4880000000002838, 1, 5237.5320000000001528, 0, 5237.5320000000001528, 0
5237.5320000000001528, 0, 5237.4930000000003929, 1, 5237.5320000000001528, 0, 5237.5320000000001528, 0, 5237.5320000000001528, 89.526555444898093583, 5237.4930000000003929, 1, 5237.5320000000001528, 10.775788577390299494, 5237.5320000000001528, -28.766527142270042816, 5237.5320000000001528, 71.519051764878440736, 5237.4930000000003929, 1, 5237.5320000000001528, -7.1365022831689106653, 5237.5320000000001528, -15.070720107701269797, 5237.5320000000001528, 0, 5237.4930000000003929, 1, 5237.5320000000001528, 0, 5237.5320000000001528, 0
5237.5420000000003711, 0, 5237.4979999999995925, 1, 5237.5420000000003711, 0, 5237.5420000000003711, 0, 5237.5420000000003711, 101.84782174220373463, 5237.4979999999995925, 1, 5237.5420000000003711, 12.934296221373493552, 5237.5420000000003711, -24.426444684437306876, 5237.5420000000003711, 77.07265024003123699, 5237.4979999999995925, 1, 5237.5420000000003711, -3.8916615748084790738, 5237.5420000000003711, -10.408173245772232463, 5237.5420000000003711, 0, 5237.4979999999995925, 1, 5237.5420000000003711, 0, 5237.5420000000003711, 0
5237.5420000000003711, 0, 5237.5029999999997017, 1, 5237.5420000000003711, 0, 5237.5420000000003711, 0, 5237.5420000000003711, 110.28707641054029409, 5237.5029999999997017, 1, 5237.5420000000003711, 14.826673704612433724, 5237.5420000000003711, -23.597543341617125634, 5237.5420000000003711, 70.823567830990256766, 5237.5029999999997017, 1, 5237.5420000000003711, -4.1037759820812294009, 5237.5420000000003711, -6.3885597592502421094, 5237.5420000000003711, 0, 5237.5029999999997017, 1, 5237.5420000000003711, 0, 5237.5420000000003711, 0
5237.5469999999995707, 0, 5237.5079999999998108, 0, 5237.5469999999995707, 0, 5237.5469999999995707, 0, 5237.5469999999995707, 117.07365383761394639, 5237.5079999999998108, 1, 5237.5469999999995707, 16.333262405332114042, 5237.5469999999995707, -24.161499491312277144, 5237.5469999999995707, 73.592273724725828288, 5237.5079999999998108, 1, 5237.5469999999995707, -0.438182204017589505, 5237.5469999999995707, -5.8206825699343411884, 5237.5469999999995707, 0, 5237.5079999999998108, 0, 5237.5469999999995707, 0, 5237.5469999999995707, 0
5237.5519999999996799, 0, 5237.51299999999992, 0, 5237.5519999999996799, 0, 5237.5519999999996799, 0, 5237.5519999999996799, 120.85783868728741197, 5237.51299999999992, 1, 5237.5519999999996799, 17.332387859594472701, 5237.5519999999996799, -22.802821188120020679, 5237.5519999999996799, 66.242476100479137813, 5237.51299999999992, 1, 5237.5519999999996799, -0.73215389226753679885, 5237.5519999999996799, -1.8547884800101286373, 5237.5519999999996799, 0, 5237.51299999999992, 0, 5237.5519999999996799, 0, 5237.5519999999996799, 0
5237.556999999999789, 0, 5237.5180000000000291, 0, 5237.556999999999789, 0, 5237.556999999999789, 0, 5237.556999999999789, 125.7942346484851015, 5237.5180000000000291, 1, 5237.556999999999789, 18.331659760206214571, 5237.556999999999789, -23.050293387176857607, 5237.556999999999789, 69.022866264023448934, 5237.5180000000000291, 1, 5237.556999999999789, 2.8742864892383201969, 5237.556999999999789, -1.3484823856690653088, 5237.556999999999789, 0, 5237.5180000000000291, 0, 5237.556999999999789, 0, 5237.556999999999789, 0
5237.5619999999998981, 0, 5237.524000000000342, 0, 5237.5619999999998981, 0, 5237.5619999999998981, 0, 5237.5619999999998981, 127.44212067378303743, 5237.524000000000342, 1, 5237.5619999999998981, 18.83541936690902574, 5237.5619999999998981, -21.63829777102805707, 5237.5619999999998981, 62.867710133627106472, 5237.524000000000342, 1, 5237.5619999999998981, 2.2110122212322598223, 5237.5619999999998981, 2.0638035351436379017, 5237.5619999999998981, 0, 5237.524000000000342, 0, 5237.5619999999998981, 0, 5237.5619999999998981, 0
5237.5720000000001164, 0, 5237.5280000000002474, 0, 5237.5720000000001164, 0, 5237.5720000000001164, 0, 5237.5720000000001164, 130.16230770828801155, 5237.5280000000002474, 1, 5237.5720000000001164, 19.213353293971739078, 5237.5720000000001164, -21.785327417171949094, 5237.5720000000001164, 66.469581140485530568, 5237.5280000000002474, 1, 5237.5720000000001164, 5.2237535558354721843, 5237.5720000000001164, 2.105688774676920616, 5237.5720000000001164, 0, 5237.5280000000002474, 0, 5237.5720000000001164, 0, 5237.5720000000001164, 0
5237.5720000000001164, 0, 5237.5330000000003565, 0, 5237.5720000000001164, 0, 5237.5720000000001164, 0, 5237.5720000000001164, 130.50556934421783239, 5237.5330000000003565, 1, 5237.5720000000001164, 19.315667875241683049, 5237.5720000000001164, -20.423847888126118733, 5237.5720000000001164, 61.537535222863255058, 5237.5330000000003565, 1, 5237.5720000000001164, 4.1630033762357578908, 5237.5720000000001164, 4.9790636605827138794, 5237.5720000000001164, 0, 5237.5330000000003565, 0, 5237.5720000000001164, 0, 5237.5720000000001164, 0
5237.5760000000000218, 0, 5237.5379999999995562, 0, 5237.5760000000000218, 0, 5237.5760000000000218, 0, 5237.5760000000000218, 132.70539860643089014, 5237.5379999999995562, 1, 5237.5760000000000218, 19.223561003686878479, 5237.5760000000000218, -13.699647272831477096, 5237.5760000000000218, 65.589871404663512067, 5237.5379999999995562, 1, 5237.5760000000000218, 6.6250865954489519538, 5237.5760000000000218, 8.0229939402591128328, 5237.5760000000000218, 0, 5237.5379999999995562, 0, 5237.5760000000000218, 0, 5237.5760000000000218, 0
5237.5860000000002401, 0, 5237.5429999999996653, 0, 5237.5860000000002401, 0, 5237.5860000000002401, 0, 5237.5860000000002401, 132.06526016914031629, 5237.5429999999996653, 1, 5237.5860000000002401, 18.994529548814966802, 5237.5860000000002401, -12.471083442416635023, 5237.5860000000002401, 61.679417373168270444, 5237.5429999999996653, 1, 5237.5860000000002401, 5.1762196529715387427, 5237.5860000000002401, 10.193910680788754064, 5237.5860000000002401, 0, 5237.5429999999996653, 0, 5237.5860000000002401, 0, 5237.5860000000002401, 0
5237.5860000000002401, 0, 5237.5479999999997744, 0, 5237.5860000000002401, 0, 5237.5860000000002401, 0, 5237.5860000000002401, 132.39507672072633682, 5237.5479999999997744, 1, 5237.5860000000002401, 18.570956667310664301, 5237.5860000000002401, -12.663833599258367713, 5237.5860000000002401, 67.017382098830992732, 5237.5479999999997744, 1, 5237.5860000000002401, 7.151592011119781489, 5237.5860000000002401, 9.6519234197746115456, 5237.5860000000002401, 0, 5237.5479999999997744, 0, 5237.5860000000002401, 0, 5237.5860000000002401, 0
5237.5910000000003492, 0, 5237.5529999999998836, 0, 5237.5910000000003492, 0, 5237.5910000000003492, 0, 5237.5910000000003492, 131.04381120367702351, 5237.5529999999998836, 1, 5237.5910000000003492, 18.030057389950545854, 5237.5910000000003492, -11.650894344472305875, 5237.5910000000003492, 64.402981115456881867, 5237.5529999999998836, 1, 5237.5910000000003492, 5.4465223302108691783, 5237.5910000000003492, 11.312789763679109711, 5237.5910000000003492, 0, 5237.5529999999998836, 0, 5237.5910000000003492, 0, 5237.5910000000003492, 0
5237.6019999999998618, 0, 5237.5579999999999927, 0, 5237.6019999999998618, 0, 5237.6019999999998618, 0, 5237.6019999999998618, 132.01919508808694559, 5237.5579999999999927, 1, 5237.6019999999998618, 17.682673570199920476, 5237.6019999999998618, -11.590753572626340429, 5237.6019999999998618, 68.131368814494095432, 5237.5579999999999927, 1, 5237.6019999999998618, 7.3473961767044064786, 5237.6019999999998618, 11.275178533230061362, 5237.6019999999998618, 0, 5237.5579999999999927, 0, 5237.6019999999998618, 0, 5237.6019999999998618, 0
5237.6019999999998618, 0, 5237.5630000000001019, 0, 5237.6019999999998618, 0, 5237.6019999999998618, 0, 5237.6019999999998618, 129.46733248501905678, 5237.5630000000001019, 1, 5237.6019999999998618, 16.897599087918429461, 5237.6019999999998618, -10.801383939919297461, 5237.6019999999998618, 67.076656685043943185, 5237.5630000000001019, 1, 5237.6019999999998618, 5.2056166362288864846, 5237.6019999999998618, 12.355209443509465927, 5237.6019999999998618, 0, 5237.5630000000001019, 0, 5237.6019999999998618, 0, 5237.6019999999998618, 0
5237.61200000000008, 0, 5237.568000000000211, 0, 5237.61200000000008, 0, 5237.61200000000008, 0, 5237.61200000000008, 128.64142448336269808, 5237.568000000000211, 1, 5237.61200000000008, 16.133175566126464417, 5237.61200000000008, -11.345569510374836852, 5237.61200000000008, 74.335655111550622109, 5237.568000000000211, 1, 5237.61200000000008, 6.4916025551081011358, 5237.61200000000008, 10.99502629967248879, 5237.61200000000008, 0, 5237.568000000000211, 0, 5237.61200000000008, 0, 5237.61200000000008, 0
5237.6170000000001892, 0, 5237.5730000000003201, 0, 5237.6170000000001892, 0, 5237.6170000000001892, 0, 5237.6170000000001892, 128.27080423534397369, 5237.5730000000003201, 1, 5237.6170000000001892, 15.38948736593708766, 5237.6170000000001892, -2.2923848837820131052, 5237.6170000000001892, 69.328576457650029852, 5237.5730000000003201, 1, 5237.6170000000001892, 4.7256164189597802405, 5237.6170000000001892, 17.312985970928398416, 5237.6170000000001892, 0, 5237.5730000000003201, 0, 5237.6170000000001892, 0, 5237.6170000000001892, 0
5237.6220000000002983, 0, 5237.5780000000004293, 0, 5237.6220000000002983, 0, 5237.6220000000002983, 0, 5237.6220000000002983, 126.49845908735184707, 5237.5780000000004293, 1, 5237.6220000000002983, 14.503719522572339429, 5237.6220000000002983, -3.1108968798723637406, 5237.6220000000002983, 77.529003676973673009, 5237.5780000000004293, 1, 5237.6220000000002983, 5.6969393834628050399, 5237.6220000000002983, 16.06028623429717328, 5237.6220000000002983, 0, 5237.5780000000004293, 0, 5237.6220000000002983, 0, 5237.6220000000002983, 0
5237.6270000000004075, 0, 5237.5829999999996289, 0, 5237.6270000000004075, 0, 5237.6270000000004075, 0, 5237.6270000000004075, 125.55184058953535953, 5237.5829999999996289, 1, 5237.6270000000004075, 13.749493962923052592, 5237.6270000000004075, -2.2451792427536219066, 5237.6270000000004075, 74.312208939829901055, 5237.5829999999996289, 1, 5237.6270000000004075, 3.8902088092152751209, 5237.6270000000004075, 17.46818591581194724, 5237.6270000000004075, 0, 5237.5829999999996289, 0, 5237.6270000000004075, 0, 5237.6270000000004075, 0
5237.6270000000004075, 0, 5237.5889999999999418, 0, 5237.6270000000004075, 0, 5237.6270000000004075, 0, 5237.6270000000004075, 124.23063686706505848, 5237.5889999999999418, 1, 5237.6270000000004075, 12.847844090347045665, 5237.6270000000004075, -2.8750407039095691175, 5237.6270000000004075, 80.732338262022338427, 5237.5889999999999418, 1, 5237.6270000000004075, 4.9429407626212267246, 5237.6270000000004075, 16.548031793571126968, 5237.6270000000004075, 0, 5237.5889999999999418, 0, 5237.6270000000004075, 0, 5237.6270000000004075, 0
5237.636000000000422, 0, 5237.5929999999998472, 0, 5237.636000000000422, 0, 5237.636000000000422, 0, 5237.636000000000422, 122.71291692704093634, 5237.5929999999998472, 1, 5237.636000000000422, 12.068278293106068588, 5237.636000000000422, -2.2922550684090836626, 5237.636000000000422, 78.965831381716014903, 5237.5929999999998472, 1, 5237.636000000000422, 3.0823936744364228701, 5237.636000000000422, 17.507935386196994187, 5237.636000000000422, 0, 5237.5929999999998472, 0, 5237.636000000000422, 0, 5237.636000000000422, 0
5237.6369999999997162, 0, 5237.5979999999999563, 0, 5237.6369999999997162, 0, 5237.6369999999997162, 0, 5237.6369999999997162, 121.36556982345648237, 5237.5979999999999563, 1, 5237.6369999999997162, 11.207846143861935673, 5237.6369999999997162, -2.9769446044638883109, 5237.6369999999997162, 85.109545943738424967, 5237.5979999999999563, 1, 5237.6369999999997162, 4.0440339518377994565, 5237.6369999999997162, 16.505478692235165283, 5237.6369999999997162, 0, 5237.5979999999999563, 0, 5237.6369999999997162, 0, 5237.6369999999997162, 0
5237.6450000000004366, 0, 5237.6040000000002692, 0, 5237.6450000000004366, 0, 5237.6450000000004366, 0, 5237.6450000000004366, 119.82639091804608711, 5237.6040000000002692, 1, 5237.6450000000004366, 10.26441284630850781, 5237.6450000000004366, -2.467968264179788207, 5237.6450000000004366, 83.267552061847595724, 5237.6040000000002692, 1, 5237.6450000000004366, 2.1720573105473701681, 5237.6450000000004366, 17.381262295885555602, 5237.6450000000004366, 0, 5237.6040000000002692, 0, 5237.6450000000004366, 0, 5237.6450000000004366, 0
5237.6459999999997308, 0, 5237.6080000000001746, 0, 5237.6459999999997308, 0, 5237.6459999999997308, 0, 5237.6459999999997308, 118.67370213850742289, 5237.6080000000001746, 1, 5237.6459999999997308, 9.5111889831043949783, 5237.6459999999997308, -3.1054366660585870363, 5237.6459999999997308, 88.47788195802505129, 5237.6080000000001746, 1, 5237.6459999999997308, 3.2567340192209659477, 5237.6459999999997308, 16.486720086804844243, 5237.6459999999997308, 0, 5237.6080000000001746, 0, 5237.6459999999997308, 0, 5237.6459999999997308, 0
5237.6520000000000437, 0, 5237.6130000000002838, 0, 5237.6520000000000437, 0, 5237.6520000000000437, 0, 5237.6520000000000437, 118.04491628082473653, 5237.6130000000002838, 1, 5237.6520000000000437, 8.826327981153095692, 5237.6520000000000437, -2.401266689536505794, 5237.6520000000000437, 85.282821887549829398, 5237.6130000000002838, 1, 5237.6520000000000437, 1.9329601010965931085, 5237.6520000000000437, 17.708477793995591298, 5237.6520000000000437, 0, 5237.6130000000002838, 0, 5237.6520000000000437, 0, 5237.6520000000000437, 0
5237.6559999999999491, 0, 5237.6180000000003929, 0, 5237.6559999999999491, 0, 5237.6559999999999491, 0, 5237.6559999999999491, 116.27797252598236355, 5237.6180000000003929, 1, 5237.6559999999999491, 8.570461565118353775, 5237.6559999999999491, 4.3989694144334947623, 5237.6559999999999491, 89.253671288191696931, 5237.6180000000003929, 1, 5237.6559999999999491, 3.2503588738320439155, 5237.6559999999999491, 22.449486137915833694, 5237.6559999999999491, 0, 5237.6180000000003929, 0, 5237.6559999999999491, 0, 5237.6559999999999491, 0
5237.6610000000000582, 0, 5237.6229999999995925, 0, 5237.6610000000000582, 0, 5237.6610000000000582, 0, 5237.6610000000000582, 115.74367759070867123, 5237.6229999999995925, 1, 5237.6610000000000582, 6.5759004086895789243, 5237.6610000000000582, 4.873882576977592862, 5237.6610000000000582, 86.395002514671375593, 5237.6229999999995925, 1, 5237.6610000000000582, 0.74747449821005018666, 5237.6610000000000582, 23.280310454652749286, 5237.6610000000000582, 0, 5237.6229999999995925, 0, 5237.6610000000000582, 0, 5237.6610000000000582, 0
5237.6660000000001673, 0, 5237.6279999999997017, 0, 5237.6660000000001673, 0, 5237.6660000000001673, 0, 5237.6660000000001673, 113.6885467857309493, 5237.6279999999997017, 1, 5237.6660000000001673, 8.1458707182067104924, 5237.6660000000001673, 4.0968397290247438036, 5237.6660000000001673, 91.598316561146958747, 5237.6279999999997017, 1, 5237.6660000000001673, 3.6947471932615911783, 5237.6660000000001673, 22.506510098661891561, 5237.6660000000001673, 0, 5237.6279999999997017, 0, 5237.6660000000001673, 0, 5237.6660000000001673, 0
5237.6710000000002765, 0, 5237.6329999999998108, 0, 5237.6710000000002765, 0, 5237.6710000000002765, 0, 5237.6710000000002765, 113.78588734571602004, 5237.6329999999998108, 1, 5237.6710000000002765, 4.408281202757620143, 5237.6710000000002765, 4.4926672952341490941, 5237.6710000000002765, 88.4973770901970056, 5237.6329999999998108, 1, 5237.6710000000002765, -0.37242192719745192964, 5237.6710000000002765, 23.273302751168117197, 5237.6710000000002765, 0, 5237.6329999999998108, 0, 5237.6710000000002765, 0, 5237.6710000000002765, 0
5237.6769999999996799, 0, 5237.63799999999992, 0, 5237.6769999999996799, 0, 5237.6769999999996799, 0, 5237.6769999999996799, 111.31787728291328676, 5237.63799999999992, 1, 5237.6769999999996799, 7.4332149954589059604, 5237.6769999999996799, 3.7198792620033316325, 5237.6769999999996799, 93.477659873645578159, 5237.63799999999992, 1, 5237.6769999999996799, 3.7456051282685298709, 5237.6769999999996799, 22.451937934154805987, 5237.6769999999996799, 0, 5237.63799999999992, 0, 5237.6769999999996799, 0, 5237.6769999999996799, 0
5237.6809999999995853, 0, 5237.6430000000000291, 0, 5237.6809999999995853, 0, 5237.6809999999995853, 0, 5237.6809999999995853, 111.61196209633762066, 5237.6430000000000291, 1, 5237.6809999999995853, 3.0455338132097304893, 5237.6809999999995853, 3.8702312620826262446, 5237.6809999999995853, 91.243903829629829261, 5237.6430000000000291, 1, 5237.6809999999995853, -0.8018533549967733487, 5237.6809999999995853, 22.927769022693667011, 5237.6809999999995853, 0, 5237.6430000000000291, 0, 5237.6809999999995853, 0, 5237.6809999999995853, 0
5237.6859999999996944, 0, 5237.6480000000001382, 0, 5237.6859999999996944, 0, 5237.6859999999996944, 0, 5237.6859999999996944, 109.36963801286862008, 5237.6480000000001382, 1, 5237.6859999999996944, 5.747712497383243857, 5237.6859999999996944, 3.1728746474067008876, 5237.6859999999996944, 95.088679557260718411, 5237.6480000000001382, 1, 5237.6859999999996944, 2.6249454664623042, 5237.6859999999996944, 22.197745544579497334, 5237.6859999999996944, 0, 5237.6480000000001382, 0, 5237.6859999999996944, 0, 5237.6859999999996944, 0
5237.6909999999998035, 0, 5237.6530000000002474, 0, 5237.6909999999998035, 0, 5237.6909999999998035, 0, 5237.6909999999998035, 108.69467678007393374, 5237.6530000000002474, 1, 5237.6909999999998035, 2.5118442827117770655, 5237.6909999999998035, 9.0571176987102646194, 5237.6909999999998035, 94.326430855246755414, 5237.6530000000002474, 1, 5237.6909999999998035, -0.54190880414002973176, 5237.6909999999998035, 27.469833786280581478, 5237.6909999999998035, 0, 5237.6530000000002474, 0, 5237.6909999999998035, 0, 5237.6909999999998035, 0
5237.6959999999999127, 0, 5237.6580000000003565, 0, 5237.6959999999999127, 0, 5237.6959999999999127, 0, 5237.6959999999999127, 107.21645133661701266, 5237.6580000000003565, 1, 5237.6959999999999127, 6.0789571591633775327, 5237.6959999999999127, 0.68305334133586370626, 5237.6959999999999127, 98.966451543986792672, 5237.6580000000003565, 1, 5237.6959999999999127, -2.2286963069301481966, 5237.6959999999999127, 16.538834672440039242, 5237.6959999999999127, 0, 5237.6580000000003565, 0, 5237.6959999999999127, 0, 5237.6959999999999127, 0
5237.7010000000000218, 0, 5237.6629999999995562, 0, 5237.7010000000000218, 0, 5237.7010000000000218, 0, 5237.7010000000000218, 106.66658503571701999, 5237.6629999999995562, 1, 5237.7010000000000218, 4.3087490833416852709, 5237.7010000000000218, 0.19545195580288066139, 5237.7010000000000218, 99.168937917411938088, 5237.6629999999995562, 1, 5237.7010000000000218, -3.7305522312128305273, 5237.7010000000000218, 16.187963111982739406, 5237.7010000000000218, 0, 5237.6629999999995562, 0, 5237.7010000000000218, 0, 5237.7010000000000218, 0
5237.706000000000131, 0, 5237.6679999999996653, 0, 5237.706000000000131, 0, 5237.706000000000131, 0, 5237.706000000000131, 104.64962688741368879, 5237.6679999999996653, 1, 5237.706000000000131, 4.1056715653384276976, 5237.706000000000131, -1.1230926782984909096, 5237.706000000000131, 103.96949715249226642, 5237.6679999999996653, 1, 5237.706000000000131, -3.8107724720066684654, 5237.706000000000131, 14.52721263489689818, 5237.706000000000131, 0, 5237.6679999999996653, 0, 5237.706000000000131, 0, 5237.706000000000131, 0
5237.7120000000004438, 0, 5237.6729999999997744, 0, 5237.7120000000004438, 0, 5237.7120000000004438, 0, 5237.7120000000004438, 103.7354811380807007, 5237.6729999999997744, 1, 5237.7120000000004438, 3.052438929468840989, 5237.7120000000004438, -1.8059615043770165244, 5237.7120000000004438, 103.78282441906766564, 5237.6729999999997744, 1, 5237.7120000000004438, -4.5659030420129251837, 5237.7120000000004438, 13.972992050180735646, 5237.7120000000004438, 0, 5237.6729999999997744, 0, 5237.7120000000004438, 0, 5237.7120000000004438, 0
5237.7169999999996435, 0, 5237.6779999999998836, 0, 5237.7169999999996435, 0, 5237.7169999999996435, 0, 5237.7169999999996435, 102.32463491818424473, 5237.6779999999998836, 1, 5237.7169999999996435, 2.3705161404672554504, 5237.7169999999996435, -3.0021624736043719395, 5237.7169999999996435, 106.11549981451609881, 5237.6779999999998836, 1, 5237.7169999999996435, -4.7750597338429505712, 5237.7169999999996435, 12.655931836915641497, 5237.7169999999996435, 0, 5237.6779999999998836, 0, 5237.7169999999996435, 0, 5237.7169999999996435, 0
5237.7229999999999563, 0, 5237.6840000000001965, 0, 5237.7229999999999563, 0, 5237.7229999999999563, 0, 5237.7229999999999563, 100.68181963429314862, 5237.6840000000001965, 1, 5237.7229999999999563, 1.5121975165358891857, 5237.7229999999999563, -4.2752830410913560399, 5237.7229999999999563, 107.40241928747087741, 5237.6840000000001965, 1, 5237.7229999999999563, -5.2017153304538155112, 5237.7229999999999563, 11.31554389370245417, 5237.7229999999999563, 0, 5237.6840000000001965, 0, 5237.7229999999999563, 0, 5237.7229999999999563, 0
5237.7309999999997672, 351.47071709999238465, 5237.6880000000001019, 0, 5237.7309999999997672, -59.604541215856016834, 5237.7309999999997672, -192.5693155460992898, 5237.7309999999997672, 98.732652750434979794, 5237.6880000000001019, 1, 5237.7309999999997672, -3.026442252983230663, 5237.7309999999997672, -5.2950498241369032826, 5237.7309999999997672, 104.8699534743511208, 5237.6880000000001019, 1, 5237.7309999999997672, -5.3749849643290428247, 5237.7309999999997672, 10.562190404380217501, 5237.7309999999997672, 0, 5237.6880000000001019, 0, 5237.7309999999997672, 0, 5237.7309999999997672, 0
5237.7319999999999709, 401.76706045234618614, 5237.693000000000211, 0, 5237.7319999999999709, -106.75738375254348966, 5237.7319999999999709, -216.43867650367238298, 5237.7319999999999709, 55.101511493639833361, 5237.693000000000211, 1, 5237.7319999999999709, -24.981536828708829745, 5237.7319999999999709, -6.3085591727980414589, 5237.7319999999999709, 89.642082364162064323, 5237.693000000000211, 1, 5237.7319999999999709, -13.129861154722810568, 5237.7319999999999709, 8.3283025765823097686, 5237.7319999999999709, 0, 5237.693000000000211, 0, 5237.7319999999999709, 0, 5237.7319999999999709, 0
5237.7420000000001892, 386.38244669297012024, 5237.6989999999996144, 0, 5237.7420000000001892, -115.42415812858898505, 5237.7420000000001892, -185.44746624931576662, 5237.7420000000001892, 23.281087950332263858, 5237.6989999999996144, 1, 5237.7420000000001892, -17.036686114280662707, 5237.7420000000001892, -3.6383811589394028374, 5237.7420000000001892, 78.212533962611345828, 5237.6989999999996144, 1, 5237.7420000000001892, -13.73231720013779622, 5237.7420000000001892, 20.060907623539517175, 5237.7420000000001892, 0, 5237.6989999999996144, 0, 5237.7420000000001892, 0, 5237.7420000000001892, 0
5237.7420000000001892, 386.53541583607983512, 5237.7030000000004293, 0, 5237.7420000000001892, -123.84439814309902772, 5237.7420000000001892, -186.33791963372357259, 5237.7420000000001892, 6.6141209713960993355, 5237.7030000000004293, 1, 5237.7420000000001892, -4.7739454389599460526, 5237.7420000000001892, -3.4964245833497678007, 5237.7420000000001892, 68.982523989165969169, 5237.7030000000004293, 1, 5237.7420000000001892, -19.820186792571522716, 5237.7420000000001892, 15.56417338102752268, 5237.7420000000001892, 0, 5237.7030000000004293, 0, 5237.7420000000001892, 0, 5237.7420000000001892, 0
5237.7470000000002983, 371.68116384970369381, 5237.7079999999996289, 0, 5237.7470000000002983, -128.81619408050332254, 5237.7470000000002983, -165.8296959038989371, 5237.7470000000002983, 0, 5237.7079999999996289, 1, 5237.7470000000002983, 0, 5237.7470000000002983, 0, 5237.7470000000002983, 65.820097361890148591, 5237.7079999999996289, 1, 5237.7470000000002983, -27.887596023765524933, 5237.7470000000002983, 10.982219009071826576, 5237.7470000000002983, 0, 5237.7079999999996289, 0, 5237.7470000000002983, 0, 5237.7470000000002983, 0
5237.7510000000002037, 286.69942953943080965, 5237.7129999999997381, 0, 5237.7510000000002037, -113.84298636358289514, 5237.7510000000002037, -110.93287348249143065, 5237.7510000000002037, 0, 5237.7129999999997381, 1, 5237.7510000000002037, 0, 5237.7510000000002037, 0, 5237.7510000000002037, 76.588109143987935568, 5237.7129999999997381, 1, 5237.7510000000002037, -32.715149912830959522, 5237.7510000000002037, 6.3638723146084572591, 5237.7510000000002037, 0, 5237.7129999999997381, 0, 5237.7510000000002037, 0, 5237.7510000000002037, 0
5237.7569999999996071, 195.72660564809848438, 5237.7179999999998472, 0, 5237.7569999999996071, -89.233437090068250086, 5237.7569999999996071, -90.537533448946589942, 5237.7569999999996071, 0, 5237.7179999999998472, 1, 5237.7569999999996071, 0, 5237.7569999999996071, 0, 5237.7569999999996071, 71.735930941543998074, 5237.7179999999998472, 1, 5237.7569999999996071, -29.951537263263613653, 5237.7569999999996071, -4.497863712194114072, 5237.7569999999996071, 0, 5237.7179999999998472, 0, 5237.7569999999996071, 0, 5237.7569999999996071, 0
5237.7669999999998254, 78.842237222498397387, 5237.7240000000001601, 0, 5237.7669999999998254, -41.34762127075357796, 5237.7669999999998254, -25.568034325851083821, 5237.7669999999998254, 0, 5237.7240000000001601, 1, 5237.7669999999998254, 0, 5237.7669999999998254, 0, 5237.7669999999998254, 65.045476936300573811, 5237.7240000000001601, 1, 5237.7669999999998254, -22.375249160759082656, 5237.7669999999998254, -15.664381928496810659, 5237.7669999999998254, 0, 5237.7240000000001601, 0, 5237.7669999999998254, 0, 5237.7669999999998254, 0
5237.7719999999999345, 10.386249303369101682, 5237.7280000000000655, 0, 5237.7719999999999345, -7.8417231171723518202, 5237.7719999999999345, 7.6622763061807859231, 5237.7719999999999345, 0, 5237.7280000000000655, 1, 5237.7719999999999345, 0, 5237.7719999999999345, 0, 5237.7719999999999345, 60.5010540553442695, 5237.7280000000000655, 1, 5237.7719999999999345, -19.423727120738007557, 5237.7719999999999345, -21.374610685914564812, 5237.7719999999999345, 0, 5237.7280000000000655, 0, 5237.7719999999999345, 0, 5237.7719999999999345, 0
5237.7719999999999345, 3.4067040942681598992, 5237.7330000000001746, 0, 5237.7719999999999345, -2.5171825405502330497, 5237.7719999999999345, 2.4333532848511536528, 5237.7719999999999345, 0, 5237.7330000000001746, 1, 5237.7719999999999345, 0, 5237.7719999999999345, 0, 5237.7719999999999345, 50.134654633929741863, 5237.7330000000001746, 1, 5237.7719999999999345, -11.682068777469707399, 5237.7719999999999345, -23.809464253423552549, 5237.7719999999999345, 0, 5237.7330000000001746, 0, 5237.7719999999999345, 0, 5237.7719999999999345, 0
5237.7820000000001528, 0, 5237.738999999999578, 0, 5237.7820000000001528, 0, 5237.7820000000001528, 0, 5237.7820000000001528, 0, 5237.738999999999578, 1, 5237.7820000000001528, 0, 5237.7820000000001528, 0, 5237.7820000000001528, 29.091014730637130725, 5237.738999999999578, 1, 5237.7820000000001528, -8.4761452056012949186, 5237.7820000000001528, -16.3174637941556675, 5237.7820000000001528, 0, 5237.738999999999578, 0, 5237.7820000000001528, 0, 5237.7820000000001528, 0
5237.7870000000002619, 0, 5237.7430000000003929, 0, 5237.7870000000002619, 0, 5237.7870000000002619, 0, 5237.7870000000002619, 0, 5237.7430000000003929, 1, 5237.7870000000002619, 0, 5237.7870000000002619, 0, 5237.7870000000002619, 27.056439731615604671, 5237.7430000000003929, 1, 5237.7870000000002619, -5.8276815368797967309, 5237.7870000000002619, -15.285974608221856386, 5237.7870000000002619, 63.711753178376241635, 5237.7430000000003929, 0, 5237.7870000000002619, -2.203211205657110483, 5237.7870000000002619, -1.7256084029760216936
5237.7879999999995562, 0, 5237.7479999999995925, 0, 5237.7879999999995562, 0, 5237.7879999999995562, 0, 5237.7879999999995562, 0, 5237.7479999999995925, 1, 5237.7879999999995562, 0, 5237.7879999999995562, 0, 5237.7879999999995562, 19.969959797044001704, 5237.7479999999995925, 1, 5237.7879999999995562, -5.5458847152042292095, 5237.7879999999995562, -11.437621294668829819, 5237.7879999999995562, 13.016987021135467018, 5237.7479999999995925, 0, 5237.7879999999995562, -5.6395609121075649384, 5237.7879999999995562, 7.6766911286233945333
5237.7920000000003711, 0, 5237.7529999999997017, 0, 5237.7920000000003711, 0, 5237.7920000000003711, 0, 5237.7920000000003711, 0, 5237.7529999999997017, 1, 5237.7920000000003711, 0, 5237.7920000000003711, 0, 5237.7920000000003711, 27.981385468142295991, 5237.7529999999997017, 1, 5237.7920000000003711, -2.3624102385933096748, 5237.7920000000003711, -15.996942130312813646, 5237.7920000000003711, 15.506952177092134804, 5237.7529999999997017, 0, 5237.7920000000003711, -3.3106684471167220352, 5237.7920000000003711, 7.9818794530650265528
5237.7960000000002765, 0, 5237.7579999999998108, 1, 5237.7960000000002765, 0, 5237.7960000000002765, 0, 5237.7960000000002765, 0, 5237.7579999999998108, 1, 5237.7960000000002765, 0, 5237.7960000000002765, 0, 5237.7960000000002765, 26.904769318262136579, 5237.7579999999998108, 1, 5237.7960000000002765, -3.6911083034420673066, 5237.7960000000002765, -15.57357595204343248, 5237.7960000000002765, 15.194226578720712695, 5237.7579999999998108, 1, 5237.7960000000002765, -4.6563127481078341319, 5237.7960000000002765, 8.388914208853361032
5237.8010000000003856, 0, 5237.76299999999992, 1, 5237.8010000000003856, 0, 5237.8010000000003856, 0, 5237.8010000000003856, 0, 5237.76299999999992, 1, 5237.8010000000003856, 0, 5237.8010000000003856, 0, 5237.8010000000003856, 29.325567873870756586, 5237.76299999999992, 1, 5237.8010000000003856, 0.049109551741659991653, 5237.8010000000003856, -17.017386167449735979, 5237.8010000000003856, 19.094791214382393463, 5237.76299999999992, 1, 5237.8010000000003856, -1.5805082175729752159, 5237.8010000000003856, 9.3776924429977430719
5237.8059999999995853, 65.364953931135630683, 5237.7680000000000291, 1, 5237.8059999999995853, -29.803292310289826617, 5237.8059999999995853, -2.5598518999180974731, 5237.8059999999995853, 0, 5237.7680000000000291, 1, 5237.8059999999995853, 0, 5237.8059999999995853, 0, 5237.8059999999995853, 26.549600439015868858, 5237.7680000000000291, 1, 5237.8059999999995853, -1.2136863847708048159, 5237.8059999999995853, -15.604619561625129975, 5237.8059999999995853, 23.014346444309602191, 5237.7680000000000291, 1, 5237.8059999999995853, -2.3941760053197667091, 5237.8059999999995853, 12.511948534550679568
5237.8109999999996944, 72.58405399534785829, 5237.774000000000342, 1, 5237.8109999999996944, -40.865881321555221461, 5237.8109999999996944, -0.013851874430493182899, 5237.8109999999996944, 0, 5237.774000000000342, 1, 5237.8109999999996944, 0, 5237.8109999999996944, 0, 5237.8109999999996944, 35.070310021337064654, 5237.774000000000342, 1, 5237.8109999999996944, 1.0187130004746285383, 5237.8109999999996944, -20.754061688381284512, 5237.8109999999996944, 31.638427587012969866, 5237.774000000000342, 1, 5237.8109999999996944, 1.8504396315429405551, 5237.8109999999996944, 10.951087066757420274
5237.818000000000211, 88.316389951847554585, 5237.7780000000002474, 1, 5237.818000000000211, -42.199695399421912612, 5237.818000000000211, -2.6180210063272966181, 5237.818000000000211, 0, 5237.7780000000002474, 1, 5237.818000000000211, 0, 5237.818000000000211, 0, 5237.818000000000211, 35.991978446235535216, 5237.7780000000002474, 1, 5237.818000000000211, -0.054769082625302861755, 5237.818000000000211, -21.579023268357428122, 5237.818000000000211, 34.87160178348019457, 5237.7780000000002474, 1, 5237.818000000000211, 3.2098394837925989798, 5237.818000000000211, 11.813612448848838099
5237.8209999999999127, 92.827241259120640393, 5237.7830000000003565, 1, 5237.8209999999999127, -40.738742635258930136, 5237.8209999999999127, -2.3974619045589236066, 5237.8209999999999127, 0, 5237.7830000000003565, 1, 5237.8209999999999127, 0, 5237.8209999999999127, 0, 5237.8209999999999127, 39.521442559566082764, 5237.7830000000003565, 1, 5237.8209999999999127, 3.3057927210301514265, 5237.8209999999999127, -23.871162002378735423, 5237.8209999999999127, 38.028713617798167945, 5237.7830000000003565, 1, 5237.8209999999999127, 6.5153011737766970413, 5237.8209999999999127, 12.651417723146353822
5237.8260000000000218, 97.930278917432403318, 5237.7889999999997599, 1, 5237.8260000000000218, -42.500087480560530651, 5237.8260000000000218, -1.7770038873448612549, 5237.8260000000000218, 0, 5237.7889999999997599, 1, 5237.8260000000000218, 0, 5237.8260000000000218, 0, 5237.8260000000000218, 37.074602814927501981, 5237.7889999999997599, 1, 5237.8260000000000218, -1.0352912847633819471, 5237.8260000000000218, -22.792169954187528447, 5237.8260000000000218, 40.725073729036701309, 5237.7889999999997599, 1, 5237.8260000000000218, 4.5822000935069828742, 5237.8260000000000218, 14.425710301086315468
5237.831000000000131, 98.26426262632845976, 5237.7929999999996653, 1, 5237.831000000000131, -37.164511001290350123, 5237.831000000000131, -1.2935185682449983346, 5237.831000000000131, 104.52287688192582493, 5237.7929999999996653, 1, 5237.831000000000131, 8.9043046861672454639, 5237.831000000000131, -24.559669823731052674, 5237.831000000000131, 41.508281567025484549, 5237.7929999999996653, 1, 5237.831000000000131, 3.9148975060957620364, 5237.831000000000131, -25.647189754072087453, 5237.831000000000131, 41.314053528944697291, 5237.7929999999996653, 1, 5237.831000000000131, 8.3501883409282395831, 5237.831000000000131, 15.19740780876066566
5237.8360000000002401, 82.498836490676723088, 5237.7979999999997744, 1, 5237.8360000000002401, -25.685918878393998455, 5237.8360000000002401, -1.5308072546251310087, 5237.8360000000002401, 128.46834855654736884, 5237.7979999999997744, 1, 5237.8360000000002401, 16.467049175167524311, 5237.8360000000002401, 51.209161370938012681, 5237.8360000000002401, 113.0023730244542719, 5237.7979999999997744, 1, 5237.8360000000002401, -8.4209254007602307723, 5237.8360000000002401, 45.081760073803238242, 5237.8360000000002401, 48.607701544454982923, 5237.7979999999997744, 1, 5237.8360000000002401, 14.573905976067575097, 5237.8360000000002401, 11.166154598279550925
5237.8410000000003492, 34.227119074152298595, 5237.8029999999998836, 1, 5237.8410000000003492, -15.963157377606140841, 5237.8410000000003492, -6.9481146122196300041, 5237.8410000000003492, 113.32251933929696008, 5237.8029999999998836, 1, 5237.8410000000003492, 18.065857438098014143, 5237.8410000000003492, 67.662284899124387039, 5237.8410000000003492, 161.0878618986955928, 5237.8029999999998836, 1, 5237.8410000000003492, -14.357589325412227765, 5237.8410000000003492, 88.348429684883868163, 5237.8410000000003492, 94.49210972519009033, 5237.8029999999998836, 1, 5237.8410000000003492, 21.864127853373879873, 5237.8410000000003492, -16.539088627289252997
5237.8459999999995489, 22.861207078831174755, 5237.8090000000001965, 1, 5237.8459999999995489, -14.700195334386300772, 5237.8459999999995489, -6.5703746737321484517, 5237.8459999999995489, 21.284498933307212098, 5237.8090000000001965, 1, 5237.8459999999995489, 2.8193835899609247519, 5237.8459999999995489, 11.991333825523618373, 5237.8459999999995489, 43.397871653453904628, 5237.8090000000001965, 1, 5237.8459999999995489, -0.61726294980048002081, 5237.8459999999995489, 22.783287367079999797, 5237.8459999999995489, 90.631039483222110675, 5237.8090000000001965, 1, 5237.8459999999995489, 19.504165768199445807, 5237.8459999999995489, -17.395553531858837459
5237.850999999999658, 44.054087887134173229, 5237.8130000000001019, 1, 5237.850999999999658, -18.15054508843399006, 5237.850999999999658, -6.6817009541837819597, 5237.850999999999658, 0, 5237.8130000000001019, 1, 5237.850999999999658, 0, 5237.850999999999658, 0, 5237.850999999999658, 0, 5237.8130000000001019, 1, 5237.850999999999658, 0, 5237.850999999999658, 0, 5237.850999999999658, 85.025764743996887773, 5237.8130000000001019, 1, 5237.850999999999658, 19.370308212577572959, 5237.850999999999658, -7.552875882952477582
5237.8559999999997672, 61.715417797634017916, 5237.818000000000211, 1, 5237.8559999999997672, -15.344250182787094516, 5237.8559999999997672, -7.1430458945853985142, 5237.8559999999997672, 0, 5237.818000000000211, 1, 5237.8559999999997672, 0, 5237.8559999999997672, 0, 5237.8559999999997672, 0, 5237.818000000000211, 1, 5237.8559999999997672, 0, 5237.8559999999997672, 0, 5237.8559999999997672, 79.275744716594772399, 5237.818000000000211, 1, 5237.8559999999997672, 22.707193231222309038, 5237.8559999999997672, -2.7583222772710911386
5237.8609999999998763, 76.444459587435900971, 5237.8239999999996144, 1, 5237.8609999999998763, -18.897201538267346166, 5237.8609999999998763, -6.3207311522403131221, 5237.8609999999998763, 0, 5237.8239999999996144, 1, 5237.8609999999998763, 0, 5237.8609999999998763, 0, 5237.8609999999998763, 0, 5237.8239999999996144, 1, 5237.8609999999998763, 0, 5237.8609999999998763, 0, 5237.8609999999998763, 74.445911463678115183, 5237.8239999999996144, 1, 5237.8609999999998763, 18.377779918962669825, 5237.8609999999998763, 3.0037060902836500986
5237.8659999999999854, 83.930349426088483256, 5237.8280000000004293, 1, 5237.8659999999999854, -16.828239244644056072, 5237.8659999999999854, -7.5791805511802436968, 5237.8659999999999854, 0, 5237.8280000000004293, 1, 5237.8659999999999854, 0, 5237.8659999999999854, 0, 5237.8659999999999854, 0, 5237.8280000000004293, 1, 5237.8659999999999854, 0, 5237.8659999999999854, 0, 5237.8659999999999854, 81.912157201358255065, 5237.8280000000004293, 1, 5237.8659999999999854, 20.919856599125694174, 5237.8659999999999854, 2.4040191918682225491
5237.8710000000000946, 92.250474517211046077, 5237.8329999999996289, 1, 5237.8710000000000946, -20.198569325794554885, 5237.8710000000000946, -6.1899542641799669696, 5237.8710000000000946, 0, 5237.8329999999996289, 0, 5237.8710000000000946, 0, 5237.8710000000000946, 0, 5237.8710000000000946, 0, 5237.8329999999996289, 0, 5237.8710000000000946, 0, 5237.8710000000000946, 0, 5237.8710000000000946, 76.659780957310800886, 5237.8329999999996289, 1, 5237.8710000000000946, 16.223698619751392158, 5237.8710000000000946, 7.8689111351118512516
5237.8760000000002037, 96.473003716196245705, 5237.8379999999997381, 1, 5237.8760000000002037, -18.154314604329616856, 5237.8760000000002037, -7.0698617045496803257, 5237.8760000000002037, 0, 5237.8379999999997381, 0, 5237.8760000000002037, 0, 5237.8760000000002037, 0, 5237.8760000000002037, 0, 5237.8379999999997381, 0, 5237.8760000000002037, 0, 5237.8760000000002037, 0, 5237.8760000000002037, 83.935688334313866221, 5237.8379999999997381, 1, 5237.8760000000002037, 17.809772002686397485, 5237.8760000000002037, 6.9888798458031828886
5237.8810000000003129, 101.70054251977612125, 5237.8429999999998472, 1, 5237.8810000000003129, -20.269315748822165801, 5237.8810000000003129, -5.7159062883619995432, 5237.8810000000003129, 0, 5237.8429999999998472, 0, 5237.8810000000003129, 0, 5237.8810000000003129, 0, 5237.8810000000003129, 0, 5237.8429999999998472, 0, 5237.8810000000003129, 0, 5237.8810000000003129, 0, 5237.8810000000003129, 79.140903333928093843, 5237.8429999999998472, 1, 5237.8810000000003129, 13.832741788416115014, 5237.8810000000003129, 11.78495218304949077
5237.8919999999998254, 103.29393722149328028, 5237.8479999999999563, 1, 5237.8919999999998254, -18.287864226268670365, 5237.8919999999998254, -0.40555786503969670775, 5237.8919999999998254, 0, 5237.8479999999999563, 0, 5237.8919999999998254, 0, 5237.8919999999998254, 0, 5237.8919999999998254, 0, 5237.8479999999999563, 0, 5237.8919999999998254, 0, 5237.8919999999998254, 0, 5237.8919999999998254, 85.736525897595626589, 5237.8479999999999563, 1, 5237.8919999999998254, 14.798038861838007207, 5237.8919999999998254, 15.587775215644597893
5237.8919999999998254, 107.6281402913560612, 5237.8530000000000655, 1, 5237.8919999999998254, -19.287327986293103521, 5237.8919999999998254, 1.2687487561631556332, 5237.8919999999998254, 0, 5237.8530000000000655, 0, 5237.8919999999998254, 0, 5237.8919999999998254, 0, 5237.8919999999998254, 0, 5237.8530000000000655, 0, 5237.8919999999998254, 0, 5237.8919999999998254, 0, 5237.8919999999998254, 79.572021866564753623, 5237.8530000000000655, 1, 5237.8919999999998254, 11.592114792328246153, 5237.8919999999998254, 20.106384769854354744
5237.9020000000000437, 107.33397651640220261, 5237.8580000000001746, 1, 5237.9020000000000437, -17.705057290895528155, 5237.9020000000000437, 0.68616336523118093282, 5237.9020000000000437, 0, 5237.8580000000001746, 0, 5237.9020000000000437, 0, 5237.9020000000000437, 0, 5237.9020000000000437, 0, 5237.8580000000001746, 0, 5237.9020000000000437, 0, 5237.9020000000000437, 0, 5237.9020000000000437, 87.089229904317960518, 5237.8580000000001746, 1, 5237.9020000000000437, 11.9448536129424987, 5237.9020000000000437, 19.097627634501286309
5237.9070000000001528, 109.66485250239648508, 5237.8630000000002838, 1, 5237.9070000000001528, -17.475429393531403122, 5237.9070000000001528, 1.9555101349041379422, 5237.9070000000001528, 0, 5237.8630000000002838, 0, 5237.9070000000001528, 0, 5237.9070000000001528, 0, 5237.9070000000001528, 0, 5237.8630000000002838, 0, 5237.9070000000001528, 0, 5237.9070000000001528, 0, 5237.9070000000001528, 82.554874092533339081, 5237.8630000000002838, 1, 5237.9070000000001528, 9.9086200467444527362, 5237.9070000000001528, 22.763554723363533583
5237.9070000000001528, 108.28900719319051404, 5237.8680000000003929, 1, 5237.9070000000001528, -16.139353385421255638, 5237.9070000000001528, 1.2590402583678255155, 5237.9070000000001528, 0, 5237.8680000000003929, 0, 5237.9070000000001528, 0, 5237.9070000000001528, 0, 5237.9070000000001528, 0, 5237.8680000000003929, 0, 5237.9070000000001528, 0, 5237.9070000000001528, 0, 5237.9070000000001528, 90.440018849333625894, 5237.8680000000003929, 1, 5237.9070000000001528, 9.9782672518080843815, 5237.9070000000001528, 21.401737897718682291
5237.9170000000003711, 110.70427395498225565, 5237.8729999999995925, 1, 5237.9170000000003711, -15.308411995390269311, 5237.9170000000003711, 2.4822943966212562827, 5237.9170000000003711, 0, 5237.8729999999995925, 0, 5237.9170000000003711, 0, 5237.9170000000003711, 0, 5237.9170000000003711, 0, 5237.8729999999995925, 0, 5237.9170000000003711, 0, 5237.9170000000003711, 0, 5237.9170000000003711, 85.3941658962963146, 5237.8729999999995925, 1, 5237.9170000000003711, 8.6121213440324240196, 5237.9170000000003711, 25.023801826501721024
5237.9219999999995707, 109.19377954462555635, 5237.8779999999997017, 1, 5237.9219999999995707, -14.702366173163399665, 5237.9219999999995707, 1.9631634145915768386, 5237.9219999999995707, 0, 5237.8779999999997017, 0, 5237.9219999999995707, 0, 5237.9219999999995707, 0, 5237.9219999999995707, 0, 5237.8779999999997017, 0, 5237.9219999999995707, 0, 5237.9219999999995707, 0, 5237.9219999999995707, 92.203822217600844624, 5237.8779999999997017, 1, 5237.9219999999995707, 7.8337473849049752417, 5237.9219999999995707, 23.91364080918636148
5237.9219999999995707, 110.35294386280499168, 5237.8840000000000146, 1, 5237.9219999999995707, -12.718707909113135202, 5237.9219999999995707, 2.8132361856045449144, 5237.9219999999995707, 0, 5237.8840000000000146, 0, 5237.9219999999995707, 0, 5237.9219999999995707, 0, 5237.9219999999995707, 0, 5237.8840000000000146, 0, 5237.9219999999995707, 0, 5237.9219999999995707, 0, 5237.9219999999995707, 88.627122371689267766, 5237.8840000000000146, 1, 5237.9219999999995707, 7.7134111220658230224, 5237.9219999999995707, 26.8032143541675687
5237.9250000000001819, 107.82634518706979065, 5237.88799999999992, 1, 5237.9250000000001819, -12.611744207803297968, 5237.9250000000001819, 1.9487542983513108652, 5237.9250000000001819, 0, 5237.88799999999992, 0, 5237.9250000000001819, 0, 5237.9250000000001819, 0, 5237.9250000000001819, 0, 5237.88799999999992, 0, 5237.9250000000001819, 0, 5237.9250000000001819, 0, 5237.9250000000001819, 97.261710890580744149, 5237.88799999999992, 1, 5237.9250000000001819, 6.7561779985264260873, 5237.9250000000001819, 24.878899394111769539
5237.931999999999789, 109.22657714268322593, 5237.8930000000000291, 1, 5237.931999999999789, -10.117121559298059452, 5237.931999999999789, 9.5152348801185269167, 5237.931999999999789, 0, 5237.8930000000000291, 0, 5237.931999999999789, 0, 5237.931999999999789, 0, 5237.931999999999789, 0, 5237.8930000000000291, 0, 5237.931999999999789, 0, 5237.931999999999789, 0, 5237.931999999999789, 90.667813492373113604, 5237.8930000000000291, 1, 5237.931999999999789, 7.2434800477621710257, 5237.931999999999789, 33.559049779686262127
5237.9369999999998981, 106.7791251560197594, 5237.8980000000001382, 1, 5237.9369999999998981, -11.008174371139768155, 5237.9369999999998981, 8.6192690659399815445, 5237.9369999999998981, 0, 5237.8980000000001382, 0, 5237.9369999999998981, 0, 5237.9369999999998981, 0, 5237.9369999999998981, 0, 5237.8980000000001382, 0, 5237.9369999999998981, 0, 5237.9369999999998981, 0, 5237.9369999999998981, 98.390796717209639155, 5237.8980000000001382, 1, 5237.9369999999998981, 5.2316710328438000843, 5237.9369999999998981, 32.318821004095973137
5237.9480000000003201, 107.77626219002598873, 5237.9030000000002474, 1, 5237.9480000000003201, -7.0266109121390911696, 5237.9480000000003201, 9.0953030250579232074, 5237.9480000000003201, 0, 5237.9030000000002474, 0, 5237.9480000000003201, 0, 5237.9480000000003201, 0, 5237.9480000000003201, 0, 5237.9030000000002474, 0, 5237.9480000000003201, 0, 5237.9480000000003201, 0, 5237.9480000000003201, 95.256159154999608063, 5237.9030000000002474, 1, 5237.9480000000003201, 7.3898079988442129107, 5237.9480000000003201, 34.37873019912189676
5237.9480000000003201, 105.68605387776634075, 5237.9080000000003565, 1, 5237.9480000000003201, -7.0119762362344255635, 5237.9480000000003201, 8.3329382622649248447, 5237.9480000000003201, 0, 5237.9080000000003565, 0, 5237.9480000000003201, 0, 5237.9480000000003201, 0, 5237.9480000000003201, 0, 5237.9080000000003565, 0, 5237.9480000000003201, 0, 5237.9480000000003201, 0, 5237.9480000000003201, 101.068190006243384, 5237.9080000000003565, 1, 5237.9480000000003201, 6.2068478319002258203, 5237.9480000000003201, 33.659271009259605023
5237.9520000000002256, 105.82714400677700439, 5237.9129999999995562, 1, 5237.9520000000002256, -6.0414068073877675857, 5237.9520000000002256, 8.2486891127649428768, 5237.9520000000002256, 0, 5237.9129999999995562, 0, 5237.9520000000002256, 0, 5237.9520000000002256, 0, 5237.9520000000002256, 0, 5237.9129999999995562, 0, 5237.9520000000002256, 0, 5237.9520000000002256, 0, 5237.9520000000002256, 101.91553378436242383, 5237.9129999999995562, 1, 5237.9520000000002256, 5.739527560551606733, 5237.9520000000002256, 34.240153924958228515
5237.9620000000004438, 102.64911397906507773, 5237.9179999999996653, 1, 5237.9620000000004438, -8.1278747708052119236, 5237.9620000000004438, 12.276177235961242218, 5237.9620000000004438, 0, 5237.9179999999996653, 0, 5237.9620000000004438, 0, 5237.9620000000004438, 0, 5237.9620000000004438, 0, 5237.9179999999996653, 0, 5237.9620000000004438, 0, 5237.9620000000004438, 0, 5237.9620000000004438, 106.24657845662319744, 5237.9179999999996653, 1, 5237.9620000000004438, 2.8151997016981935573, 5237.9620000000004438, 38.197597213993375931
5237.9620000000004438, 105.0324721793989653, 5237.9229999999997744, 1, 5237.9620000000004438, -0.19732173904783581464, 5237.9620000000004438, 12.818044824236416446, 5237.9620000000004438, 0, 5237.9229999999997744, 0, 5237.9620000000004438, 0, 5237.9620000000004438, 0, 5237.9620000000004438, 0, 5237.9229999999997744, 0, 5237.9620000000004438, 0, 5237.9620000000004438, 0, 5237.9620000000004438, 100.84470024144656009, 5237.9229999999997744, 1, 5237.9620000000004438, 9.0040158805248324825, 5237.9620000000004438, 40.155788840948225982
5237.9719999999997526, 101.15653661687203169, 5237.9279999999998836, 1, 5237.9719999999997526, -8.1887600629942571828, 5237.9719999999997526, 11.703678402224817034, 5237.9719999999997526, 0, 5237.9279999999998836, 0, 5237.9719999999997526, 0, 5237.9719999999997526, 0, 5237.9719999999997526, 0, 5237.9279999999998836, 0, 5237.9719999999997526, 0, 5237.9719999999997526, 0, 5237.9719999999997526, 108.75774828341774025, 5237.9279999999998836, 1, 5237.9719999999997526, 0.25539903722599788249, 5237.9719999999997526, 38.796961283174439927
5237.9719999999997526, 104.07282980541359052, 5237.9329999999999927, 1, 5237.9719999999997526, 3.9023916615348248627, 5237.9719999999997526, 11.824600145763319858, 5237.9719999999997526, 0, 5237.9329999999999927, 0, 5237.9719999999997526, 0, 5237.9719999999997526, 0, 5237.9719999999997526, 0, 5237.9329999999999927, 0, 5237.9719999999997526, 0, 5237.9719999999997526, 0, 5237.9719999999997526, 104.27608450657237427, 5237.9329999999999927, 1, 5237.9719999999997526, 10.772332087435460224, 5237.9719999999997526, 40.266292604188841153
5237.9769999999998618, 99.192448619452306957, 5237.9380000000001019, 1, 5237.9769999999998618, -8.5068904087353924837, 5237.9769999999998618, 10.817360994929174467, 5237.9769999999998618, 0, 5237.9380000000001019, 0, 5237.9769999999998618, 0, 5237.9769999999998618, 0, 5237.9769999999998618, 0, 5237.9380000000001019, 0, 5237.9769999999998618, 0, 5237.9769999999998618, 0, 5237.9769999999998618, 111.90434767969014729, 5237.9380000000001019, 1, 5237.9769999999998618, -2.364423859931980676, 5237.9769999999998618, 38.890340409539021493
5237.9819999999999709, 104.01503113100554287, 5237.943000000000211, 1, 5237.9819999999999709, 7.6201387680918131196, 5237.9819999999999709, 11.055637760975393746, 5237.9819999999999709, 0, 5237.943000000000211, 0, 5237.9819999999999709, 0, 5237.9819999999999709, 0, 5237.9819999999999709, 0, 5237.943000000000211, 0, 5237.9819999999999709, 0, 5237.9819999999999709, 0, 5237.9819999999999709, 105.4379127743864899, 5237.943000000000211, 1, 5237.9819999999999709, 12.242822529007522547, 5237.9819999999999709, 40.511535102165822764
5237.98700000000008, 98.645620577851133248, 5237.9480000000003201, 1, 5237.98700000000008, -8.5210184227771712528, 5237.98700000000008, 10.265099113891380966, 5237.98700000000008, 0, 5237.9480000000003201, 0, 5237.98700000000008, 0, 5237.98700000000008, 0, 5237.98700000000008, 0, 5237.9480000000003201, 0, 5237.98700000000008, 0, 5237.98700000000008, 0, 5237.98700000000008, 112.09043527262170414, 5237.9480000000003201, 1, 5237.98700000000008, -4.6109099712246521818, 5237.98700000000008, 39.285232966818306011
5237.9920000000001892, 102.71210649408263293, 5237.9539999999997235, 1, 5237.9920000000001892, 9.5428780437524949321, 5237.9920000000001892, 9.9911536801132285746, 5237.9920000000001892, 0, 5237.9539999999997235, 0, 5237.9920000000001892, 0, 5237.9920000000001892, 0, 5237.9920000000001892, 0, 5237.9539999999997235, 0, 5237.9920000000001892, 0, 5237.9920000000001892, 0, 5237.9920000000001892, 108.00862029349865168, 5237.9539999999997235, 1, 5237.9920000000001892, 12.331790461263070213, 5237.9920000000001892, 40.201253808512319665
5237.9970000000002983, 98.293233285967517077, 5237.9579999999996289, 1, 5237.9970000000002983, -6.5296189696328665875, 5237.9970000000002983, 9.3359423317202470116, 5237.9970000000002983, 0, 5237.9579999999996289, 0, 5237.9970000000002983, 0, 5237.9970000000002983, 0, 5237.9970000000002983, 0, 5237.9579999999996289, 0, 5237.9970000000002983, 0, 5237.9970000000002983, 0, 5237.9970000000002983, 113.15517268447290178, 5237.9579999999996289, 1, 5237.9970000000002983, -4.5479785535583454603, 5237.9970000000002983, 39.152496070048869115
5238.0020000000004075, 101.60015768528323576, 5237.9629999999997381, 1, 5238.0020000000004075, 8.6862898092818809914, 5238.0020000000004075, 9.0602302072672671329, 5238.0020000000004075, 0, 5237.9629999999997381, 0, 5238.0020000000004075, 0, 5238.0020000000004075, 0, 5238.0020000000004075, 0, 5237.9629999999997381, 0, 5238.0020000000004075, 0, 5238.0020000000004075, 0, 5238.0020000000004075, 109.47980861048705492, 5237.9629999999997381, 1, 5238.0020000000004075, 9.8753684786461111145, 5238.0020000000004075, 39.852402864686510497
5238.0069999999996071, 96.996405993590911976, 5237.9679999999998472, 1, 5238.0069999999996071, -2.7137299723673686813, 5238.0069999999996071, 15.424942184860221062, 5238.0069999999996071, 0, 5237.9679999999998472, 0, 5238.0069999999996071, 0, 5238.0069999999996071, 0, 5238.0069999999996071, 0, 5237.9679999999998472, 0, 5238.0069999999996071, 0, 5238.0069999999996071, 0, 5238.0069999999996071, 111.44500957200233415, 5237.9679999999998472, 1, 5238.0069999999996071, -2.4051380764542380497, 5238.0069999999996071, 47.051921323317237977
5238.0119999999997162, 100.38996074242058398, 5237.9740000000001601, 1, 5238.0119999999997162, 4.7515731509827476842, 5238.0119999999997162, 5.8252847580557087781, 5238.0119999999997162, 0, 5237.9740000000001601, 0, 5238.0119999999997162, 0, 5238.0119999999997162, 0, 5238.0119999999997162, 0, 5237.9740000000001601, 0, 5238.0119999999997162, 0, 5238.0119999999997162, 0, 5238.0119999999997162, 114.53669900018797989, 5237.9740000000001601, 1, 5238.0119999999997162, 9.6147906266968199418, 5238.0119999999997162, 29.528851153954526865
5238.0219999999999345, 97.931089391048118387, 5237.9780000000000655, 1, 5238.0219999999999345, -1.0598530169130815359, 5238.0219999999999345, 4.6462553942937176998, 5238.0219999999999345, 0, 5237.9780000000000655, 0, 5238.0219999999999345, 0, 5238.0219999999999345, 0, 5238.0219999999999345, 0, 5237.9780000000000655, 0, 5238.0219999999999345, 0, 5238.0219999999999345, 0, 5238.0219999999999345, 119.20225274187549758, 5237.9780000000000655, 1, 5238.0219999999999345, 3.0432841562372159316, 5238.0219999999999345, 27.697876342656236659
5238.0219999999999345, 98.818206691699387534, 5237.9830000000001746, 1, 5238.0219999999999345, 3.5108510201708251763, 5238.0219999999999345, 4.0640561144349405254, 5238.0219999999999345, 0, 5237.9830000000001746, 0, 5238.0219999999999345, 0, 5238.0219999999999345, 0, 5238.0219999999999345, 0, 5237.9830000000001746, 0, 5238.0219999999999345, 0, 5238.0219999999999345, 0, 5238.0219999999999345, 117.8577656286560682, 5237.9830000000001746, 1, 5238.0219999999999345, 7.3665732090069084848, 5238.0219999999999345, 27.62645372050299386
5238.0270000000000437, 97.484726869367676727, 5237.9880000000002838, 1, 5238.0270000000000437, 1.6738009226801671137, 5238.0270000000000437, 2.7687556384639009366, 5238.0270000000000437, 0, 5237.9880000000002838, 0, 5238.0270000000000437, 0, 5238.0270000000000437, 0, 5238.0270000000000437, 0, 5237.9880000000002838, 0, 5238.0270000000000437, 0, 5238.0270000000000437, 0, 5238.0270000000000437, 121.22197905875566448, 5237.9880000000002838, 1, 5238.0270000000000437, 4.9997179702097866993, 5238.0270000000000437, 25.914548874380301413
5238.0370000000002619, 97.389234729604780227, 5237.9930000000003929, 1, 5238.0370000000002619, 3.4874668139302338332, 5238.0370000000002619, 1.8045277018422396509, 5238.0370000000002619, 0, 5237.9930000000003929, 0, 5238.0370000000002619, 0, 5238.0370000000002619, 0, 5238.0370000000002619, 0, 5237.9930000000003929, 0, 5238.0370000000002619, 0, 5238.0370000000002619, 0, 5238.0370000000002619, 121.40326224923158804, 5237.9930000000003929, 1, 5238.0370000000002619, 6.6006668985458638588, 5238.0370000000002619, 25.078221337901396737
5238.0370000000002619, 96.492839074600510685, 5237.9979999999995925, 1, 5238.0370000000002619, 3.3648732341201856855, 5238.0370000000002619, 0.38755572153169737248, 5238.0370000000002619, 0, 5237.9979999999995925, 0, 5238.0370000000002619, 0, 5238.0370000000002619, 0, 5238.0370000000002619, 0, 5237.9979999999995925, 0, 5238.0370000000002619, 0, 5238.0370000000002619, 0, 5238.0370000000002619, 123.7573579967103683, 5237.9979999999995925, 1, 5238.0370000000002619, 6.0469914355333322931, 5238.0370000000002619, 23.360635515045984789
5238.0420000000003711, 95.96990630103604758, 5238.0039999999999054, 1, 5238.0420000000003711, 4.2161530121935042459, 5238.0420000000003711, -0.88307320607383132938, 5238.0420000000003711, 0, 5238.0039999999999054, 0, 5238.0420000000003711, 0, 5238.0420000000003711, 0, 5238.0420000000003711, 0, 5238.0039999999999054, 0, 5238.0420000000003711, 0, 5238.0420000000003711, 0, 5238.0420000000003711, 124.37724611710390832, 5238.0039999999999054, 1, 5238.0420000000003711, 6.626607229441532354, 5238.0420000000003711, 22.041688781607703618
5238.0460000000002765, 94.238065131202674252, 5238.0079999999998108, 1, 5238.0460000000002765, 6.6276471244887318335, 5238.0460000000002765, 12.802436715665777456, 5238.0460000000002765, 0, 5238.0079999999998108, 0, 5238.0460000000002765, 0, 5238.0460000000002765, 0, 5238.0460000000002765, 0, 5238.0079999999998108, 0, 5238.0460000000002765, 0, 5238.0460000000002765, 0, 5238.0460000000002765, 118.26990252345760268, 5238.0079999999998108, 1, 5238.0460000000002765, 3.6642998015380876531, 5238.0460000000002765, 47.739429065799726004
5238.0510000000003856, 95.081506683093877541, 5238.01299999999992, 1, 5238.0510000000003856, 4.175590709112155352, 5238.0510000000003856, 3.3322301817537862689, 5238.0510000000003856, 0, 5238.01299999999992, 0, 5238.0510000000003856, 0, 5238.0510000000003856, 0, 5238.0510000000003856, 0, 5238.01299999999992, 0, 5238.0510000000003856, 0, 5238.0510000000003856, 0, 5238.0510000000003856, 123.26674459749564505, 5238.01299999999992, 1, 5238.0510000000003856, 7.2428592423279072321, 5238.0510000000003856, 26.550504750774670981
5238.0559999999995853, 94.023267738051472975, 5238.0180000000000291, 1, 5238.0559999999995853, 4.4622661307827620192, 5238.0559999999995853, 1.4014674782144780352, 5238.0559999999995853, 0, 5238.0180000000000291, 0, 5238.0559999999995853, 0, 5238.0559999999995853, 0, 5238.0559999999995853, 0, 5238.0180000000000291, 0, 5238.0559999999995853, 0, 5238.0559999999995853, 0, 5238.0559999999995853, 125.53152799754096236, 5238.0180000000000291, 1, 5238.0559999999995853, 7.3270912093576594515, 5238.0559999999995853, 24.358738165421314648
5238.0609999999996944, 94.355816025237444933, 5238.0230000000001382, 1, 5238.0609999999996944, 4.7550256258429239864, 5238.0609999999996944, 0.0326680706042097313, 5238.0609999999996944, 0, 5238.0230000000001382, 0, 5238.0609999999996944, 0, 5238.0609999999996944, 0, 5238.0609999999996944, 0, 5238.0230000000001382, 0, 5238.0609999999996944, 0, 5238.0609999999996944, 0, 5238.0609999999996944, 124.04566989305743618, 5238.0230000000001382, 1, 5238.0609999999996944, 7.1117093252952088278, 5238.0609999999996944, 23.111080238146548993
5238.0670000000000073, 93.749664562051279404, 5238.0280000000002474, 1, 5238.0670000000000073, 4.8851195240505891348, 5238.0670000000000073, -2.0653697754372757345, 5238.0670000000000073, 0, 5238.0280000000002474, 0, 5238.0670000000000073, 0, 5238.0670000000000073, 0, 5238.0670000000000073, 0, 5238.0280000000002474, 0, 5238.0670000000000073, 0, 5238.0670000000000073, 0, 5238.0670000000000073, 126.2184960712942825, 5238.0280000000002474, 1, 5238.0670000000000073, 7.4420575791016432277, 5238.0670000000000073, 20.689728862687751132
5238.0720000000001164, 94.902832152486610084, 5238.0330000000003565, 1, 5238.0720000000001164, 4.5369231248057513284, 5238.0720000000001164, -4.795911245977727333, 5238.0720000000001164, 0, 5238.0330000000003565, 0, 5238.0720000000001164, 0, 5238.0720000000001164, 0, 5238.0720000000001164, 0, 5238.0330000000003565, 0, 5238.0720000000001164, 0, 5238.0720000000001164, 0, 5238.0720000000001164, 122.67451291184023887, 5238.0330000000003565, 1, 5238.0720000000001164, 6.2726835900459363415, 5238.0720000000001164, 18.198275260714673607
5238.0770000000002256, 96.149279212707597253, 5238.0379999999995562, 1, 5238.0770000000002256, -1.6438471732458663777, 5238.0770000000002256, -1.7472157717933711751, 5238.0770000000002256, 0, 5238.0379999999995562, 0, 5238.0770000000002256, 0, 5238.0770000000002256, 0, 5238.0770000000002256, 299.02855077332719702, 5238.0379999999995562, 0, 5238.0770000000002256, -46.786322577100079911, 5238.0770000000002256, -121.95899093318648454, 5238.0770000000002256, 104.59916407368041291, 5238.0379999999995562, 1, 5238.0770000000002256, -6.0877458326907749608, 5238.0770000000002256, 21.795564541057046881
5238.0820000000003347, 83.505928628120216217, 5238.0429999999996653, 1, 5238.0820000000003347, -5.5019963287540329944, 5238.0820000000003347, 24.204150874838589402, 5238.0820000000003347, 246.71568666773697487, 5238.0429999999996653, 0, 5238.0820000000003347, 16.556405676611426259, 5238.0820000000003347, 20.473523144550810571, 5238.0820000000003347, 240.09082109492078416, 5238.0429999999996653, 0, 5238.0820000000003347, -63.861215297992906414, 5238.0820000000003347, -13.075242155324872328, 5238.0820000000003347, 27.669010206268190188, 5238.0429999999996653, 1, 5238.0820000000003347, -19.574789169960347124, 5238.0820000000003347, 24.997939890308046529
5238.0870000000004438, 37.850822593255109894, 5238.0489999999999782, 1, 5238.0870000000004438, 14.553648452639265543, 5238.0870000000004438, 14.100454986450557726, 5238.0870000000004438, 179.80746574574601482, 5238.0489999999999782, 0, 5238.0870000000004438, 31.955954286115961338, 5238.0870000000004438, 8.415104773293748508, 5238.0870000000004438, 145.14426883222031961, 5238.0489999999999782, 0, 5238.0870000000004438, -33.993572579709152137, 5238.0870000000004438, 22.806518678889027285, 5238.0870000000004438, 20.35275518843648257, 5238.0489999999999782, 1, 5238.0870000000004438, -11.813837161743085957, 5238.0870000000004438, 17.979054477481000163
5238.0919999999996435, 11.839132474938047324, 5238.0529999999998836, 1, 5238.0919999999996435, 8.1756569937193415143, 5238.0919999999996435, 7.2349140851450179923, 5238.0919999999996435, 103.70500046607628519, 5238.0529999999998836, 0, 5238.0919999999996435, 17.358734774351340491, 5238.0919999999996435, 8.795212435622040914, 5238.0919999999996435, 105.73906058653825824, 5238.0529999999998836, 0, 5238.0919999999996435, -21.003869450904577576, 5238.0919999999996435, 14.663895243664214263, 5238.0919999999996435, 24.718920822883891475, 5238.0529999999998836, 1, 5238.0919999999996435, -4.7066169094806484807, 5238.0919999999996435, 20.464822340598537664
5238.0950000000002547, 7.3867347166567149941, 5238.0590000000001965, 1, 5238.0950000000002547, 5.0840683120660941086, 5238.0950000000002547, 4.8412850113131149499, 5238.0950000000002547, 52.815499746805329551, 5238.0590000000001965, 0, 5238.0950000000002547, 7.0643612750844670956, 5238.0950000000002547, 7.4444295917724616629, 5238.0950000000002547, 67.068338308245273538, 5238.0590000000001965, 0, 5238.0950000000002547, -9.203216209581460916, 5238.0950000000002547, 9.8179659166281645355, 5238.0950000000002547, 30.307628365981180707, 5238.0590000000001965, 1, 5238.0950000000002547, 0.75166892904211435322, 5238.0950000000002547, 23.939484539125402307
5238.1059999999997672, 7.5227914696175890441, 5238.0630000000001019, 1, 5238.1059999999997672, 5.0407706717481168823, 5238.1059999999997672, 3.7965532706877014313, 5238.1059999999997672, 32.340497434786087183, 5238.0630000000001019, 0, 5238.1059999999997672, 1.863375552062882079, 5238.1059999999997672, 4.5501688519442904379, 5238.1059999999997672, 49.971558788404692564, 5238.0630000000001019, 0, 5238.1059999999997672, -3.6201895852648795504, 5238.1059999999997672, 6.9481558483163219364, 5238.1059999999997672, 38.091395115771234714, 5238.0630000000001019, 1, 5238.1059999999997672, 3.8034480217244071021, 5238.1059999999997672, 23.05976444768914746
5238.1059999999997672, 10.184861429376939057, 5238.068000000000211, 1, 5238.1059999999997672, 6.6577271477916335485, 5238.1059999999997672, 3.5283205649744950883, 5238.1059999999997672, 25.804673934877502717, 5238.068000000000211, 0, 5238.1059999999997672, -0.78196528384890562346, 5238.1059999999997672, 1.0447931317016774244, 5238.1059999999997672, 40.222832059210929856, 5238.068000000000211, 0, 5238.1059999999997672, -0.79066117542243730121, 5238.1059999999997672, 5.4516555587946218253, 5238.1059999999997672, 42.69012835475657397, 5238.068000000000211, 1, 5238.1059999999997672, 5.242134258129418356, 5238.1059999999997672, 22.448853362590060811
5238.11200000000008, 14.306624413209288349, 5238.0730000000003201, 1, 5238.11200000000008, 9.2328990917787496784, 5238.11200000000008, 3.7591807871442126654, 5238.11200000000008, 23.548791551650943177, 5238.0730000000003201, 0, 5238.11200000000008, -2.5435361337687436567, 5238.11200000000008, -2.4688797721862147938, 5238.11200000000008, 30.349614452052030344, 5238.0730000000003201, 0, 5238.11200000000008, 1.1936487050624073891, 5238.11200000000008, 4.3522004272365197863, 5238.11200000000008, 46.650244633383181281, 5238.0730000000003201, 1, 5238.11200000000008, 5.7811929676678932566, 5238.11200000000008, 22.40219330866727887
5238.1170000000001892, 19.914668208939136917, 5238.0789999999997235, 1, 5238.1170000000001892, 9.0143957316678928748, 5238.1170000000001892, 4.2714015313438258303, 5238.1170000000001892, 27.729942820634732925, 5238.0789999999997235, 1, 5238.1170000000001892, -3.136412240412437491, 5238.1170000000001892, -5.7083551732344339769, 5238.1170000000001892, 26.516579279861360874, 5238.0789999999997235, 1, 5238.1170000000001892, 1.448194933894484393, 5238.1170000000001892, 3.6679213513010502368, 5238.1170000000001892, 49.491949112720952542, 5238.0789999999997235, 1, 5238.1170000000001892, 5.7201836714064979716, 5238.1170000000001892, 22.415045911738676665
5238.1220000000002983, 28.66422819741916328, 5238.0829999999996289, 1, 5238.1220000000002983, 6.803000030491855199, 5238.1220000000002983, 6.8989246625995601647, 5238.1220000000002983, 32.722401380845099084, 5238.0829999999996289, 1, 5238.1220000000002983, -2.8039280410665763377, 5238.1220000000002983, -7.1895153438500685183, 5238.1220000000002983, 24.10194465191808888, 5238.0829999999996289, 1, 5238.1220000000002983, 1.9204305887659636198, 5238.1220000000002983, 3.9251684142391223276, 5238.1220000000002983, 49.563750398458722657, 5238.0829999999996289, 1, 5238.1220000000002983, 5.8928875867797092525, 5238.1220000000002983, 25.713682203450385799
5238.1289999999999054, 35.875515333285221686, 5238.0879999999997381, 1, 5238.1289999999999054, 5.3884138626035236186, 5238.1289999999999054, 7.6454526983640196391, 5238.1289999999999054, 38.242128364453051859, 5238.0879999999997381, 1, 5238.1289999999999054, -1.9125282106450363084, 5238.1289999999999054, -9.5780375089315956671, 5238.1289999999999054, 24.578382847863345262, 5238.0879999999997381, 1, 5238.1289999999999054, 1.9287261787826921466, 5238.1289999999999054, 2.8430088961410042714, 5238.1289999999999054, 50.284314167125344852, 5238.0879999999997381, 1, 5238.1289999999999054, 5.8914318070894307056, 5238.1289999999999054, 25.377822035017366886
5238.1319999999996071, 41.879912196833316784, 5238.0929999999998472, 1, 5238.1319999999996071, 4.1906759165443885351, 5238.1319999999996071, 8.0847877275469173242, 5238.1319999999996071, 42.755702399846022388, 5238.0929999999998472, 1, 5238.1319999999996071, -1.0935701894491403063, 5238.1319999999996071, -11.774397964905862324, 5238.1319999999996071, 25.045926375642267203, 5238.0929999999998472, 1, 5238.1319999999996071, 1.8649844328481828271, 5238.1319999999996071, 1.6736620793424599185, 5238.1319999999996071, 50.597301430464916905, 5238.0929999999998472, 1, 5238.1319999999996071, 5.7273231503035697543, 5238.1319999999996071, 24.918534971652512411
5238.1369999999997162, 47.48682268807252882, 5238.0979999999999563, 1, 5238.1369999999997162, 3.0835590354485287179, 5238.1369999999997162, 8.3857434464513325167, 5238.1369999999997162, 46.548042113301889344, 5238.0979999999999563, 1, 5238.1369999999997162, -0.33316622767872061672, 5238.1369999999997162, -13.847365177396962821, 5238.1369999999997162, 25.271818109822497433, 5238.0979999999999563, 1, 5238.1369999999997162, 1.8089718521232087678, 5238.1369999999997162, 0.48341660464553726229, 5238.1369999999997162, 50.814171612423820079, 5238.0979999999999563, 1, 5238.1369999999997162, 5.5001519530319118445, 5238.1369999999997162, 24.42384913894935039
5238.1419999999998254, 50.634361158237481959, 5238.1040000000002692, 1, 5238.1419999999998254, 2.4692051619333335033, 5238.1419999999998254, 8.2830574407806398796, 5238.1419999999998254, 49.792567793299276957, 5238.1040000000002692, 1, 5238.1419999999998254, 0.35147532348654408896, 5238.1419999999998254, -15.447607422310401404, 5238.1419999999998254, 25.897609851237159972, 5238.1040000000002692, 1, 5238.1419999999998254, 1.5904468604421662103, 5238.1419999999998254, -0.46107923957208640786, 5238.1419999999998254, 49.685238015004017598, 5238.1040000000002692, 1, 5238.1419999999998254, 5.0019933028227123728, 5238.1419999999998254, 23.69686508841748207
5238.1469999999999345, 53.495080393483704029, 5238.1080000000001746, 1, 5238.1469999999999345, 1.9008643339319848398, 5238.1469999999999345, 8.1067565253145374982, 5238.1469999999999345, 52.513534306487358094, 5238.1080000000001746, 1, 5238.1469999999999345, 0.97146902680949343001, 5238.1469999999999345, -16.968553942031483928, 5238.1469999999999345, 26.575781077422004017, 5238.1080000000001746, 1, 5238.1469999999999345, 1.3831789666785356818, 5238.1469999999999345, -1.4676617343203588462, 5238.1469999999999345, 48.942254479371896991, 5238.1080000000001746, 1, 5238.1469999999999345, 4.58418149361362115, 5238.1469999999999345, 23.004804501869408284
5238.1559999999999491, 54.928826492157710959, 5238.113999999999578, 1, 5238.1559999999999491, 1.620680698491880678, 5238.1559999999999491, 7.7158257363265363438, 5238.1559999999999491, 54.445606367690402294, 5238.113999999999578, 1, 5238.1559999999999491, 1.4234857656471227028, 5238.1559999999999491, -18.197986652183285372, 5238.1559999999999491, 27.003359928782760591, 5238.113999999999578, 1, 5238.1559999999999491, 1.1919721876095199509, 5238.1559999999999491, -2.2988450027649367513, 5238.1559999999999491, 47.392964008781873986, 5238.113999999999578, 1, 5238.1559999999999491, 4.0444187758057781323, 5238.1559999999999491, 22.198408837313174047
5238.1559999999999491, 58.312752516523559621, 5238.1180000000003929, 1, 5238.1559999999999491, 0.83044852462247376046, 5238.1559999999999491, 14.218871453875470579, 5238.1559999999999491, 57.00894236583216923, 5238.1180000000003929, 1, 5238.1559999999999491, 1.7075793768739517819, 5238.1559999999999491, -16.69191191887469472, 5238.1559999999999491, 27.741442989075828507, 5238.1180000000003929, 1, 5238.1559999999999491, 0.97468746759219848652, 5238.1559999999999491, -1.8707388872633110566, 5238.1559999999999491, 47.181338743079159315, 5238.1180000000003929, 1, 5238.1559999999999491, 4.2647931132288885436, 5238.1559999999999491, 27.678890603181251606
5238.1670000000003711, 54.269708163597336181, 5238.1229999999995925, 1, 5238.1670000000003711, 1.9351464933474005203, 5238.1670000000003711, 32.63241606724687216, 5238.1670000000003711, 56.21096906970029039, 5238.1229999999995925, 1, 5238.1670000000003711, 1.0646262486394417746, 5238.1670000000003711, -18.344482393976619505, 5238.1670000000003711, 33.706342000840862738, 5238.1229999999995925, 1, 5238.1670000000003711, -0.85555259310110998161, 5238.1670000000003711, -4.983298299292734157, 5238.1670000000003711, 47.855519511194898996, 5238.1229999999995925, 1, 5238.1670000000003711, 4.1304124214516440006, 5238.1670000000003711, 36.557639971556476155
5238.1710000000002765, 35.693939445424504697, 5238.1289999999999054, 1, 5238.1710000000002765, 2.2053029355266220435, 5238.1710000000002765, 24.805101426441957813, 5238.1710000000002765, 54.193271410054649095, 5238.1289999999999054, 1, 5238.1710000000002765, 0.81382130083754355976, 5238.1710000000002765, -21.171900960711383277, 5238.1710000000002765, 45.332577593310247721, 5238.1289999999999054, 1, 5238.1710000000002765, -4.0328544106835870764, 5238.1710000000002765, -10.534223937551487893, 5238.1710000000002765, 32.965416096524009504, 5238.1289999999999054, 1, 5238.1710000000002765, 1.9633121185410529197, 5238.1710000000002765, 25.659170334443125228
5238.1760000000003856, 0, 5238.1329999999998108, 1, 5238.1760000000003856, 0, 5238.1760000000003856, 0, 5238.1760000000003856, 62.104826279839628, 5238.1329999999998108, 1, 5238.1760000000003856, 4.1283846119816161035, 5238.1760000000003856, -25.433392889726206931, 5238.1760000000003856, 66.58360469000949422, 5238.1329999999998108, 1, 5238.1760000000003856, -7.2248862434230503027, 5238.1760000000003856, -17.159156117741815706, 5238.1760000000003856, 0, 5238.1329999999998108, 1, 5238.1760000000003856, 0, 5238.1760000000003856, 0
5238.181999999999789, 0, 5238.13799999999992, 1, 5238.181999999999789, 0, 5238.181999999999789, 0, 5238.181999999999789, 76.725550961283857987, 5238.13799999999992, 1, 5238.181999999999789, 7.3522752990987640942, 5238.181999999999789, -27.666491997200413522, 5238.181999999999789, 71.613088488243903385, 5238.13799999999992, 1, 5238.181999999999789, -6.6032681148751120048, 5238.181999999999789, -17.01899554200220166, 5238.181999999999789, 0, 5238.13799999999992, 1, 5238.181999999999789, 0, 5238.181999999999789, 0
5238.1890000000003056, 0, 5238.1430000000000291, 1, 5238.1890000000003056, 0, 5238.1890000000003056, 0, 5238.1890000000003056, 89.057063308893717135, 5238.1430000000000291, 1, 5238.1890000000003056, 10.416265003452833682, 5238.1890000000003056, -25.635749168186613645, 5238.1890000000003056, 68.473727554627856762, 5238.1430000000000291, 1, 5238.1890000000003056, -5.7877130871707613835, 5238.1890000000003056, -11.735436855266630829, 5238.1890000000003056, 0, 5238.1430000000000291, 1, 5238.1890000000003056, 0, 5238.1890000000003056, 0
5238.1920000000000073, 0, 5238.1480000000001382, 1, 5238.1920000000000073, 0, 5238.1920000000000073, 0, 5238.1920000000000073, 100.65310843652846984, 5238.1480000000001382, 1, 5238.1920000000000073, 12.363682583350792399, 5238.1920000000000073, -26.65562095163054579, 5238.1920000000000073, 74.326099945820800485, 5238.1480000000001382, 1, 5238.1920000000000073, -3.3405236212946376462, 5238.1920000000000073, -11.473093309627536485, 5238.1920000000000073, 0, 5238.1480000000001382, 1, 5238.1920000000000073, 0, 5238.1920000000000073, 0
5238.1970000000001164, 0, 5238.1540000000004511, 0, 5238.1970000000001164, 0, 5238.1970000000001164, 0, 5238.1970000000001164, 107.80028256442435008, 5238.1540000000004511, 1, 5238.1970000000001164, 14.369515095100201307, 5238.1970000000001164, -25.051014267338260311, 5238.1970000000001164, 68.291763881580109796, 5238.1540000000004511, 1, 5238.1970000000001164, -3.7063223381088379327, 5238.1970000000001164, -7.2041824432485199736, 5238.1970000000001164, 0, 5238.1540000000004511, 0, 5238.1970000000001164, 0, 5238.1970000000001164, 0
5238.1970000000001164, 0, 5238.1580000000003565, 0, 5238.1970000000001164, 0, 5238.1970000000001164, 0, 5238.1970000000001164, 116.1802074960840514, 5238.1580000000003565, 1, 5238.1970000000001164, 16.279449872966868185, 5238.1970000000001164, -25.75231174313955762, 5238.1970000000001164, 71.533711214005762713, 5238.1580000000003565, 1, 5238.1970000000001164, 0.044574545909132352872, 5238.1970000000001164, -6.6535096343514652517, 5238.1970000000001164, 0, 5238.1580000000003565, 0, 5238.1970000000001164, 0, 5238.1970000000001164, 0
5238.2070000000003347, 0, 5238.1639999999997599, 0, 5238.2070000000003347, 0, 5238.2070000000003347, 0, 5238.2070000000003347, 120.37408969625147392, 5238.1639999999997599, 1, 5238.2070000000003347, 17.442709976458502297, 5238.2070000000003347, -24.426073938750505476, 5238.2070000000003347, 64.218052716660082524, 5238.1639999999997599, 1, 5238.2070000000003347, -0.3548221126641401546, 5238.2070000000003347, -2.6778579518576250962, 5238.2070000000003347, 0, 5238.1639999999997599, 0, 5238.2070000000003347, 0, 5238.2070000000003347, 0
5238.2070000000003347, 0, 5238.1679999999996653, 0, 5238.2070000000003347, 0, 5238.2070000000003347, 0, 5238.2070000000003347, 125.72774111587096968, 5238.1679999999996653, 1, 5238.2070000000003347, 18.585246266876648491, 5238.2070000000003347, -24.690308264388711734, 5238.2070000000003347, 66.984765511845338892, 5238.1679999999996653, 1, 5238.2070000000003347, 3.2162841001497977089, 5238.2070000000003347, -2.1445969134940270351, 5238.2070000000003347, 0, 5238.1679999999996653, 0, 5238.2070000000003347, 0, 5238.2070000000003347, 0
5238.2160000000003492, 0, 5238.1729999999997744, 0, 5238.2160000000003492, 0, 5238.2160000000003492, 0, 5238.2160000000003492, 127.1750416699682944, 5238.1729999999997744, 1, 5238.2160000000003492, 19.065715326201747359, 5238.2160000000003492, -23.33576439382630241, 5238.2160000000003492, 61.177514809326993372, 5238.1729999999997744, 1, 5238.2160000000003492, 2.4579867605281440213, 5238.2160000000003492, 1.0965275620543728508, 5238.2160000000003492, 0, 5238.1729999999997744, 0, 5238.2160000000003492, 0, 5238.2160000000003492, 0
5238.2219999999997526, 0, 5238.1779999999998836, 0, 5238.2219999999997526, 0, 5238.2219999999997526, 0, 5238.2219999999997526, 130.74683381631260204, 5238.1779999999998836, 1, 5238.2219999999997526, 19.774081660674472261, 5238.2219999999997526, -23.483764179387542015, 5238.2219999999997526, 64.651648894327848893, 5238.1779999999998836, 1, 5238.2219999999997526, 5.4549394590371500513, 5238.2219999999997526, 1.2586992904758673717, 5238.2219999999997526, 0, 5238.1779999999998836, 0, 5238.2219999999997526, 0, 5238.2219999999997526, 0
5238.2269999999998618, 0, 5238.1829999999999927, 0, 5238.2269999999998618, 0, 5238.2269999999998618, 0, 5238.2269999999998618, 131.40158842919913695, 5238.1829999999999927, 1, 5238.2269999999998618, 19.961109545478766591, 5238.2269999999998618, -22.017499716644124419, 5238.2269999999998618, 59.13184931984999082, 5238.1829999999999927, 1, 5238.2269999999998618, 4.5323588649597796874, 5238.2269999999998618, 4.3742928962480682742, 5238.2269999999998618, 0, 5238.1829999999999927, 0, 5238.2269999999998618, 0, 5238.2269999999998618, 0
5238.2319999999999709, 0, 5238.1880000000001019, 0, 5238.2319999999999709, 0, 5238.2319999999999709, 0, 5238.2319999999999709, 133.31770785999094642, 5238.1880000000001019, 1, 5238.2319999999999709, 21.565695848555744618, 5238.2319999999999709, -21.219820887723443548, 5238.2319999999999709, 63.01443994052384312, 5238.1880000000001019, 1, 5238.2319999999999709, 6.242302365926294172, 5238.2319999999999709, 3.6313534887636507165, 5238.2319999999999709, 0, 5238.1880000000001019, 0, 5238.2319999999999709, 0, 5238.2319999999999709, 0
5238.23700000000008, 0, 5238.193000000000211, 0, 5238.23700000000008, 0, 5238.23700000000008, 0, 5238.23700000000008, 131.56316390729713817, 5238.193000000000211, 1, 5238.23700000000008, 21.146489544209256195, 5238.23700000000008, -19.37060270472008483, 5238.23700000000008, 60.861232980388791702, 5238.193000000000211, 1, 5238.23700000000008, 4.3059962515135099537, 5238.23700000000008, 5.6687944378501704534, 5238.23700000000008, 0, 5238.193000000000211, 0, 5238.23700000000008, 0, 5238.23700000000008, 0
5238.23700000000008, 0, 5238.1980000000003201, 0, 5238.23700000000008, 0, 5238.23700000000008, 0, 5238.23700000000008, 132.99912856945263684, 5238.1980000000003201, 1, 5238.23700000000008, 21.014986518532339232, 5238.23700000000008, -19.42675029837977263, 5238.23700000000008, 65.088893925391914763, 5238.1980000000003201, 1, 5238.23700000000008, 6.2939662588574716295, 5238.23700000000008, 5.3205743841023540597, 5238.23700000000008, 0, 5238.1980000000003201, 0, 5238.23700000000008, 0, 5238.23700000000008, 0
5238.2470000000002983, 0, 5238.2030000000004293, 0, 5238.2470000000002983, 0, 5238.2470000000002983, 0, 5238.2470000000002983, 131.7361970055759457, 5238.2030000000004293, 1, 5238.2470000000002983, 20.568591745200468068, 5238.2470000000002983, -18.280950123143810515, 5238.2470000000002983, 62.425044916499459191, 5238.2030000000004293, 1, 5238.2470000000002983, 4.6767769234913219023, 5238.2470000000002983, 7.2184574629926032685, 5238.2470000000002983, 0, 5238.2030000000004293, 0, 5238.2470000000002983, 0, 5238.2470000000002983, 0
5238.2520000000004075, 0, 5238.2079999999996289, 0, 5238.2520000000004075, 0, 5238.2520000000004075, 0, 5238.2520000000004075, 131.4920537232213178, 5238.2079999999996289, 1, 5238.2520000000004075, 19.900133110775477974, 5238.2520000000004075, -18.522096529586235647, 5238.2520000000004075, 68.175937593910603596, 5238.2079999999996289, 1, 5238.2520000000004075, 6.1336607153621924837, 5238.2520000000004075, 6.1156354152053715723, 5238.2520000000004075, 0, 5238.2079999999996289, 0, 5238.2520000000004075, 0, 5238.2520000000004075, 0
5238.2520000000004075, 0, 5238.2129999999997381, 0, 5238.2520000000004075, 0, 5238.2520000000004075, 0, 5238.2520000000004075, 130.24105386847952559, 5238.2129999999997381, 1, 5238.2520000000004075, 19.365216953912586462, 5238.2520000000004075, -17.466863935472247249, 5238.2520000000004075, 65.817608065210094992, 5238.2129999999997381, 1, 5238.2520000000004075, 4.3168317015078061516, 5238.2520000000004075, 7.8303396209867557332, 5238.2520000000004075, 0, 5238.2129999999997381, 0, 5238.2520000000004075, 0, 5238.2520000000004075, 0
5238.2619999999997162, 0, 5238.2179999999998472, 0, 5238.2619999999997162, 0, 5238.2619999999997162, 0, 5238.2619999999997162, 129.26562109893629327, 5238.2179999999998472, 1, 5238.2619999999997162, 18.541897119039777664, 5238.2619999999997162, -17.882917691020246309, 5238.2619999999997162, 72.698505701526414668, 5238.2179999999998472, 1, 5238.2619999999997162, 5.4196736853989939675, 5238.2619999999997162, 6.1924092476897953929, 5238.2619999999997162, 0, 5238.2179999999998472, 0, 5238.2619999999997162, 0, 5238.2619999999997162, 0
5238.2669999999998254, 0, 5238.2229999999999563, 0, 5238.2669999999998254, 0, 5238.2669999999998254, 0, 5238.2669999999998254, 128.445616892873403, 5238.2229999999999563, 1, 5238.2669999999998254, 17.861348764602219319, 5238.2669999999998254, -16.717702288673486066, 5238.2669999999998254, 68.98997207736667292, 5238.2229999999999563, 1, 5238.2669999999998254, 3.7029628050817278151, 5238.2669999999998254, 8.3393921035610034664, 5238.2669999999998254, 0, 5238.2229999999999563, 0, 5238.2669999999998254, 0, 5238.2669999999998254, 0
5238.2669999999998254, 0, 5238.2290000000002692, 0, 5238.2669999999998254, 0, 5238.2669999999998254, 0, 5238.2669999999998254, 127.39789314210737814, 5238.2290000000002692, 1, 5238.2669999999998254, 17.065040824538073139, 5238.2669999999998254, -17.144128474825720332, 5238.2669999999998254, 75.700046597462048226, 5238.2290000000002692, 1, 5238.2669999999998254, 4.7646764506825194374, 5238.2669999999998254, 6.6859211029961684858, 5238.2669999999998254, 0, 5238.2290000000002692, 0, 5238.2669999999998254, 0, 5238.2669999999998254, 0
5238.2719999999999345, 0, 5238.2330000000001746, 0, 5238.2719999999999345, 0, 5238.2719999999999345, 0, 5238.2719999999999345, 126.06379929954010777, 5238.2330000000001746, 1, 5238.2719999999999345, 14.704026442535058194, 5238.2719999999999345, -2.5242015144930789461, 5238.2719999999999345, 73.92742021691837806, 5238.2330000000001746, 1, 5238.2719999999999345, 3.779722917118955916, 5238.2719999999999345, 16.907488437423463523, 5238.2719999999999345, 0, 5238.2330000000001746, 0, 5238.2719999999999345, 0, 5238.2719999999999345, 0
5238.2820000000001528, 0, 5238.2380000000002838, 0, 5238.2820000000001528, 0, 5238.2820000000001528, 0, 5238.2820000000001528, 125.53565916829769833, 5238.2380000000002838, 1, 5238.2820000000001528, 13.759545003593514068, 5238.2820000000001528, -2.9660090572787964902, 5238.2820000000001528, 79.138027585342598513, 5238.2380000000002838, 1, 5238.2820000000001528, 4.7354389666245104706, 5238.2820000000001528, 16.348583612751141914, 5238.2820000000001528, 0, 5238.2380000000002838, 0, 5238.2820000000001528, 0, 5238.2820000000001528, 0
5238.2870000000002619, 0, 5238.2430000000003929, 0, 5238.2870000000002619, 0, 5238.2870000000002619, 0, 5238.2870000000002619, 124.09078216318519594, 5238.2430000000003929, 1, 5238.2870000000002619, 13.13451926780948753, 5238.2870000000002619, -2.2666729183774592116, 5238.2870000000002619, 76.879945898168415397, 5238.2430000000003929, 1, 5238.2870000000002619, 3.1244811575233768508, 5238.2870000000002619, 17.456199668553917803, 5238.2870000000002619, 0, 5238.2430000000003929, 0, 5238.2870000000002619, 0, 5238.2870000000002619, 0
5238.2870000000002619, 0, 5238.2479999999995925, 0, 5238.2870000000002619, 0, 5238.2870000000002619, 0, 5238.2870000000002619, 122.45809637455789698, 5238.2479999999995925, 1, 5238.2870000000002619, 12.016854911905971548, 5238.2870000000002619, -3.0665460375044659713, 5238.2870000000002619, 83.743267272673620027, 5238.2479999999995925, 1, 5238.2870000000002619, 3.8241180243910086745, 5238.2870000000002619, 16.342449361667405583, 5238.2870000000002619, 0, 5238.2479999999995925, 0, 5238.2870000000002619, 0, 5238.2870000000002619, 0
5238.2920000000003711, 0, 5238.2539999999999054, 0, 5238.2920000000003711, 0, 5238.2920000000003711, 0, 5238.2920000000003711, 121.08537537595967137, 5238.2539999999999054, 1, 5238.2920000000003711, 11.390158534042935656, 5238.2920000000003711, -2.4941297145211365205, 5238.2920000000003711, 81.775844521777358409, 5238.2539999999999054, 1, 5238.2920000000003711, 2.2543279243845444348, 5238.2920000000003711, 17.275538629013162506, 5238.2920000000003711, 0, 5238.2539999999999054, 0, 5238.2920000000003711, 0, 5238.2920000000003711, 0
5238.2960000000002765, 0, 5238.2579999999998108, 0, 5238.2960000000002765, 0, 5238.2960000000002765, 0, 5238.2960000000002765, 120.1893836019468722, 5238.2579999999998108, 1, 5238.2960000000002765, 10.427291915841209402, 5238.2960000000002765, -2.9829720957209815424, 5238.2960000000002765, 86.120095855683160835, 5238.2579999999998108, 1, 5238.2960000000002765, 3.2161315886587340529, 5238.2960000000002765, 16.688943149808281419, 5238.2960000000002765, 0, 5238.2579999999998108, 0, 5238.2960000000002765, 0, 5238.2960000000002765, 0
5238.3010000000003856, 0, 5238.26299999999992, 0, 5238.3010000000003856, 0, 5238.3010000000003856, 0, 5238.3010000000003856, 118.87206953974492762, 5238.26299999999992, 1, 5238.3010000000003856, 9.8644027216961553961, 5238.3010000000003856, 2.7937856736933213142, 5238.3010000000003856, 85.005357577897967758, 5238.26299999999992, 1, 5238.3010000000003856, 2.364450900944595535, 5238.3010000000003856, 21.075800754352435717, 5238.3010000000003856, 0, 5238.26299999999992, 0, 5238.3010000000003856, 0, 5238.3010000000003856, 0
5238.3059999999995853, 0, 5238.2690000000002328, 0, 5238.3059999999995853, 0, 5238.3059999999995853, 0, 5238.3059999999995853, 117.66786144874743059, 5238.2690000000002328, 1, 5238.3059999999995853, 9.2799510901376347505, 5238.3059999999995853, 3.6866117505008730859, 5238.3059999999995853, 85.947215344637328371, 5238.2690000000002328, 1, 5238.3059999999995853, 2.3313472457520925119, 5238.3059999999995853, 21.918803595481982427, 5238.3059999999995853, 0, 5238.2690000000002328, 0, 5238.3059999999995853, 0, 5238.3059999999995853, 0
5238.3119999999998981, 0, 5238.2730000000001382, 0, 5238.3119999999998981, 0, 5238.3119999999998981, 0, 5238.3119999999998981, 116.63094015852323082, 5238.2730000000001382, 1, 5238.3119999999998981, 7.9229723220723329291, 5238.3119999999998981, 3.8449763983698943548, 5238.3119999999998981, 85.442238998324512522, 5238.2730000000001382, 1, 5238.3119999999998981, 0.92259002651036559062, 5238.3119999999998981, 22.352169111963924308, 5238.3119999999998981, 0, 5238.2730000000001382, 0, 5238.3119999999998981, 0, 5238.3119999999998981, 0
5238.3159999999998035, 0, 5238.2780000000002474, 0, 5238.3159999999998035, 0, 5238.3159999999998035, 0, 5238.3159999999998035, 115.53623297534549863, 5238.2780000000002474, 1, 5238.3159999999998035, 7.7534155509005922013, 5238.3159999999998035, 3.5493687833790446007, 5238.3159999999998035, 87.649889438566077615, 5238.2780000000002474, 1, 5238.3159999999998035, 1.8424970171008774322, 5238.3159999999998035, 22.1939869033949293, 5238.3159999999998035, 0, 5238.2780000000002474, 0, 5238.3159999999998035, 0, 5238.3159999999998035, 0
5238.3209999999999127, 0, 5238.2830000000003565, 0, 5238.3209999999999127, 0, 5238.3209999999999127, 0, 5238.3209999999999127, 114.28580977931295592, 5238.2830000000003565, 1, 5238.3209999999999127, 7.0250203451773254315, 5238.3209999999999127, 3.3187233675764247209, 5238.3209999999999127, 88.994955647218233707, 5238.2830000000003565, 1, 5238.3209999999999127, 1.5762030790145629133, 5238.3209999999999127, 22.133446422185294011, 5238.3209999999999127, 0, 5238.2830000000003565, 0, 5238.3209999999999127, 0, 5238.3209999999999127, 0
5238.3260000000000218, 0, 5238.2889999999997599, 0, 5238.3260000000000218, 0, 5238.3260000000000218, 0, 5238.3260000000000218, 112.45747634282270155, 5238.2889999999997599, 1, 5238.3260000000000218, 7.3233958086047330482, 5238.3260000000000218, 2.7253747425243588509, 5238.3260000000000218, 92.517256585023574189, 5238.2889999999997599, 1, 5238.3260000000000218, 2.8713408142593155326, 5238.3260000000000218, 21.620418762488249342, 5238.3260000000000218, 0, 5238.2889999999997599, 0, 5238.3260000000000218, 0, 5238.3260000000000218, 0
5238.331000000000131, 0, 5238.2929999999996653, 0, 5238.331000000000131, 0, 5238.331000000000131, 0, 5238.331000000000131, 112.1579489351178438, 5238.2929999999996653, 1, 5238.331000000000131, 4.6665549276969375825, 5238.331000000000131, 3.0247246136308802988, 5238.331000000000131, 89.911104920182452815, 5238.2929999999996653, 1, 5238.331000000000131, -0.27922451346302984421, 5238.331000000000131, 22.215588700627669994, 5238.331000000000131, 0, 5238.2929999999996653, 0, 5238.331000000000131, 0, 5238.331000000000131, 0
5238.3360000000002401, 0, 5238.2979999999997744, 0, 5238.3360000000002401, 0, 5238.3360000000002401, 0, 5238.3360000000002401, 110.2581535906842447, 5238.2979999999997744, 1, 5238.3360000000002401, 6.0146335181306627149, 5238.3360000000002401, 2.1780097832647626888, 5238.3360000000002401, 94.567447228337456977, 5238.2979999999997744, 1, 5238.3360000000002401, 2.0816404716498637661, 5238.3360000000002401, 21.348841325183748552, 5238.3360000000002401, 0, 5238.2979999999997744, 0, 5238.3360000000002401, 0, 5238.3360000000002401, 0
5238.3410000000003492, 0, 5238.3029999999998836, 0, 5238.3410000000003492, 0, 5238.3410000000003492, 0, 5238.3410000000003492, 109.75091798123192177, 5238.3029999999998836, 1, 5238.3410000000003492, 3.5604138230839508239, 5238.3410000000003492, 2.0599244056644536727, 5238.3410000000003492, 93.692439986891926651, 5238.3029999999998836, 1, 5238.3410000000003492, -0.54359492724844915568, 5238.3410000000003492, 21.45293522472329073, 5238.3410000000003492, 0, 5238.3029999999998836, 0, 5238.3410000000003492, 0, 5238.3410000000003492, 0
5238.3459999999995489, 0, 5238.3090000000001965, 0, 5238.3459999999995489, 0, 5238.3459999999995489, 0, 5238.3459999999995489, 107.84226121960119826, 5238.3090000000001965, 1, 5238.3459999999995489, 4.3008155183438852021, 5238.3459999999995489, 8.5609707536021844021, 5238.3459999999995489, 94.617114918994971617, 5238.3090000000001965, 1, 5238.3459999999995489, 1.0845722483507596046, 5238.3459999999995489, 27.138763113009353845, 5238.3459999999995489, 0, 5238.3090000000001965, 0, 5238.3459999999995489, 0, 5238.3459999999995489, 0
5238.350999999999658, 0, 5238.3130000000001019, 0, 5238.350999999999658, 0, 5238.350999999999658, 0, 5238.350999999999658, 106.8192478261995717, 5238.3130000000001019, 1, 5238.350999999999658, 2.527893706148382158, 5238.350999999999658, 7.7192626635018157799, 5238.350999999999658, 97.006970019087020773, 5238.3130000000001019, 1, 5238.350999999999658, -1.0830815901604167184, 5238.350999999999658, 26.639181609905158155, 5238.350999999999658, 0, 5238.3130000000001019, 0, 5238.350999999999658, 0, 5238.350999999999658, 0
5238.3559999999997672, 0, 5238.318000000000211, 0, 5238.3559999999997672, 0, 5238.3559999999997672, 0, 5238.3559999999997672, 105.34684357068942973, 5238.318000000000211, 1, 5238.3559999999997672, 2.3769028155482962994, 5238.3559999999997672, 6.7440980522079030379, 5238.3559999999997672, 99.037484745308120182, 5238.318000000000211, 1, 5238.3559999999997672, -0.57548907540169924602, 5238.3559999999997672, 25.907486216349624897, 5238.3559999999997672, 0, 5238.318000000000211, 0, 5238.3559999999997672, 0, 5238.3559999999997672, 0
5238.3609999999998763, 0, 5238.3230000000003201, 0, 5238.3609999999998763, 0, 5238.3609999999998763, 0, 5238.3609999999998763, 103.99556336278078561, 5238.3230000000003201, 1, 5238.3609999999998763, 1.2630005990497985557, 5238.3609999999998763, 5.5078905608833750307, 5238.3609999999998763, 102.1096594912182951, 5238.3230000000003201, 1, 5238.3609999999998763, -1.5743988704256068889, 5238.3609999999998763, 24.995069228927853544, 5238.3609999999998763, 0, 5238.3230000000003201, 0, 5238.3609999999998763, 0, 5238.3609999999998763, 0
5238.3659999999999854, 0, 5238.3280000000004293, 0, 5238.3659999999999854, 0, 5238.3659999999999854, 0, 5238.3659999999999854, 102.5466416799368119, 5238.3280000000004293, 1, 5238.3659999999999854, 0.59599078666454474718, 5238.3659999999999854, 4.3355497569646601619, 5238.3659999999999854, 103.59972508436290184, 5238.3280000000004293, 1, 5238.3659999999999854, -1.8082258456864892526, 5238.3659999999999854, 24.055592343014346568, 5238.3659999999999854, 0, 5238.3280000000004293, 0, 5238.3659999999999854, 0, 5238.3659999999999854, 0
5238.3710000000000946, 0, 5238.3329999999996289, 0, 5238.3710000000000946, 0, 5238.3710000000000946, 0, 5238.3710000000000946, 101.73613354959718436, 5238.3329999999996289, 1, 5238.3710000000000946, -0.26591117750165477185, 5238.3710000000000946, 3.3943769684776228246, 5238.3710000000000946, 103.32343278520183105, 5238.3329999999996289, 1, 5238.3710000000000946, -1.9333851583687480247, 5238.3710000000000946, 23.304360277071893393, 5238.3710000000000946, 0, 5238.3329999999996289, 0, 5238.3710000000000946, 0, 5238.3710000000000946, 0
5238.3760000000002037, 349.4138240837031617, 5238.3379999999997381, 0, 5238.3760000000002037, -71.845615241991211519, 5238.3760000000002037, -236.94861300203149312, 5238.3760000000002037, 95.228697708260185095, 5238.3379999999997381, 1, 5238.3760000000002037, -8.0930284347603578254, 5238.3760000000002037, 1.0841097963759267486, 5238.3760000000002037, 103.20789858675588846, 5238.3379999999997381, 1, 5238.3760000000002037, -4.0807319838618019148, 5238.3760000000002037, 21.305322999117493055, 5238.3760000000002037, 0, 5238.3379999999997381, 0, 5238.3760000000002037, 0, 5238.3760000000002037, 0
5238.3810000000003129, 379.01826419044061822, 5238.3429999999998472, 0, 5238.3810000000003129, -108.7764242667180099, 5238.3810000000003129, -251.03290973737159675, 5238.3810000000003129, 49.212664238654070914, 5238.3429999999998472, 1, 5238.3810000000003129, -27.06121574849975886, 5238.3810000000003129, -2.5844339230337780577, 5238.3810000000003129, 85.221500325049532876, 5238.3429999999998472, 1, 5238.3810000000003129, -10.581895378275387287, 5238.3810000000003129, 18.055658419713552121, 5238.3810000000003129, 0, 5238.3429999999998472, 0, 5238.3810000000003129, 0, 5238.3810000000003129, 0
5238.386000000000422, 385.69994204179346298, 5238.3479999999999563, 0, 5238.386000000000422, -116.40645154179649978, 5238.386000000000422, -184.62837700963368093, 5238.386000000000422, 21.30817182358618922, 5238.3479999999999563, 1, 5238.386000000000422, -15.645513198974589031, 5238.386000000000422, -4.3858879567101531904, 5238.386000000000422, 76.591355899697475706, 5238.3479999999999563, 1, 5238.386000000000422, -14.365162282734226906, 5238.386000000000422, 19.323792202928167683, 5238.386000000000422, 0, 5238.3479999999999563, 0, 5238.386000000000422, 0, 5238.386000000000422, 0
5238.3909999999996217, 391.04861541500667954, 5238.3530000000000655, 0, 5238.3909999999996217, -125.05719282588134433, 5238.3909999999996217, -174.30868492639598344, 5238.3909999999996217, 5.0440350439204495459, 5238.3530000000000655, 1, 5238.3909999999996217, -3.6323545146820666041, 5238.3909999999996217, -3.1222618054171236146, 5238.3909999999996217, 68.623474798869253277, 5238.3530000000000655, 1, 5238.3909999999996217, -20.627324592809170412, 5238.3909999999996217, 15.423652848360724477, 5238.3909999999996217, 0, 5238.3530000000000655, 0, 5238.3909999999996217, 0, 5238.3909999999996217, 0
5238.3969999999999345, 378.61668842261360624, 5238.3580000000001746, 0, 5238.3969999999999345, -130.10316075963561389, 5238.3969999999999345, -158.2957524409597454, 5238.3969999999999345, 0, 5238.3580000000001746, 1, 5238.3969999999999345, 0, 5238.3969999999999345, 0, 5238.3969999999999345, 63.933929450722992271, 5238.3580000000001746, 1, 5238.3969999999999345, -28.104876192488372766, 5238.3969999999999345, 11.027193882035845718, 5238.3969999999999345, 0, 5238.3580000000001746, 0, 5238.3969999999999345, 0, 5238.3969999999999345, 0
5238.4070000000001528, 300.52400563080539087, 5238.3630000000002838, 0, 5238.4070000000001528, -116.81002658020868523, 5238.4070000000001528, -109.87547592259922169, 5238.4070000000001528, 0, 5238.3630000000002838, 1, 5238.4070000000001528, 0, 5238.4070000000001528, 0, 5238.4070000000001528, 72.321256297398321067, 5238.3630000000002838, 1, 5238.4070000000001528, -33.36703087852693983, 5238.4070000000001528, 6.2085787540841970156, 5238.4070000000001528, 0, 5238.3630000000002838, 0, 5238.4070000000001528, 0, 5238.4070000000001528, 0
5238.4070000000001528, 191.66453831334180791, 5238.3689999999996871, 0, 5238.4070000000001528, -89.228305941382245692, 5238.4070000000001528, -82.418657885444929434, 5238.4070000000001528, 0, 5238.3689999999996871, 1, 5238.4070000000001528, 0, 5238.4070000000001528, 0, 5238.4070000000001528, 73.673077986916439386, 5238.3689999999996871, 1, 5238.4070000000001528, -30.26479380694622634, 5238.4070000000001528, -4.9514939869032588149, 5238.4070000000001528, 0, 5238.3689999999996871, 0, 5238.4070000000001528, 0, 5238.4070000000001528, 0
5238.4120000000002619, 56.175700400240010879, 5238.3729999999995925, 0, 5238.4120000000002619, -33.640899426314170739, 5238.4120000000002619, -6.8183028821481492798, 5238.4120000000002619, 0, 5238.3729999999995925, 1, 5238.4120000000002619, 0, 5238.4120000000002619, 0, 5238.4120000000002619, 66.987625658173598708, 5238.3729999999995925, 1, 5238.4120000000002619, -22.971570544166517891, 5238.4120000000002619, -17.290084159253723328, 5238.4120000000002619, 0, 5238.3729999999995925, 0, 5238.4120000000002619, 0, 5238.4120000000002619, 0
5238.4170000000003711, 13.49686414753764474, 5238.3779999999997017, 0, 5238.4170000000003711, -9.589473789091815803, 5238.4170000000003711, 6.6881725935308162789, 5238.4170000000003711, 0, 5238.3779999999997017, 1, 5238.4170000000003711, 0, 5238.4170000000003711, 0, 5238.4170000000003711, 59.863925948431941038, 5238.3779999999997017, 1, 5238.4170000000003711, -18.477164967722597311, 5238.4170000000003711, -22.655202811925772011, 5238.4170000000003711, 0, 5238.3779999999997017, 0, 5238.4170000000003711, 0, 5238.4170000000003711, 0
5238.4219999999995707, 3.4005366782894004274, 5238.3829999999998108, 0, 5238.4219999999995707, -2.3743380234411985974, 5238.4219999999995707, 1.9445553668519188761, 5238.4219999999995707, 0, 5238.3829999999998108, 1, 5238.4219999999995707, 0, 5238.4219999999995707, 0, 5238.4219999999995707, 49.836658622024614829, 5238.3829999999998108, 1, 5238.4219999999995707, -14.043335305096634968, 5238.4219999999995707, -25.385573317903713075, 5238.4219999999995707, 0, 5238.3829999999998108, 0, 5238.4219999999995707, 0, 5238.4219999999995707, 0
5238.431999999999789, 0, 5238.38799999999992, 0, 5238.431999999999789, 0, 5238.431999999999789, 0, 5238.431999999999789, 0, 5238.38799999999992, 1, 5238.431999999999789, 0, 5238.431999999999789, 0, 5238.431999999999789, 30.188940952417333108, 5238.38799999999992, 1, 5238.431999999999789, -10.741038705932385966, 5238.431999999999789, -18.873902892110852036, 5238.431999999999789, 0, 5238.38799999999992, 0, 5238.431999999999789, 0, 5238.431999999999789, 0
5238.4369999999998981, 0, 5238.3930000000000291, 0, 5238.4369999999998981, 0, 5238.4369999999998981, 0, 5238.4369999999998981, 0, 5238.3930000000000291, 1, 5238.4369999999998981, 0, 5238.4369999999998981, 0, 5238.4369999999998981, 34.361310685156482236, 5238.3930000000000291, 1, 5238.4369999999998981, -8.4627961070682289346, 5238.4369999999998981, -19.662182110908052124, 5238.4369999999998981, 0, 5238.3930000000000291, 0, 5238.4369999999998981, 0, 5238.4369999999998981, 0
5238.4420000000000073, 0, 5238.3980000000001382, 0, 5238.4420000000000073, 0, 5238.4420000000000073, 0, 5238.4420000000000073, 0, 5238.3980000000001382, 1, 5238.4420000000000073, 0, 5238.4420000000000073, 0, 5238.4420000000000073, 22.274208492854690178, 5238.3980000000001382, 1, 5238.4420000000000073, -5.8168208484267696079, 5238.4420000000000073, -12.889045366256141278, 5238.4420000000000073, 0, 5238.3980000000001382, 0, 5238.4420000000000073, 0, 5238.4420000000000073, 0
5238.4459999999999127, 0, 5238.4030000000002474, 0, 5238.4459999999999127, 0, 5238.4459999999999127, 0, 5238.4459999999999127, 0, 5238.4030000000002474, 1, 5238.4459999999999127, 0, 5238.4459999999999127, 0, 5238.4459999999999127, 21.714457615137941815, 5238.4030000000002474, 1, 5238.4459999999999127, -3.551700635303860043, 5238.4459999999999127, -12.59468218819873897, 5238.4459999999999127, 57.037673400246291067, 5238.4030000000002474, 0, 5238.4459999999999127, -1.3516013527448684783, 5238.4459999999999127, -0.56491101357009299022
5238.4470000000001164, 0, 5238.4080000000003565, 1, 5238.4470000000001164, 0, 5238.4470000000001164, 0, 5238.4470000000001164, 0, 5238.4080000000003565, 1, 5238.4470000000001164, 0, 5238.4470000000001164, 0, 5238.4470000000001164, 22.911437499323191958, 5238.4080000000003565, 1, 5238.4470000000001164, -5.8904071060705627261, 5238.4470000000001164, -13.472921962998249512, 5238.4470000000001164, 14.20150925025105515, 5238.4080000000003565, 1, 5238.4470000000001164, -5.1461764594469361356, 5238.4470000000001164, 8.4618760347356989371
5238.4520000000002256, 0, 5238.4129999999995562, 1, 5238.4520000000002256, 0, 5238.4520000000002256, 0, 5238.4520000000002256, 0, 5238.4129999999995562, 1, 5238.4520000000002256, 0, 5238.4520000000002256, 0, 5238.4520000000002256, 29.069842162444377465, 5238.4129999999995562, 1, 5238.4520000000002256, -1.9102291264180835118, 5238.4520000000002256, -17.052553308904791152, 5238.4520000000002256, 17.965530253443137809, 5238.4129999999995562, 1, 5238.4520000000002256, -2.0645739865514558531, 5238.4520000000002256, 9.3723960404512460798
5238.4620000000004438, 71.839521171645785103, 5238.4179999999996653, 1, 5238.4620000000004438, -41.285530820726599188, 5238.4620000000004438, -1.1004923147095198033, 5238.4620000000004438, 0, 5238.4179999999996653, 1, 5238.4620000000004438, 0, 5238.4620000000004438, 0, 5238.4620000000004438, 28.526665063126564803, 5238.4179999999996653, 1, 5238.4620000000004438, -4.3789420341537415027, 5238.4620000000004438, -16.988413284345181609, 5238.4620000000004438, 23.105449743805273499, 5238.4179999999996653, 1, 5238.4620000000004438, -3.0103467852282497219, 5238.4620000000004438, 9.9809981478682434641
5238.4629999999997381, 76.914741789099920766, 5238.4229999999997744, 1, 5238.4629999999997381, -40.74992169481532045, 5238.4629999999997381, -5.2368551811235732885, 5238.4629999999997381, 0, 5238.4229999999997744, 1, 5238.4629999999997381, 0, 5238.4629999999997381, 0, 5238.4629999999997381, 38.721840096895284944, 5238.4229999999997744, 1, 5238.4629999999997381, 1.5789303289530054464, 5238.4629999999997381, -23.042549958817524214, 5238.4629999999997381, 28.242610947289488621, 5238.4229999999997744, 1, 5238.4629999999997381, 3.7697093777878127874, 5238.4629999999997381, 8.8336302089259337578
5238.4669999999996435, 86.671368826076474079, 5238.4290000000000873, 1, 5238.4669999999996435, -41.874213310890525008, 5238.4669999999996435, -1.9981682304158496777, 5238.4669999999996435, 0, 5238.4290000000000873, 1, 5238.4669999999996435, 0, 5238.4669999999996435, 0, 5238.4669999999996435, 37.592457973148484029, 5238.4290000000000873, 1, 5238.4669999999996435, -1.2693947179493150212, 5238.4669999999996435, -22.41480586918909168, 5238.4669999999996435, 31.143899625814974286, 5238.4290000000000873, 1, 5238.4669999999996435, 4.7344594672220043918, 5238.4669999999996435, 11.762850069587374335
5238.4769999999998618, 92.997014790594676015, 5238.4329999999999927, 1, 5238.4769999999998618, -39.76414774793893514, 5238.4769999999998618, -6.2263162554640487656, 5238.4769999999998618, 0, 5238.4329999999999927, 1, 5238.4769999999998618, 0, 5238.4769999999998618, 0, 5238.4769999999998618, 39.743641827058731053, 5238.4329999999999927, 1, 5238.4769999999998618, -0.22667115099425053093, 5238.4769999999998618, -23.969062830425258426, 5238.4769999999998618, 35.191133854957271865, 5238.4329999999999927, 1, 5238.4769999999998618, 4.2839143848445147, 5238.4769999999998618, 12.155973722314346475
5238.4769999999998618, 97.310523223212015864, 5238.4380000000001019, 1, 5238.4769999999998618, -39.897004664825210796, 5238.4769999999998618, -5.7578913023873923294, 5238.4769999999998618, 0, 5238.4380000000001019, 1, 5238.4769999999998618, 0, 5238.4769999999998618, 0, 5238.4769999999998618, 39.957202176956542417, 5238.4380000000001019, 1, 5238.4769999999998618, -0.83312666077271824161, 5238.4769999999998618, -24.722391710059483216, 5238.4769999999998618, 38.165651482702863007, 5238.4380000000001019, 1, 5238.4769999999998618, 5.8828814165391465352, 5238.4769999999998618, 13.023673563155172772
5238.4819999999999709, 99.763358709020451442, 5238.443000000000211, 1, 5238.4819999999999709, -38.960947110572952568, 5238.4819999999999709, -5.1323873923468852354, 5238.4819999999999709, 0, 5238.443000000000211, 1, 5238.4819999999999709, 0, 5238.4819999999999709, 0, 5238.4819999999999709, 41.534109455614810713, 5238.443000000000211, 1, 5238.4819999999999709, 0.4137050363704237177, 5238.4819999999999709, -25.954010651811117327, 5238.4819999999999709, 41.194695224757751362, 5238.443000000000211, 1, 5238.4819999999999709, 7.4774809433159159511, 5238.4819999999999709, 13.829742918022876808
5238.48700000000008, 97.625312316885299424, 5238.4480000000003201, 1, 5238.48700000000008, -35.862501681201322867, 5238.48700000000008, -6.4917890696672699846, 5238.48700000000008, 87.289302502959316143, 5238.4480000000003201, 1, 5238.48700000000008, -0.45543204330802822266, 5238.48700000000008, 51.828082858264288291, 5238.48700000000008, 112.76685387510244141, 5238.4480000000003201, 1, 5238.48700000000008, -18.000945967162536476, 5238.48700000000008, 44.273442424618338009, 5238.48700000000008, 56.339347660245920224, 5238.4480000000003201, 1, 5238.48700000000008, 9.5460494675381291074, 5238.48700000000008, 9.1501767612533875251
5238.4909999999999854, 54.614591929562131156, 5238.4530000000004293, 1, 5238.4909999999999854, -19.911716332831066012, 5238.4909999999999854, -11.732154440512722715, 5238.4909999999999854, 135.77545968733429049, 5238.4530000000004293, 1, 5238.4909999999999854, 23.416713894472401591, 5238.4909999999999854, 78.772484208450691767, 5238.4909999999999854, 161.1641907958932336, 5238.4530000000004293, 1, 5238.4909999999999854, -16.863081687359606775, 5238.4909999999999854, 87.668739601361721725, 5238.4909999999999854, 98.875869604730866058, 5238.4530000000004293, 1, 5238.4909999999999854, 23.224483775771258109, 5238.4909999999999854, -19.251477785612763682
5238.5020000000004075, 33.073805693300201369, 5238.4579999999996289, 1, 5238.5020000000004075, -19.261536977569981843, 5238.5020000000004075, -10.836313307017313434, 5238.5020000000004075, 48.637151873074664366, 5238.4579999999996289, 1, 5238.5020000000004075, 9.5565244401152291687, 5238.5020000000004075, 26.706668937435267708, 5238.5020000000004075, 77.463269322193951893, 5238.4579999999996289, 1, 5238.5020000000004075, -2.6068998983002993342, 5238.5020000000004075, 40.049822707398774924, 5238.5020000000004075, 99.709050510470888184, 5238.4579999999996289, 1, 5238.5020000000004075, 22.389941558688533974, 5238.5020000000004075, -24.271785741280332616
5238.5020000000004075, 47.838698103705702636, 5238.4629999999997381, 1, 5238.5020000000004075, -17.960710568836322665, 5238.5020000000004075, -12.463597170664314717, 5238.5020000000004075, 0, 5238.4629999999997381, 1, 5238.5020000000004075, 0, 5238.5020000000004075, 0, 5238.5020000000004075, 0, 5238.4629999999997381, 1, 5238.5020000000004075, 0, 5238.5020000000004075, 0, 5238.5020000000004075, 88.839416234065211597, 5238.4629999999997381, 1, 5238.5020000000004075, 23.791794752436558724, 5238.5020000000004075, -17.422914903841380863
5238.5069999999996071, 65.953368366082742114, 5238.4690000000000509, 1, 5238.5069999999996071, -18.990784545894388913, 5238.5069999999996071, -7.732052260687833467, 5238.5069999999996071, 0, 5238.4690000000000509, 1, 5238.5069999999996071, 0, 5238.5069999999996071, 0, 5238.5069999999996071, 0, 5238.4690000000000509, 1, 5238.5069999999996071, 0, 5238.5069999999996071, 0, 5238.5069999999996071, 86.312108598290308237, 5238.4690000000000509, 1, 5238.5069999999996071, 21.619984871941735349, 5238.5069999999996071, -4.9105647308334638979
5238.511000000000422, 76.759225692261594531, 5238.4729999999999563, 1, 5238.511000000000422, -17.521319025308116579, 5238.511000000000422, -6.5613852089560538161, 5238.511000000000422, 0, 5238.4729999999999563, 1, 5238.511000000000422, 0, 5238.511000000000422, 0, 5238.511000000000422, 0, 5238.4729999999999563, 1, 5238.511000000000422, 0, 5238.511000000000422, 0, 5238.511000000000422, 78.101452835354109538, 5238.4729999999999563, 1, 5238.511000000000422, 23.608065442908650056, 5238.511000000000422, 1.0549078169513066427
5238.5219999999999345, 87.2391489333294885, 5238.4780000000000655, 1, 5238.5219999999999345, -20.056517502331299596, 5238.5219999999999345, -6.8692859531363978931, 5238.5219999999999345, 0, 5238.4780000000000655, 1, 5238.5219999999999345, 0, 5238.5219999999999345, 0, 5238.5219999999999345, 0, 5238.4780000000000655, 1, 5238.5219999999999345, 0, 5238.5219999999999345, 0, 5238.5219999999999345, 82.142654161960081183, 5238.4780000000000655, 1, 5238.5219999999999345, 18.554646050937943613, 5238.5219999999999345, 2.7366853134289783611
5238.5219999999999345, 92.377329128662125868, 5238.4830000000001746, 1, 5238.5219999999999345, -18.838021181593187947, 5238.5219999999999345, -5.7879132919483353703, 5238.5219999999999345, 0, 5238.4830000000001746, 0, 5238.5219999999999345, 0, 5238.5219999999999345, 0, 5238.5219999999999345, 0, 5238.4830000000001746, 0, 5238.5219999999999345, 0, 5238.5219999999999345, 0, 5238.5219999999999345, 78.051257872385605197, 5238.4830000000001746, 1, 5238.5219999999999345, 20.326744946891150079, 5238.5219999999999345, 6.8524482774551600528
5238.5270000000000437, 98.510406671814351398, 5238.4880000000002838, 1, 5238.5270000000000437, -20.90446877764328093, 5238.5270000000000437, -6.0789799885308326566, 5238.5270000000000437, 0, 5238.4880000000002838, 0, 5238.5270000000000437, 0, 5238.5270000000000437, 0, 5238.5270000000000437, 0, 5238.4880000000002838, 0, 5238.5270000000000437, 0, 5238.5270000000000437, 0, 5238.5270000000000437, 83.426491333201084899, 5238.4880000000002838, 1, 5238.5270000000000437, 15.265685112076608831, 5238.5270000000000437, 7.5703006129006240599
5238.5370000000002619, 101.3312531410972781, 5238.4939999999996871, 1, 5238.5370000000002619, -19.076465902255300477, 5238.5370000000002619, -4.9882237271366349773, 5238.5370000000002619, 0, 5238.4939999999996871, 0, 5238.5370000000002619, 0, 5238.5370000000002619, 0, 5238.5370000000002619, 0, 5238.4939999999996871, 0, 5238.5370000000002619, 0, 5238.5370000000002619, 0, 5238.5370000000002619, 79.672702848268926346, 5238.4939999999996871, 1, 5238.5370000000002619, 17.088108883958764039, 5238.5370000000002619, 11.214303857312870605
5238.5370000000002619, 104.23175774642332669, 5238.4979999999995925, 1, 5238.5370000000002619, -20.386667960698407143, 5238.5370000000002619, -5.3359166977594654213, 5238.5370000000002619, 0, 5238.4979999999995925, 0, 5238.5370000000002619, 0, 5238.5370000000002619, 0, 5238.5370000000002619, 0, 5238.4979999999995925, 0, 5238.5370000000002619, 0, 5238.5370000000002619, 0, 5238.5370000000002619, 85.810658639461209418, 5238.4979999999995925, 1, 5238.5370000000002619, 12.582238024268152188, 5238.5370000000002619, 11.184660997201923749
5238.5420000000003711, 106.91540521165507016, 5238.5029999999997017, 1, 5238.5420000000003711, -18.299858513102279289, 5238.5420000000003711, 1.4049007766952072984, 5238.5420000000003711, 0, 5238.5029999999997017, 0, 5238.5420000000003711, 0, 5238.5420000000003711, 0, 5238.5420000000003711, 0, 5238.5029999999997017, 0, 5238.5420000000003711, 0, 5238.5420000000003711, 0, 5238.5420000000003711, 79.878971220426194577, 5238.5029999999997017, 1, 5238.5420000000003711, 14.079863050798094193, 5238.5420000000003711, 19.264226331582968044
5238.5519999999996799, 107.44783791105180626, 5238.5079999999998108, 1, 5238.5519999999996799, -19.076185480034411057, 5238.5519999999996799, 1.8030537700324202888, 5238.5519999999996799, 0, 5238.5079999999998108, 0, 5238.5519999999996799, 0, 5238.5519999999996799, 0, 5238.5519999999996799, 0, 5238.5079999999998108, 0, 5238.5519999999996799, 0, 5238.5519999999996799, 0, 5238.5519999999996799, 86.814609190757153101, 5238.5079999999998108, 1, 5238.5519999999996799, 10.112875123640797881, 5238.5519999999996799, 19.571161691180449793
5238.556999999999789, 108.89591291211885959, 5238.51299999999992, 1, 5238.556999999999789, -16.674233270063172796, 5238.556999999999789, 2.9706221308456264296, 5238.556999999999789, 0, 5238.51299999999992, 0, 5238.556999999999789, 0, 5238.556999999999789, 0, 5238.556999999999789, 0, 5238.51299999999992, 0, 5238.556999999999789, 0, 5238.556999999999789, 0, 5238.556999999999789, 82.559749616224024749, 5238.51299999999992, 1, 5238.556999999999789, 11.944348221396408505, 5238.556999999999789, 22.670038915171726757
5238.5619999999998981, 109.47686390289084102, 5238.5180000000000291, 1, 5238.5619999999998981, -17.387117888722890768, 5238.5619999999998981, 2.7930060866200889791, 5238.5619999999998981, 0, 5238.5180000000000291, 0, 5238.5619999999998981, 0, 5238.5619999999998981, 0, 5238.5619999999998981, 0, 5238.5180000000000291, 0, 5238.5619999999998981, 0, 5238.5619999999998981, 0, 5238.5619999999998981, 87.866411551443007966, 5238.5180000000000291, 1, 5238.5619999999998981, 7.8308988272810422515, 5238.5619999999998981, 22.77453255126786047
5238.5619999999998981, 109.21983188566360923, 5238.5230000000001382, 1, 5238.5619999999998981, -14.550575469557179176, 5238.5619999999998981, 3.5854242611489723913, 5238.5619999999998981, 0, 5238.5230000000001382, 0, 5238.5619999999998981, 0, 5238.5619999999998981, 0, 5238.5619999999998981, 0, 5238.5230000000001382, 0, 5238.5619999999998981, 0, 5238.5619999999998981, 0, 5238.5619999999998981, 85.467890464235892978, 5238.5230000000001382, 1, 5238.5619999999998981, 10.292262603207934291, 5238.5619999999998981, 25.047973487661465697
5238.5690000000004147, 109.04960752550552172, 5238.5280000000002474, 1, 5238.5690000000004147, -14.128718216321511036, 5238.5690000000004147, 3.5067358437303326468, 5238.5690000000004147, 0, 5238.5280000000002474, 0, 5238.5690000000004147, 0, 5238.5690000000004147, 0, 5238.5690000000004147, 0, 5238.5280000000002474, 0, 5238.5690000000004147, 0, 5238.5690000000004147, 0, 5238.5690000000004147, 89.459852555083571701, 5238.5280000000002474, 1, 5238.5690000000004147, 8.0019545913404801496, 5238.5690000000004147, 25.454807630339665536
5238.5730000000003201, 109.14839849138809313, 5238.5339999999996508, 1, 5238.5730000000003201, -13.904740353220573112, 5238.5730000000003201, 3.4318465301025256053, 5238.5730000000003201, 0, 5238.5339999999996508, 0, 5238.5730000000003201, 0, 5238.5730000000003201, 0, 5238.5730000000003201, 0, 5238.5339999999996508, 0, 5238.5730000000003201, 0, 5238.5730000000003201, 0, 5238.5730000000003201, 93.262981684424929085, 5238.5339999999996508, 1, 5238.5730000000003201, 5.6192845980254766403, 5238.5730000000003201, 25.85237708691680325
5238.5780000000004293, 107.39256386605926252, 5238.5379999999995562, 1, 5238.5780000000004293, -10.680836691253821513, 5238.5780000000004293, 8.7582931610571250758, 5238.5780000000004293, 0, 5238.5379999999995562, 0, 5238.5780000000004293, 0, 5238.5780000000004293, 0, 5238.5780000000004293, 0, 5238.5379999999995562, 0, 5238.5780000000004293, 0, 5238.5780000000004293, 0, 5238.5780000000004293, 90.934200467430798653, 5238.5379999999995562, 1, 5238.5780000000004293, 8.6742309876235239585, 5238.5780000000004293, 31.529163559604601375
5238.5829999999996289, 107.26082769848396481, 5238.5429999999996653, 1, 5238.5829999999996289, -11.376382205784407731, 5238.5829999999996289, 9.0192887439713445019, 5238.5829999999996289, 0, 5238.5429999999996653, 0, 5238.5829999999996289, 0, 5238.5829999999996289, 0, 5238.5829999999996289, 0, 5238.5429999999996653, 0, 5238.5829999999996289, 0, 5238.5829999999996289, 0, 5238.5829999999996289, 96.830036687602216716, 5238.5429999999996653, 1, 5238.5829999999996289, 5.0580295725887332026, 5238.5829999999996289, 31.903339949314052149
5238.5889999999999418, 105.71107595464398798, 5238.5479999999997744, 1, 5238.5889999999999418, -8.0308036368131734406, 5238.5889999999999418, 9.184902159956827461, 5238.5889999999999418, 0, 5238.5479999999997744, 0, 5238.5889999999999418, 0, 5238.5889999999999418, 0, 5238.5889999999999418, 0, 5238.5479999999997744, 0, 5238.5889999999999418, 0, 5238.5889999999999418, 0, 5238.5889999999999418, 95.981021306934536597, 5238.5479999999997744, 1, 5238.5889999999999418, 8.0673971461486040369, 5238.5889999999999418, 33.078548180273230628
5238.5929999999998472, 105.88429239383842173, 5238.5529999999998836, 1, 5238.5929999999998472, -9.0009431844057470329, 5238.5929999999998472, 8.6492344892673855838, 5238.5929999999998472, 0, 5238.5529999999998836, 0, 5238.5929999999998472, 0, 5238.5929999999998472, 0, 5238.5929999999998472, 0, 5238.5529999999998836, 0, 5238.5929999999998472, 0, 5238.5929999999998472, 0, 5238.5929999999998472, 101.00775350388684615, 5238.5529999999998836, 1, 5238.5929999999998472, 4.5978243439487958, 5238.5929999999998472, 32.829487148311116584
5238.6019999999998618, 105.60637057650301074, 5238.5579999999999927, 1, 5238.6019999999998618, -5.8277397371572217111, 5238.6019999999998618, 9.274926395836146753, 5238.6019999999998618, 0, 5238.5579999999999927, 0, 5238.6019999999998618, 0, 5238.6019999999998618, 0, 5238.6019999999998618, 0, 5238.5579999999999927, 0, 5238.6019999999998618, 0, 5238.6019999999998618, 0, 5238.6019999999998618, 97.04353090525299308, 5238.5579999999999927, 1, 5238.6019999999998618, 7.1203700433525103364, 5238.6019999999998618, 34.746228096162610655
5238.6030000000000655, 103.88500254624885599, 5238.5630000000001019, 1, 5238.6030000000000655, -6.6110568209493241199, 5238.6030000000000655, 8.1006020864089549605, 5238.6030000000000655, 0, 5238.5630000000001019, 0, 5238.6030000000000655, 0, 5238.6030000000000655, 0, 5238.6030000000000655, 0, 5238.5630000000001019, 0, 5238.6030000000000655, 0, 5238.6030000000000655, 0, 5238.6030000000000655, 105.21484084525800995, 5238.5630000000001019, 1, 5238.6030000000000655, 4.1560601025390964125, 5238.6030000000000655, 33.403692045752315209
5238.6090000000003783, 103.76035975733454109, 5238.568000000000211, 1, 5238.6090000000003783, -5.0257182192022771261, 5238.6090000000003783, 2.8242835595031507978, 5238.6090000000003783, 0, 5238.568000000000211, 0, 5238.6090000000003783, 0, 5238.6090000000003783, 0, 5238.6090000000003783, 0, 5238.568000000000211, 0, 5238.6090000000003783, 0, 5238.6090000000003783, 0, 5238.6090000000003783, 106.22331105087435787, 5238.568000000000211, 1, 5238.6090000000003783, 7.736090705872840978, 5238.6090000000003783, 25.240493958223133575
5238.613999999999578, 102.41600713600075778, 5238.5730000000003201, 1, 5238.613999999999578, -2.3128130966750806152, 5238.613999999999578, 13.090282207460859354, 5238.613999999999578, 0, 5238.5730000000003201, 0, 5238.613999999999578, 0, 5238.613999999999578, 0, 5238.613999999999578, 0, 5238.5730000000003201, 0, 5238.613999999999578, 0, 5238.613999999999578, 0, 5238.613999999999578, 105.93829312200938375, 5238.5730000000003201, 1, 5238.613999999999578, 5.1201048762850431828, 5238.613999999999578, 39.633643268893052891
5238.6239999999997963, 101.52182096972398995, 5238.5780000000004293, 1, 5238.6239999999997963, -3.4847445035673882963, 5238.6239999999997963, 12.344864886918259117, 5238.6239999999997963, 0, 5238.5780000000004293, 0, 5238.6239999999997963, 0, 5238.6239999999997963, 0, 5238.6239999999997963, 0, 5238.5780000000004293, 0, 5238.6239999999997963, 0, 5238.6239999999997963, 0, 5238.6239999999997963, 107.42966482445879706, 5238.5780000000004293, 1, 5238.6239999999997963, 3.3201811885362237931, 5238.6239999999997963, 39.70292203294908262
5238.6239999999997963, 101.6267161270931183, 5238.5839999999998327, 1, 5238.6239999999997963, 0.13547406160054598079, 5238.6239999999997963, 12.387163526591258744, 5238.6239999999997963, 0, 5238.5839999999998327, 0, 5238.6239999999997963, 0, 5238.6239999999997963, 0, 5238.6239999999997963, 0, 5238.5839999999998327, 0, 5238.6239999999997963, 0, 5238.6239999999997963, 0, 5238.6239999999997963, 105.81392422920770002, 5238.5839999999998327, 1, 5238.6239999999997963, 6.5918868001945698509, 5238.6239999999997963, 40.51541320739487162
5238.6340000000000146, 100.18052434716497601, 5238.5900000000001455, 1, 5238.6340000000000146, -2.4002782280499945777, 5238.6340000000000146, 11.42054891802872163, 5238.6340000000000146, 0, 5238.5900000000001455, 0, 5238.6340000000000146, 0, 5238.6340000000000146, 0, 5238.6340000000000146, 0, 5238.5900000000001455, 0, 5238.6340000000000146, 0, 5238.6340000000000146, 0, 5238.6340000000000146, 110.53358555462341428, 5238.5900000000001455, 1, 5238.6340000000000146, 2.209252447059412372, 5238.6340000000000146, 39.761996645562852848
5238.6340000000000146, 100.8454065367724013, 5238.5929999999998472, 1, 5238.6340000000000146, 2.5699563965030995938, 5238.6340000000000146, 11.58154617368857231, 5238.6340000000000146, 0, 5238.5929999999998472, 0, 5238.6340000000000146, 0, 5238.6340000000000146, 0, 5238.6340000000000146, 0, 5238.5929999999998472, 0, 5238.6340000000000146, 0, 5238.6340000000000146, 0, 5238.6340000000000146, 107.26593626416587313, 5238.5929999999998472, 1, 5238.6340000000000146, 6.7406321941101694506, 5238.6340000000000146, 40.754511551823831894
5238.6390000000001237, 98.983914127374589498, 5238.5979999999999563, 1, 5238.6390000000001237, -1.9407027985617517629, 5238.6390000000001237, 10.581326058726432393, 5238.6390000000001237, 0, 5238.5979999999999563, 0, 5238.6390000000001237, 0, 5238.6390000000001237, 0, 5238.6390000000001237, 0, 5238.5979999999999563, 0, 5238.6390000000001237, 0, 5238.6390000000001237, 0, 5238.6390000000001237, 112.38439615879769917, 5238.5979999999999563, 1, 5238.6390000000001237, 0.68101714211678698874, 5238.6390000000001237, 39.759701152533750701
5238.649000000000342, 100.32904562970804818, 5238.6030000000000655, 1, 5238.649000000000342, 4.9559025943877159648, 5238.649000000000342, 10.625494414752843397, 5238.649000000000342, 0, 5238.6030000000000655, 0, 5238.649000000000342, 0, 5238.649000000000342, 0, 5238.649000000000342, 0, 5238.6030000000000655, 0, 5238.649000000000342, 0, 5238.649000000000342, 0, 5238.649000000000342, 108.89224027797166627, 5238.6030000000000655, 1, 5238.649000000000342, 7.101187527830203905, 5238.649000000000342, 40.613765857026336903
5238.649000000000342, 99.227957053947676513, 5238.6099999999996726, 1, 5238.649000000000342, 2.2781010445560894162, 5238.649000000000342, 9.8141448520678622458, 5238.649000000000342, 0, 5238.6099999999996726, 0, 5238.649000000000342, 0, 5238.649000000000342, 0, 5238.649000000000342, 0, 5238.6099999999996726, 0, 5238.649000000000342, 0, 5238.649000000000342, 0, 5238.649000000000342, 111.94604309732945069, 5238.6099999999996726, 1, 5238.649000000000342, 3.1883809090817845089, 5238.649000000000342, 39.942713535302338812
5238.6540000000004511, 97.456457223333387674, 5238.6130000000002838, 1, 5238.6540000000004511, 2.6976109781776491658, 5238.6540000000004511, 15.337558288554262731, 5238.6540000000004511, 0, 5238.6130000000002838, 0, 5238.6540000000004511, 0, 5238.6540000000004511, 0, 5238.6540000000004511, 0, 5238.6130000000002838, 0, 5238.6540000000004511, 0, 5238.6540000000004511, 0, 5238.6540000000004511, 109.54809111179400816, 5238.6130000000002838, 1, 5238.6540000000004511, 2.9565533099666279071, 5238.6540000000004511, 46.597898693889767685
5238.6589999999996508, 96.645774849579225929, 5238.6189999999996871, 1, 5238.6589999999996508, 0.54983122420563512733, 5238.6589999999996508, 15.319778644477317187, 5238.6589999999996508, 0, 5238.6189999999996871, 0, 5238.6589999999996508, 0, 5238.6589999999996508, 0, 5238.6589999999996508, 0, 5238.6189999999996871, 0, 5238.6589999999996508, 0, 5238.6589999999996508, 0, 5238.6589999999996508, 111.89199777366117416, 5238.6189999999996871, 1, 5238.6589999999996508, 0.014741917591204259375, 5238.6589999999996508, 46.962529261077072817
5238.6639999999997599, 97.727227555929033542, 5238.6239999999997963, 1, 5238.6639999999997599, 5.9978457012916281954, 5238.6639999999997599, 15.022931686712347243, 5238.6639999999997599, 0, 5238.6239999999997963, 0, 5238.6639999999997599, 0, 5238.6639999999997599, 0, 5238.6639999999997599, 0, 5238.6239999999997963, 0, 5238.6639999999997599, 0, 5238.6639999999997599, 0, 5238.6639999999997599, 110.12105015253530382, 5238.6239999999997963, 1, 5238.6639999999997599, 5.1500824397999060977, 5238.6639999999997599, 46.96551603197985969
5238.668999999999869, 96.430591454837625065, 5238.6279999999997017, 1, 5238.668999999999869, 3.0625866301335546993, 5238.668999999999869, 13.892222972467173747, 5238.668999999999869, 0, 5238.6279999999997017, 0, 5238.668999999999869, 0, 5238.668999999999869, 0, 5238.668999999999869, 0, 5238.6279999999997017, 0, 5238.668999999999869, 0, 5238.668999999999869, 0, 5238.668999999999869, 113.15340086711111667, 5238.6279999999997017, 1, 5238.668999999999869, 1.4973918695118015876, 5238.668999999999869, 46.10435116182274129
5238.6750000000001819, 96.618609637874598661, 5238.6329999999998108, 1, 5238.6750000000001819, 5.238052561149025621, 5238.6750000000001819, 12.825799450423815529, 5238.6750000000001819, 0, 5238.6329999999998108, 0, 5238.6750000000001819, 0, 5238.6750000000001819, 0, 5238.6750000000001819, 0, 5238.6329999999998108, 0, 5238.6750000000001819, 0, 5238.6750000000001819, 0, 5238.6750000000001819, 114.75439600858054234, 5238.6329999999998108, 1, 5238.6750000000001819, 3.6921401089591148192, 5238.6750000000001819, 45.258839419316245767
5238.680000000000291, 95.942120095504378696, 5238.63799999999992, 1, 5238.680000000000291, 5.8782782182570096907, 5238.680000000000291, 11.585021692358253631, 5238.680000000000291, 0, 5238.63799999999992, 0, 5238.680000000000291, 0, 5238.680000000000291, 0, 5238.680000000000291, 0, 5238.63799999999992, 0, 5238.680000000000291, 0, 5238.680000000000291, 0, 5238.680000000000291, 116.68060164449616423, 5238.63799999999992, 1, 5238.680000000000291, 3.037939477535600119, 5238.680000000000291, 44.159501581421551464
5238.6850000000004002, 95.295123555691901629, 5238.6430000000000291, 1, 5238.6850000000004002, 5.9635517807486451147, 5238.6850000000004002, 10.249574560578942339, 5238.6850000000004002, 0, 5238.6430000000000291, 0, 5238.6850000000004002, 0, 5238.6850000000004002, 0, 5238.6850000000004002, 0, 5238.6430000000000291, 0, 5238.6850000000004002, 0, 5238.6850000000004002, 0, 5238.6850000000004002, 118.22443234317921679, 5238.6430000000000291, 1, 5238.6850000000004002, 3.3006046120448848669, 5238.6850000000004002, 43.144536538980339913
5238.694999999999709, 94.852794061227399425, 5238.6480000000001382, 1, 5238.694999999999709, 6.6782467895387798151, 5238.694999999999709, 8.9142307353357566058, 5238.694999999999709, 0, 5238.6480000000001382, 0, 5238.694999999999709, 0, 5238.694999999999709, 0, 5238.694999999999709, 0, 5238.6480000000001382, 0, 5238.694999999999709, 0, 5238.694999999999709, 0, 5238.694999999999709, 119.50104300239055988, 5238.6480000000001382, 1, 5238.694999999999709, 3.6773235749796424621, 5238.694999999999709, 41.941058361394254916
5238.694999999999709, 94.245825576371998977, 5238.6530000000002474, 1, 5238.694999999999709, 7.0857440337162085342, 5238.694999999999709, 7.3956981353099706666, 5238.694999999999709, 0, 5238.6530000000002474, 0, 5238.694999999999709, 0, 5238.694999999999709, 0, 5238.694999999999709, 0, 5238.6530000000002474, 0, 5238.694999999999709, 0, 5238.694999999999709, 0, 5238.694999999999709, 121.02918192422055199, 5238.6530000000002474, 1, 5238.694999999999709, 3.6902573740803292779, 5238.694999999999709, 40.516134012599422931
5238.7049999999999272, 92.798175713734423198, 5238.6580000000003565, 1, 5238.7049999999999272, 7.4000093238784225846, 5238.7049999999999272, 11.403476113471803899, 5238.7049999999999272, 0, 5238.6580000000003565, 0, 5238.7049999999999272, 0, 5238.7049999999999272, 0, 5238.7049999999999272, 0, 5238.6580000000003565, 0, 5238.7049999999999272, 0, 5238.7049999999999272, 0, 5238.7049999999999272, 118.9476098649554956, 5238.6580000000003565, 1, 5238.7049999999999272, 3.4366967350181729657, 5238.7049999999999272, 46.119914846701597355
5238.7049999999999272, 93.052262712777860543, 5238.6629999999995562, 1, 5238.7049999999999272, 8.0010021764164616087, 5238.7049999999999272, 9.8032175488312631728, 5238.7049999999999272, 0, 5238.6629999999995562, 0, 5238.7049999999999272, 0, 5238.7049999999999272, 0, 5238.7049999999999272, 0, 5238.6629999999995562, 0, 5238.7049999999999272, 0, 5238.7049999999999272, 0, 5238.7049999999999272, 120.21828977049378295, 5238.6629999999995562, 1, 5238.7049999999999272, 3.8434161414885692487, 5238.7049999999999272, 44.664732407537762526
5238.7100000000000364, 92.389439492715737856, 5238.6679999999996653, 1, 5238.7100000000000364, 8.1458292196370329918, 5238.7100000000000364, 10.681192580577587137, 5238.7100000000000364, 0, 5238.6679999999996653, 0, 5238.7100000000000364, 0, 5238.7100000000000364, 0, 5238.7100000000000364, 0, 5238.6679999999996653, 0, 5238.7100000000000364, 0, 5238.7100000000000364, 0, 5238.7100000000000364, 118.32490858658428579, 5238.6679999999996653, 1, 5238.7100000000000364, 3.3440343522449818003, 5238.7100000000000364, 46.104811243219764094
5238.7200000000002547, 93.790956034732047897, 5238.6729999999997744, 1, 5238.7200000000002547, 8.3964634685022865312, 5238.7200000000002547, 9.8876115085536611105, 5238.7200000000002547, 0, 5238.6729999999997744, 0, 5238.7200000000002547, 0, 5238.7200000000002547, 0, 5238.7200000000002547, 0, 5238.6729999999997744, 0, 5238.7200000000002547, 0, 5238.7200000000002547, 0, 5238.7200000000002547, 114.80675344790157055, 5238.6729999999997744, 1, 5238.7200000000002547, 3.1400491222640929401, 5238.7200000000002547, 44.911101752754504446
5238.7250000000003638, 92.16110618008465849, 5238.6779999999998836, 1, 5238.7250000000003638, 8.115085622761887052, 5238.7250000000003638, 6.7424443975955696828, 5238.7250000000003638, 0, 5238.6779999999998836, 0, 5238.7250000000003638, 0, 5238.7250000000003638, 0, 5238.7250000000003638, 0, 5238.6779999999998836, 0, 5238.7250000000003638, 0, 5238.7250000000003638, 0, 5238.7250000000003638, 122.61018284474141637, 5238.6779999999998836, 1, 5238.7250000000003638, 2.9887510870239748506, 5238.7250000000003638, 42.338851183478205087
5238.7250000000003638, 95.01024605312684912, 5238.6829999999999927, 1, 5238.7250000000003638, 8.3455080874863298845, 5238.7250000000003638, 6.3678410887456706746, 5238.7250000000003638, 0, 5238.6829999999999927, 0, 5238.7250000000003638, 0, 5238.7250000000003638, 0, 5238.7250000000003638, 73.112003459368267499, 5238.6829999999999927, 0, 5238.7250000000003638, 22.868489856012640615, 5238.7250000000003638, 32.062353365295670926, 5238.7250000000003638, 115.97801559637147761, 5238.6829999999999927, 1, 5238.7250000000003638, 3.8118982449000471391, 5238.7250000000003638, 41.237798903594821809
5238.7299999999995634, 88.201682122921056362, 5238.6880000000001019, 1, 5238.7299999999995634, 2.8007056275608133156, 5238.7299999999995634, 9.5747074900140276554, 5238.7299999999995634, 321.19376309298058914, 5238.6880000000001019, 0, 5238.7299999999995634, 51.126787672097563586, 5238.7299999999995634, -78.977155817794383097, 5238.7299999999995634, 301.49411684526086219, 5238.6880000000001019, 0, 5238.7299999999995634, -59.839767881497188284, 5238.7299999999995634, -103.92731696053864709, 5238.7299999999995634, 84.474573324478782865, 5238.6880000000001019, 1, 5238.7299999999995634, -15.947133026290160274, 5238.7299999999995634, 38.337946746659895325
5238.7349999999996726, 41.943572326225087465, 5238.693000000000211, 1, 5238.7349999999996726, 15.95637325455018285, 5238.7349999999996726, 13.740687747367449134, 5238.7349999999996726, 236.00026733362562936, 5238.693000000000211, 0, 5238.7349999999996726, 50.220381960666657051, 5238.7349999999996726, -70.767692885674208014, 5238.7349999999996726, 188.93707172616331036, 5238.693000000000211, 0, 5238.7349999999996726, -41.121612501609369872, 5238.7349999999996726, -50.138692220622388618, 5238.7349999999996726, 17.92061506558785311, 5238.693000000000211, 1, 5238.7349999999996726, -11.756851675530365142, 5238.7349999999996726, 14.792445974860768843
5238.7399999999997817, 10.215967873497231011, 5238.6989999999996144, 1, 5238.7399999999997817, 7.0305033964326080209, 5238.7399999999997817, 6.3382874183057555939, 5238.7399999999997817, 111.56192156511197311, 5238.6989999999996144, 0, 5238.7399999999997817, 18.590512212730651243, 5238.7399999999997817, 15.632714058006484947, 5238.7399999999997817, 105.77088378229430532, 5238.6989999999996144, 0, 5238.7399999999997817, -22.752034455094129584, 5238.7399999999997817, 23.317725706388092277, 5238.7399999999997817, 24.225997919960022386, 5238.6989999999996144, 1, 5238.7399999999997817, -7.7309443498742487222, 5238.7399999999997817, 18.715569509227066192
5238.7449999999998909, 3.7438584439756090738, 5238.7030000000004293, 1, 5238.7449999999998909, 2.3198613900333224791, 5238.7449999999998909, 2.0984250127877177583, 5238.7449999999998909, 45.272830417145904391, 5238.7030000000004293, 0, 5238.7449999999998909, 7.7054200794877774072, 5238.7449999999998909, 17.381134073410127172, 5238.7449999999998909, 73.969552202206301672, 5238.7030000000004293, 0, 5238.7449999999998909, -10.519325763783777816, 5238.7449999999998909, 12.474931177439497532, 5238.7449999999998909, 40.267516554769812842, 5238.7030000000004293, 1, 5238.7449999999998909, 3.1229803907367901239, 5238.7449999999998909, 20.872498185736066745
5238.7550000000001091, 3.0557172712055558073, 5238.7079999999996289, 1, 5238.7550000000001091, 2.1115540582565652805, 5238.7550000000001091, 1.7765298843578505306, 5238.7550000000001091, 26.317292531154723889, 5238.7079999999996289, 0, 5238.7550000000001091, 3.270853738699903257, 5238.7550000000001091, 16.376686024689394827, 5238.7550000000001091, 59.894191955655188053, 5238.7079999999996289, 0, 5238.7550000000001091, -4.8933395145366240797, 5238.7550000000001091, 13.412787796075406277, 5238.7550000000001091, 44.410252769838308495, 5238.7079999999996289, 1, 5238.7550000000001091, 5.0347462102152364949, 5238.7550000000001091, 24.448881055131728601
5238.7560000000003129, 6.7653864580869278456, 5238.7129999999997381, 1, 5238.7560000000003129, 4.4374339342181459145, 5238.7560000000003129, 1.7467321697198809893, 5238.7560000000003129, 13.895628311076071881, 5238.7129999999997381, 0, 5238.7560000000003129, -0.34931648492234967929, 5238.7560000000003129, 8.3826047020364011786, 5238.7560000000003129, 40.056749868367795386, 5238.7129999999997381, 0, 5238.7560000000003129, 0.02946376761979356898, 5238.7560000000003129, 8.4275853584259419193, 5238.7560000000003129, 47.900965469729101187, 5238.7129999999997381, 1, 5238.7560000000003129, 6.4902984251363955437, 5238.7560000000003129, 23.872155967187364212
5238.7600000000002183, 11.107307023700567328, 5238.7209999999995489, 1, 5238.7600000000002183, 7.20947504949907092, 5238.7600000000002183, 2.3865382459533321935, 5238.7600000000002183, 14.91778014832014243, 5238.7209999999995489, 0, 5238.7600000000002183, -1.8611888294176630598, 5238.7600000000002183, 3.9542000710865385926, 5238.7600000000002183, 31.827424266038125467, 5238.7209999999995489, 0, 5238.7600000000002183, 1.633199000843415627, 5238.7600000000002183, 6.407347763552875719, 5238.7600000000002183, 49.436551165509875716, 5238.7209999999995489, 1, 5238.7600000000002183, 6.4388036940553456944, 5238.7600000000002183, 23.86767361428799461
5238.7650000000003274, 15.236583054489196698, 5238.7229999999999563, 1, 5238.7650000000003274, 9.5037046359463612788, 5238.7650000000003274, 3.0431091019098150952, 5238.7650000000003274, 20.579620409781647083, 5238.7229999999999563, 0, 5238.7650000000003274, -2.3583237208469403079, 5238.7650000000003274, 0.042970897782913297647, 5238.7650000000003274, 27.727898834421495167, 5238.7229999999999563, 0, 5238.7650000000003274, 1.8200189527636578823, 5238.7650000000003274, 5.351727495144526614, 5238.7650000000003274, 50.675026636246890632, 5238.7229999999999563, 1, 5238.7650000000003274, 5.9549293541843582034, 5238.7650000000003274, 23.983362975743059309
5238.7700000000004366, 22.507777444231685138, 5238.7280000000000655, 1, 5238.7700000000004366, 7.7069030792913126859, 5238.7700000000004366, 3.9799582731952902748, 5238.7700000000004366, 28.174484760231791824, 5238.7280000000000655, 0, 5238.7700000000004366, -2.2529273808117218358, 5238.7700000000004366, -3.7824622070962305997, 5238.7700000000004366, 25.668638273997554933, 5238.7280000000000655, 0, 5238.7700000000004366, 1.6721590941350732429, 5238.7700000000004366, 4.4272774591813668366, 5238.7700000000004366, 51.916006628148650748, 5238.7280000000000655, 1, 5238.7700000000004366, 5.6035691016754771709, 5238.7700000000004366, 23.917158456085090279
5238.7749999999996362, 31.202164336149419199, 5238.7330000000001746, 1, 5238.7749999999996362, 5.9346658411227473096, 5238.7749999999996362, 4.7505425459574421865, 5238.7749999999996362, 34.390771615684187168, 5238.7330000000001746, 1, 5238.7749999999996362, -1.4743727622856490633, 5238.7749999999996362, -7.082592402651068042, 5238.7749999999996362, 25.141884050540053153, 5238.7330000000001746, 1, 5238.7749999999996362, 1.9130088632716906183, 5238.7749999999996362, 3.1653878018500627434, 5238.7749999999996362, 52.348837682677839211, 5238.7330000000001746, 1, 5238.7749999999996362, 5.6650451409172628559, 5238.7749999999996362, 23.579729876715902037
5238.7809999999999491, 40.094620532626734644, 5238.7380000000002838, 1, 5238.7809999999999491, 3.042120072931088437, 5238.7809999999999491, 5.1179383621028282647, 5238.7809999999999491, 39.569063813137638874, 5238.7380000000002838, 1, 5238.7809999999999491, -0.57148530795701002472, 5238.7809999999999491, -11.44069715922070607, 5238.7809999999999491, 25.040313423266127302, 5238.7380000000002838, 1, 5238.7809999999999491, 2.0176665639895405846, 5238.7809999999999491, 0.35739897163583123074, 5238.7809999999999491, 54.786837355549806716, 5238.7380000000002838, 1, 5238.7809999999999491, 6.9466223098346260301, 5238.7809999999999491, 19.133844308223878272
5238.7860000000000582, 45.809217259950557377, 5238.7430000000003929, 1, 5238.7860000000000582, 2.8174058190766784193, 5238.7860000000000582, 8.3994057091549958471, 5238.7860000000000582, 45.334427674731294644, 5238.7430000000003929, 1, 5238.7860000000000582, 0.24665169278273793574, 5238.7860000000000582, -11.148551741508839541, 5238.7860000000000582, 25.440310399008914999, 5238.7430000000003929, 1, 5238.7860000000000582, 1.9800714910647028155, 5238.7860000000000582, 1.1149843488936177494, 5238.7860000000000582, 51.15461874749202309, 5238.7430000000003929, 1, 5238.7860000000000582, 5.3989029212904453559, 5238.7860000000000582, 25.793920877924932711
5238.7910000000001673, 50.081967097951824996, 5238.7489999999997963, 1, 5238.7910000000001673, 0.7263356627933836851, 5238.7910000000001673, 6.1325384517377479199, 5238.7910000000001673, 48.232511206071585264, 5238.7489999999997963, 1, 5238.7910000000001673, 1.0195037243660318715, 5238.7910000000001673, -15.399229455245905029, 5238.7910000000001673, 25.955183598540397583, 5238.7489999999997963, 1, 5238.7910000000001673, 1.7511900200712973152, 5238.7910000000001673, -1.4569215461570763637, 5238.7910000000001673, 52.604733928608929716, 5238.7489999999997963, 1, 5238.7910000000001673, 6.0927541985582882589, 5238.7910000000001673, 19.201096760465574675
5238.7960000000002765, 52.117083871834417153, 5238.7539999999999054, 1, 5238.7960000000002765, 0.23238923942344036355, 5238.7960000000002765, 5.8240755196377840264, 5238.7960000000002765, 50.615490384745100982, 5238.7539999999999054, 1, 5238.7960000000002765, 1.496215524466620872, 5238.7960000000002765, -16.936887501789652077, 5238.7960000000002765, 26.169999710742430921, 5238.7539999999999054, 1, 5238.7960000000002765, 1.6047061665906270367, 5238.7960000000002765, -2.3157771480009028409, 5238.7960000000002765, 50.607330411862349706, 5238.7539999999999054, 1, 5238.7960000000002765, 5.4797009390215993818, 5238.7960000000002765, 18.499814162960049657
5238.8010000000003856, 55.520108919064057318, 5238.7590000000000146, 1, 5238.8010000000003856, -0.61728924716018274133, 5238.8010000000003856, 5.6100365442890698375, 5238.8010000000003856, 53.475954806848086776, 5238.7590000000000146, 1, 5238.8010000000003856, 2.0651024436070781753, 5238.8010000000003856, -18.774993749673196675, 5238.8010000000003856, 27.518288453010342209, 5238.7590000000000146, 1, 5238.8010000000003856, 1.3387089507146126, 5238.8010000000003856, -3.6789822329578658611, 5238.8010000000003856, 50.682797826070640212, 5238.7590000000000146, 1, 5238.8010000000003856, 5.285480489928178649, 5238.8010000000003856, 17.872802474019444219
5238.8059999999995853, 58.242416066918821116, 5238.76299999999992, 1, 5238.8059999999995853, -1.2401689807309004276, 5238.8059999999995853, 6.6051815474869535194, 5238.8059999999995853, 55.015579184940264668, 5238.76299999999992, 1, 5238.8059999999995853, 2.3130402456873784267, 5238.8059999999995853, -19.984774994564968864, 5238.8059999999995853, 27.516651578943815082, 5238.76299999999992, 1, 5238.8059999999995853, 1.2147646378614520568, 5238.8059999999995853, -4.3617418483920022965, 5238.8059999999995853, 50.05188816469862445, 5238.76299999999992, 1, 5238.8059999999995853, 5.0548736432678449404, 5238.8059999999995853, 18.53710807954119133
5238.8109999999996944, 61.49874557859662616, 5238.7680000000000291, 1, 5238.8109999999996944, -1.3578770068728500675, 5238.8109999999996944, 18.963620283603635386, 5238.8109999999996944, 55.019455601427409874, 5238.7680000000000291, 1, 5238.8109999999996944, 1.9200548145854789972, 5238.8109999999996944, -21.481354678020021964, 5238.8109999999996944, 29.976540818347420014, 5238.7680000000000291, 1, 5238.8109999999996944, 0.27361010781698025252, 5238.8109999999996944, -6.5262578288838870577, 5238.8109999999996944, 54.844411781621190016, 5238.7680000000000291, 1, 5238.8109999999996944, 5.7262600553734825937, 5238.8109999999996944, 25.237309527202139492
5238.8159999999998035, 31.842122302082792373, 5238.774000000000342, 1, 5238.8159999999998035, 0.33932369454708166678, 5238.8159999999998035, 16.900069073152266697, 5238.8159999999998035, 52.063384919788305183, 5238.774000000000342, 1, 5238.8159999999998035, 1.2222428935722211563, 5238.8159999999998035, -24.247291908709549091, 5238.8159999999998035, 42.141199124513391894, 5238.774000000000342, 1, 5238.8159999999998035, -3.4419801212979579397, 5238.8159999999998035, -13.851503924368085308, 5238.8159999999998035, 30.655700145327649864, 5238.774000000000342, 1, 5238.8159999999998035, 2.1076358661908236591, 5238.8159999999998035, 15.965638023229105968
5238.8209999999999127, 0, 5238.7790000000004511, 1, 5238.8209999999999127, 0, 5238.8209999999999127, 0, 5238.8209999999999127, 58.601866360296341441, 5238.7790000000004511, 1, 5238.8209999999999127, 4.3175394902269985664, 5238.8209999999999127, -28.894964078131259555, 5238.8209999999999127, 61.510121135378597046, 5238.7790000000004511, 1, 5238.8209999999999127, -6.343412316420816488, 5238.8209999999999127, -22.277653210771710235, 5238.8209999999999127, 0, 5238.7790000000004511, 1, 5238.8209999999999127, 0, 5238.8209999999999127, 0
5238.8260000000000218, 0, 5238.7830000000003565, 1, 5238.8260000000000218, 0, 5238.8260000000000218, 0, 5238.8260000000000218, 71.20706315505893258, 5238.7830000000003565, 1, 5238.8260000000000218, 7.3012512793679436029, 5238.8260000000000218, -31.941349690071827894, 5238.8260000000000218, 65.765627001687136044, 5238.7830000000003565, 1, 5238.8260000000000218, -6.6179483209953975376, 5238.8260000000000218, -22.418501238483930393, 5238.8260000000000218, 0, 5238.7830000000003565, 1, 5238.8260000000000218, 0, 5238.8260000000000218, 0
5238.8360000000002401, 0, 5238.7879999999995562, 1, 5238.8360000000002401, 0, 5238.8360000000002401, 0, 5238.8360000000002401, 89.727007438764104563, 5238.7879999999995562, 1, 5238.8360000000002401, 10.219283707696270369, 5238.8360000000002401, -25.39838525837687655, 5238.8360000000002401, 75.249528222464249438, 5238.7879999999995562, 1, 5238.8360000000002401, -4.9669462730365827596, 5238.8360000000002401, -13.673128010918599529, 5238.8360000000002401, 0, 5238.7879999999995562, 1, 5238.8360000000002401, 0, 5238.8360000000002401, 0
5238.8410000000003492, 0, 5238.7929999999996653, 1, 5238.8410000000003492, 0, 5238.8410000000003492, 0, 5238.8410000000003492, 98.253447369204408801, 5238.7929999999996653, 1, 5238.8410000000003492, 11.898094602804707876, 5238.8410000000003492, -25.390450043964300164, 5238.8410000000003492, 71.679906242296397068, 5238.7929999999996653, 1, 5238.8410000000003492, -5.756118256437777525, 5238.8410000000003492, -10.79227792137451658, 5238.8410000000003492, 0, 5238.7929999999996653, 1, 5238.8410000000003492, 0, 5238.8410000000003492, 0
5238.8459999999995489, 0, 5238.7979999999997744, 1, 5238.8459999999995489, 0, 5238.8459999999995489, 0, 5238.8459999999995489, 107.76309539085053757, 5238.7979999999997744, 1, 5238.8459999999995489, 13.972664461799835678, 5238.8459999999995489, -26.499620454054536367, 5238.8459999999995489, 75.382732458463721059, 5238.7979999999997744, 1, 5238.8459999999995489, -2.2852581483191327649, 5238.8459999999995489, -10.441332359913111816, 5238.8459999999995489, 0, 5238.7979999999997744, 1, 5238.8459999999995489, 0, 5238.8459999999995489, 0
5238.8519999999998618, 0, 5238.8040000000000873, 0, 5238.8519999999998618, 0, 5238.8519999999998618, 0, 5238.8519999999998618, 113.87514969740084325, 5238.8040000000000873, 1, 5238.8519999999998618, 15.569531315165345831, 5238.8519999999998618, -25.48635264658305033, 5238.8519999999998618, 68.409891317954986789, 5238.8040000000000873, 1, 5238.8519999999998618, -2.3161249099110654548, 5238.8519999999998618, -6.323173613366705581, 5238.8519999999998618, 0, 5238.8040000000000873, 0, 5238.8519999999998618, 0, 5238.8519999999998618, 0
5238.8559999999997672, 0, 5238.8079999999999927, 0, 5238.8559999999997672, 0, 5238.8559999999997672, 0, 5238.8559999999997672, 120.14158246983774347, 5238.8079999999999927, 1, 5238.8559999999997672, 16.858752731643843248, 5238.8559999999997672, -25.952318925117332071, 5238.8559999999997672, 70.678550963261784545, 5238.8079999999999927, 1, 5238.8559999999997672, 1.2162719823292509336, 5238.8559999999997672, -5.619938029185874484, 5238.8559999999997672, 0, 5238.8079999999999927, 0, 5238.8559999999997672, 0, 5238.8559999999997672, 0
5238.8609999999998763, 0, 5238.8130000000001019, 0, 5238.8609999999998763, 0, 5238.8609999999998763, 0, 5238.8609999999998763, 123.6007447603998628, 5238.8130000000001019, 1, 5238.8609999999998763, 17.838571083828888675, 5238.8609999999998763, -24.598238875985082075, 5238.8609999999998763, 63.764156445661136274, 5238.8130000000001019, 1, 5238.8609999999998763, 1.0904623976310268141, 5238.8609999999998763, -1.6827631674905312309, 5238.8609999999998763, 0, 5238.8130000000001019, 0, 5238.8609999999998763, 0, 5238.8609999999998763, 0
5238.8659999999999854, 0, 5238.818000000000211, 0, 5238.8659999999999854, 0, 5238.8659999999999854, 0, 5238.8659999999999854, 126.55775357483076959, 5238.818000000000211, 1, 5238.8659999999999854, 19.719329981365987692, 5238.8659999999999854, -27.310964680383563064, 5238.8659999999999854, 66.928181828443840118, 5238.818000000000211, 1, 5238.8659999999999854, 3.5315979967845958498, 5238.8659999999999854, -3.7651758995164783528, 5238.8659999999999854, 0, 5238.818000000000211, 0, 5238.8659999999999854, 0, 5238.8659999999999854, 0
5238.8699999999998909, 0, 5238.8239999999996144, 0, 5238.8699999999998909, 0, 5238.8699999999998909, 0, 5238.8699999999998909, 129.40547767570012638, 5238.8239999999996144, 1, 5238.8699999999998909, 18.769543112799539131, 5238.8699999999998909, -15.935229836606062293, 5238.8699999999998909, 61.280746340622073376, 5238.8239999999996144, 1, 5238.8699999999998909, 3.4433340793915689915, 5238.8699999999998909, 5.3228781406950318456, 5238.8699999999998909, 0, 5238.8239999999996144, 0, 5238.8699999999998909, 0, 5238.8699999999998909, 0
5238.8760000000002037, 0, 5238.8280000000004293, 0, 5238.8760000000002037, 0, 5238.8760000000002037, 0, 5238.8760000000002037, 131.993158170045632, 5238.8280000000004293, 1, 5238.8760000000002037, 19.335704502740302502, 5238.8760000000002037, -15.96410823003794377, 5238.8760000000002037, 65.331197523209965539, 5238.8280000000004293, 1, 5238.8760000000002037, 6.1533987289246159236, 5238.8760000000002037, 5.3777284417866084709, 5238.8760000000002037, 0, 5238.8280000000004293, 0, 5238.8760000000002037, 0, 5238.8760000000002037, 0
5238.8760000000002037, 0, 5238.8329999999996289, 0, 5238.8760000000002037, 0, 5238.8760000000002037, 0, 5238.8760000000002037, 132.27216990077323544, 5238.8329999999996289, 1, 5238.8760000000002037, 19.202930126819232726, 5238.8760000000002037, -14.449574047790548548, 5238.8760000000002037, 59.551432058888323695, 5238.8329999999996289, 1, 5238.8760000000002037, 5.2514623849729451521, 5238.8760000000002037, 8.2500235049317502956, 5238.8760000000002037, 0, 5238.8329999999996289, 0, 5238.8760000000002037, 0, 5238.8760000000002037, 0
5238.886000000000422, 0, 5238.8379999999997381, 0, 5238.886000000000422, 0, 5238.886000000000422, 0, 5238.886000000000422, 132.49723346141922775, 5238.8379999999997381, 1, 5238.886000000000422, 18.945151164071909022, 5238.886000000000422, -14.772953641084747289, 5238.886000000000422, 65.800183096999546706, 5238.8379999999997381, 1, 5238.886000000000422, 7.1006450880559102146, 5238.886000000000422, 7.4379482178362827938, 5238.886000000000422, 0, 5238.8379999999997381, 0, 5238.886000000000422, 0, 5238.886000000000422, 0
5238.8909999999996217, 0, 5238.8429999999998472, 0, 5238.8909999999996217, 0, 5238.8909999999996217, 0, 5238.8909999999996217, 132.20243444863635318, 5238.8429999999998472, 1, 5238.8909999999996217, 18.695965558110852811, 5238.8909999999996217, -13.392514858541076705, 5238.8909999999996217, 60.96367993048743017, 5238.8429999999998472, 1, 5238.8909999999996217, 5.8136528063269512501, 5238.8909999999996217, 9.8973565903118085885, 5238.8909999999996217, 0, 5238.8429999999998472, 0, 5238.8909999999996217, 0, 5238.8909999999996217, 0
5238.8959999999997308, 0, 5238.8479999999999563, 0, 5238.8959999999997308, 0, 5238.8959999999997308, 0, 5238.8959999999997308, 132.32478746287355875, 5238.8479999999999563, 1, 5238.8959999999997308, 18.368462916108668992, 5238.8959999999997308, -13.638102618698361823, 5238.8959999999997308, 66.95584938238366135, 5238.8479999999999563, 1, 5238.8959999999997308, 7.5291245545273568496, 5238.8959999999997308, 9.1159641431658613442, 5238.8959999999997308, 0, 5238.8479999999999563, 0, 5238.8959999999997308, 0, 5238.8959999999997308, 0
5238.9009999999998399, 0, 5238.8530000000000655, 0, 5238.9009999999998399, 0, 5238.9009999999998399, 0, 5238.9009999999998399, 131.18653310482079632, 5238.8530000000000655, 1, 5238.9009999999998399, 17.722633749608437626, 5238.9009999999998399, -12.471876861387698909, 5238.9009999999998399, 63.499725231698064931, 5238.8530000000000655, 1, 5238.9009999999998399, 5.9168008284901647542, 5238.9009999999998399, 11.07109204511304057, 5238.9009999999998399, 0, 5238.8530000000000655, 0, 5238.9009999999998399, 0, 5238.9009999999998399, 0
5238.9059999999999491, 0, 5238.8580000000001746, 0, 5238.9059999999999491, 0, 5238.9059999999999491, 0, 5238.9059999999999491, 131.00814809032496555, 5238.8580000000001746, 1, 5238.9059999999999491, 17.141788485554137367, 5238.9059999999999491, -5.8550229434471958712, 5238.9059999999999491, 69.675359916280271477, 5238.8580000000001746, 1, 5238.9059999999999491, 7.1881484510755635498, 5238.9059999999999491, 13.653517508322316587, 5238.9059999999999491, 0, 5238.8580000000001746, 0, 5238.9059999999999491, 0, 5238.9059999999999491, 0
5238.9059999999999491, 0, 5238.8630000000002838, 0, 5238.9059999999999491, 0, 5238.9059999999999491, 0, 5238.9059999999999491, 129.53004303507944428, 5238.8630000000002838, 1, 5238.9059999999999491, 16.344854497271644078, 5238.9059999999999491, -4.9288201084820073561, 5238.9059999999999491, 66.883831472641702476, 5238.8630000000002838, 1, 5238.9059999999999491, 5.3696029536527261072, 5238.9059999999999491, 15.118857037794072085, 5238.9059999999999491, 0, 5238.8630000000002838, 0, 5238.9059999999999491, 0, 5238.9059999999999491, 0
5238.9160000000001673, 0, 5238.8680000000003929, 0, 5238.9160000000001673, 0, 5238.9160000000001673, 0, 5238.9160000000001673, 128.34830427302705402, 5238.8680000000003929, 1, 5238.9160000000001673, 15.545587040825862957, 5238.9160000000001673, -4.3941472194255410955, 5238.9160000000001673, 74.524103506378708062, 5238.8680000000003929, 1, 5238.9160000000001673, 6.3656610220029916647, 5238.9160000000001673, 14.64781413866922577, 5238.9160000000001673, 0, 5238.8680000000003929, 0, 5238.9160000000001673, 0, 5238.9160000000001673, 0
5238.9210000000002765, 0, 5238.8729999999995925, 0, 5238.9210000000002765, 0, 5238.9210000000002765, 0, 5238.9210000000002765, 127.1191150301118995, 5238.8729999999995925, 1, 5238.9210000000002765, 14.842276606467587285, 5238.9210000000002765, -3.4633904714116923174, 5238.9210000000002765, 71.223983261442185722, 5238.8729999999995925, 1, 5238.9210000000002765, 4.5225467580032647774, 5238.9210000000002765, 16.117095333872093477, 5238.9210000000002765, 0, 5238.8729999999995925, 0, 5238.9210000000002765, 0, 5238.9210000000002765, 0
5238.9260000000003856, 0, 5238.8789999999999054, 0, 5238.9260000000003856, 0, 5238.9260000000003856, 0, 5238.9260000000003856, 125.88519301138205719, 5238.8789999999999054, 1, 5238.9260000000003856, 13.816436908955909146, 5238.9260000000003856, -3.947194393062325446, 5238.9260000000003856, 77.122714602887896262, 5238.8789999999999054, 1, 5238.9260000000003856, 5.5357572219810986525, 5238.9260000000003856, 15.38320153727059747, 5238.9260000000003856, 0, 5238.8789999999999054, 0, 5238.9260000000003856, 0, 5238.9260000000003856, 0
5238.9309999999995853, 0, 5238.8829999999998108, 0, 5238.9309999999995853, 0, 5238.9309999999995853, 0, 5238.9309999999995853, 124.69864943994888051, 5238.8829999999998108, 1, 5238.9309999999995853, 13.271794172458408312, 5238.9309999999995853, -3.4035978799105350845, 5238.9309999999995853, 76.360069299517050467, 5238.8829999999998108, 1, 5238.9309999999995853, 3.8415434919885225185, 5238.9309999999995853, 16.174038058671143858, 5238.9309999999995853, 0, 5238.8829999999998108, 0, 5238.9309999999995853, 0, 5238.9309999999995853, 0
5238.9359999999996944, 0, 5238.88799999999992, 0, 5238.9359999999996944, 0, 5238.9359999999996944, 0, 5238.9359999999996944, 123.41000899600126672, 5238.88799999999992, 1, 5238.9359999999996944, 12.261697492041260915, 5238.9359999999996944, -3.9425969844753367965, 5238.9359999999996944, 81.860494686265155906, 5238.88799999999992, 1, 5238.9359999999996944, 4.6577498761228444124, 5238.9359999999996944, 15.384441060922590339, 5238.9359999999996944, 0, 5238.88799999999992, 0, 5238.9359999999996944, 0, 5238.9359999999996944, 0
5238.9409999999998035, 0, 5238.8930000000000291, 0, 5238.9409999999998035, 0, 5238.9409999999998035, 0, 5238.9409999999998035, 121.47350305417023719, 5238.8930000000000291, 1, 5238.9409999999998035, 11.458800313459788001, 5238.9409999999998035, -3.6186903155930778553, 5238.9409999999998035, 81.349041339749291524, 5238.8930000000000291, 1, 5238.9409999999998035, 3.5355967284799900696, 5238.9409999999998035, 15.950769933845769799, 5238.9409999999998035, 0, 5238.8930000000000291, 0, 5238.9409999999998035, 0, 5238.9409999999998035, 0
5238.9459999999999127, 0, 5238.8980000000001382, 0, 5238.9459999999999127, 0, 5238.9459999999999127, 0, 5238.9459999999999127, 121.03248890313143704, 5238.8980000000001382, 1, 5238.9459999999999127, 10.94460377476299584, 5238.9459999999999127, -3.6477974831018187274, 5238.9459999999999127, 83.716947115429235282, 5238.8980000000001382, 1, 5238.9459999999999127, 3.4345743323113695489, 5238.9459999999999127, 15.865516825029764902, 5238.9459999999999127, 0, 5238.8980000000001382, 0, 5238.9459999999999127, 0, 5238.9459999999999127, 0
5238.9510000000000218, 0, 5238.9030000000002474, 0, 5238.9510000000000218, 0, 5238.9510000000000218, 0, 5238.9510000000000218, 119.3054552665884529, 5238.9030000000002474, 1, 5238.9510000000000218, 11.349303297043228156, 5238.9510000000000218, -4.8495180875893098005, 5238.9510000000000218, 83.748584599036234977, 5238.9030000000002474, 1, 5238.9510000000000218, -0.52537607723053425524, 5238.9510000000000218, 13.456975253049023422, 5238.9510000000000218, 0, 5238.9030000000002474, 0, 5238.9510000000000218, 0, 5238.9510000000000218, 0
5238.956000000000131, 0, 5238.9089999999996508, 0, 5238.956000000000131, 0, 5238.956000000000131, 0, 5238.956000000000131, 117.56756410593183659, 5238.9089999999996508, 1, 5238.956000000000131, 9.9961904758117778869, 5238.956000000000131, 3.3359834296175208124, 5238.956000000000131, 87.812158224067246692, 5238.9089999999996508, 1, 5238.956000000000131, 4.029447424511637621, 5238.956000000000131, 20.864744714780997015, 5238.956000000000131, 0, 5238.9089999999996508, 0, 5238.956000000000131, 0, 5238.956000000000131, 0
5238.9610000000002401, 0, 5238.9139999999997599, 0, 5238.9610000000002401, 0, 5238.9610000000002401, 0, 5238.9610000000002401, 117.1280233385492977, 5238.9139999999997599, 1, 5238.9610000000002401, 7.0522782439377573738, 5238.9610000000002401, 3.7778538331916209358, 5238.9610000000002401, 85.174908482066072679, 5238.9139999999997599, 1, 5238.9610000000002401, 0.67672384873112823023, 5238.9610000000002401, 21.726557316639024009, 5238.9610000000002401, 0, 5238.9139999999997599, 0, 5238.9610000000002401, 0, 5238.9610000000002401, 0
5238.9660000000003492, 0, 5238.9179999999996653, 0, 5238.9660000000003492, 0, 5238.9660000000003492, 0, 5238.9660000000003492, 114.88184250744616577, 5238.9179999999996653, 1, 5238.9660000000003492, 9.431972219027244364, 5238.9660000000003492, 3.1133478909843574911, 5238.9660000000003492, 90.28216124751745042, 5238.9179999999996653, 1, 5238.9660000000003492, 4.3630704155689077339, 5238.9660000000003492, 20.982889041424954257, 5238.9660000000003492, 0, 5238.9179999999996653, 0, 5238.9660000000003492, 0, 5238.9660000000003492, 0
5238.9709999999995489, 0, 5238.9229999999997744, 0, 5238.9709999999995489, 0, 5238.9709999999995489, 0, 5238.9709999999995489, 115.58794758189219465, 5238.9229999999997744, 1, 5238.9709999999995489, 4.5747864403245825926, 5238.9709999999995489, 3.6665541986109460026, 5238.9709999999995489, 86.276915007095624333, 5238.9229999999997744, 1, 5238.9709999999995489, -0.78570303455235623868, 5238.9709999999995489, 22.012899105126855659, 5238.9709999999995489, 0, 5238.9229999999997744, 0, 5238.9709999999995489, 0, 5238.9709999999995489, 0
5238.9709999999995489, 0, 5238.9279999999998836, 0, 5238.9709999999995489, 0, 5238.9709999999995489, 0, 5238.9709999999995489, 112.54739890897513988, 5238.9279999999998836, 1, 5238.9709999999995489, 9.0059991155138376939, 5238.9709999999995489, 2.9668652127493757575, 5238.9709999999995489, 91.735512786249728379, 5238.9279999999998836, 1, 5238.9709999999995489, 4.8871112182693385861, 5238.9709999999995489, 21.179822256875795006, 5238.9709999999995489, 0, 5238.9279999999998836, 0, 5238.9709999999995489, 0, 5238.9709999999995489, 0
5238.9809999999997672, 0, 5238.9340000000001965, 0, 5238.9809999999997672, 0, 5238.9809999999997672, 0, 5238.9809999999997672, 113.22505276867559587, 5238.9340000000001965, 1, 5238.9809999999997672, 3.066121167398400349, 5238.9809999999997672, 3.2305326274641785744, 5238.9809999999997672, 88.819754035378338131, 5238.9340000000001965, 1, 5238.9809999999997672, -1.2787259021187751262, 5238.9809999999997672, 21.863950802683554286, 5238.9809999999997672, 0, 5238.9340000000001965, 0, 5238.9809999999997672, 0, 5238.9809999999997672, 0
5238.9859999999998763, 0, 5238.9380000000001019, 0, 5238.9859999999998763, 0, 5238.9859999999998763, 0, 5238.9859999999998763, 109.94427983212503364, 5238.9380000000001019, 1, 5238.9859999999998763, 7.520124931470122398, 5238.9859999999998763, 8.7955561229527745581, 5238.9859999999998763, 92.870781310811338471, 5238.9380000000001019, 1, 5238.9859999999998763, 4.2347101242575657665, 5238.9859999999998763, 26.298442171915745291, 5238.9859999999998763, 0, 5238.9380000000001019, 0, 5238.9859999999998763, 0, 5238.9859999999998763, 0
5238.9859999999998763, 0, 5238.943000000000211, 0, 5238.9859999999998763, 0, 5238.9859999999998763, 0, 5238.9859999999998763, 110.45639721030791236, 5238.943000000000211, 1, 5238.9859999999998763, 2.3630444667291023997, 5238.9859999999998763, 9.0148454494783578639, 5238.9859999999998763, 90.004594101111649707, 5238.943000000000211, 1, 5238.9859999999998763, -1.3403734568948533212, 5238.9859999999998763, 26.698764462898459726, 5238.9859999999998763, 0, 5238.943000000000211, 0, 5238.9859999999998763, 0, 5238.9859999999998763, 0
5238.9949999999998909, 0, 5238.9480000000003201, 0, 5238.9949999999998909, 0, 5238.9949999999998909, 0, 5238.9949999999998909, 107.97839844310489354, 5238.9480000000003201, 1, 5238.9949999999998909, 5.2175637569080492995, 5238.9949999999998909, 8.7866789019700206609, 5238.9949999999998909, 95.269782389661401112, 5238.9480000000003201, 1, 5238.9949999999998909, 2.4508235268601055168, 5238.9949999999998909, 26.662226928206308685, 5238.9949999999998909, 0, 5238.9480000000003201, 0, 5238.9949999999998909, 0, 5238.9949999999998909, 0
5239.0010000000002037, 0, 5238.9530000000004293, 0, 5239.0010000000002037, 0, 5239.0010000000002037, 0, 5239.0010000000002037, 107.71164761553714584, 5238.9530000000004293, 1, 5239.0010000000002037, 2.0698279896897435748, 5239.0010000000002037, 8.5762325716861553815, 5239.0010000000002037, 94.196742909819306533, 5238.9530000000004293, 1, 5239.0010000000002037, -0.87428383225239636456, 5239.0010000000002037, 26.633884734187908805, 5239.0010000000002037, 0, 5238.9530000000004293, 0, 5239.0010000000002037, 0, 5239.0010000000002037, 0
5239.0060000000003129, 0, 5238.9579999999996289, 0, 5239.0060000000003129, 0, 5239.0060000000003129, 0, 5239.0060000000003129, 105.93128037418173903, 5238.9579999999996289, 1, 5239.0060000000003129, 2.9212461200429515884, 5239.0060000000003129, 7.4570309183996883462, 5239.0060000000003129, 98.190102020709161934, 5238.9579999999996289, 1, 5239.0060000000003129, 0.58964081555125802403, 5239.0060000000003129, 25.820298283048522592, 5239.0060000000003129, 0, 5238.9579999999996289, 0, 5239.0060000000003129, 0, 5239.0060000000003129, 0
5239.011000000000422, 0, 5238.9629999999997381, 0, 5239.011000000000422, 0, 5239.011000000000422, 0, 5239.011000000000422, 105.03582866730963019, 5238.9629999999997381, 1, 5239.011000000000422, 1.2853964433986553306, 5239.011000000000422, 6.7691252732909958922, 5239.011000000000422, 98.769261998427225535, 5238.9629999999997381, 1, 5239.011000000000422, -1.0004637539539902313, 5239.011000000000422, 25.342129768431412629, 5239.011000000000422, 0, 5238.9629999999997381, 0, 5239.011000000000422, 0, 5239.011000000000422, 0
5239.0159999999996217, 0, 5238.9679999999998472, 0, 5239.0159999999996217, 0, 5239.0159999999996217, 0, 5239.0159999999996217, 103.64855659734480753, 5238.9679999999998472, 1, 5239.0159999999996217, 1.124513989223784538, 5239.0159999999996217, 5.7254467349514399643, 5239.0159999999996217, 100.80151240089170983, 5238.9679999999998472, 1, 5239.0159999999996217, -0.4268434620665237933, 5239.0159999999996217, 24.504138209205670762, 5239.0159999999996217, 0, 5238.9679999999998472, 0, 5239.0159999999996217, 0, 5239.0159999999996217, 0
5239.0159999999996217, 0, 5238.9729999999999563, 0, 5239.0159999999996217, 0, 5239.0159999999996217, 0, 5239.0159999999996217, 102.36213594130619242, 5238.9729999999999563, 1, 5239.0159999999996217, -0.089118485425620744267, 5239.0159999999996217, 4.5260303285771072979, 5239.0159999999996217, 103.06356783084515882, 5238.9729999999999563, 1, 5239.0159999999996217, -1.8362975811427502126, 5239.0159999999996217, 23.597010524325433778, 5239.0159999999996217, 0, 5238.9729999999999563, 0, 5239.0159999999996217, 0, 5239.0159999999996217, 0
5239.0259999999998399, 0, 5238.9780000000000655, 0, 5239.0259999999998399, 0, 5239.0259999999998399, 0, 5239.0259999999998399, 100.8987832396648372, 5238.9780000000000655, 1, 5239.0259999999998399, -0.56726908289520938666, 5239.0259999999998399, 3.2480270447717387583, 5239.0259999999998399, 104.6338119690543067, 5238.9780000000000655, 1, 5239.0259999999998399, -1.4408436350121351932, 5239.0259999999998399, 22.449056564034904682, 5239.0259999999998399, 0, 5238.9780000000000655, 0, 5239.0259999999998399, 0, 5239.0259999999998399, 0
5239.0290000000004511, 336.68665960925596892, 5238.9830000000001746, 0, 5239.0290000000004511, -59.639400509866717925, 5239.0290000000004511, -227.67621295185188046, 5239.0290000000004511, 98.221989510391651379, 5238.9830000000001746, 1, 5239.0290000000004511, -1.7234202432194103416, 5239.0290000000004511, 0.7918715460138656681, 5239.0290000000004511, 106.95196703547328809, 5238.9830000000001746, 1, 5239.0290000000004511, -6.1499110671205050593, 5239.0290000000004511, 15.66189964915510302, 5239.0290000000004511, 0, 5238.9830000000001746, 0, 5239.0290000000004511, 0, 5239.0290000000004511, 0
5239.0290000000004511, 381.23648876908623606, 5238.9880000000002838, 0, 5239.0290000000004511, -105.79757895650590171, 5239.0290000000004511, -259.52785884725437882, 5239.0290000000004511, 60.008591452095217278, 5238.9880000000002838, 1, 5239.0290000000004511, -25.364874052334069887, 5239.0290000000004511, -2.6112900369630622777, 5239.0290000000004511, 90.561349081508438985, 5238.9880000000002838, 1, 5239.0290000000004511, -13.378122099273737078, 5239.0290000000004511, 13.204130947063717372, 5239.0290000000004511, 0, 5238.9880000000002838, 0, 5239.0290000000004511, 0, 5239.0290000000004511, 0
5239.0360000000000582, 380.75290654877198904, 5238.9930000000003929, 0, 5239.0360000000000582, -115.27581247881434479, 5239.0360000000000582, -195.22050346978693369, 5239.0360000000000582, 24.654823072267934236, 5238.9930000000003929, 1, 5239.0360000000000582, -18.279438057010167995, 5239.0360000000000582, -3.1788909921123504887, 5239.0360000000000582, 77.682377490357708893, 5238.9930000000003929, 1, 5239.0360000000000582, -12.826573123578516089, 5239.0360000000000582, 19.519018050056153868, 5239.0360000000000582, 0, 5238.9930000000003929, 0, 5239.0360000000000582, 0, 5239.0360000000000582, 0
5239.0410000000001673, 380.46527007127264142, 5238.9979999999995925, 0, 5239.0410000000001673, -123.40467559914456785, 5239.0410000000001673, -195.05062431103164045, 5239.0410000000001673, 8.080103029915717272, 5238.9979999999995925, 1, 5239.0410000000001673, -5.9354525226943248839, 5239.0410000000001673, -4.2671945668871442692, 5239.0410000000001673, 69.504713152678007759, 5238.9979999999995925, 1, 5239.0410000000001673, -18.852499191066542039, 5239.0410000000001673, 15.129877062608148464, 5239.0410000000001673, 0, 5238.9979999999995925, 0, 5239.0410000000001673, 0, 5239.0410000000001673, 0
5239.0460000000002765, 380.84178340896045256, 5239.0029999999997017, 0, 5239.0460000000002765, -131.70600726298545169, 5239.0460000000002765, -196.23749987058164379, 5239.0460000000002765, 0, 5239.0029999999997017, 1, 5239.0460000000002765, 0, 5239.0460000000002765, 0, 5239.0460000000002765, 61.255412636371104895, 5239.0029999999997017, 1, 5239.0460000000002765, -25.215422546209865118, 5239.0460000000002765, 10.896622281550015998, 5239.0460000000002765, 0, 5239.0029999999997017, 0, 5239.0460000000002765, 0, 5239.0460000000002765, 0
5239.0510000000003856, 316.18712253776038779, 5239.0079999999998108, 0, 5239.0510000000003856, -122.24568810069295921, 5239.0510000000003856, -137.2576676001245346, 5239.0510000000003856, 0, 5239.0079999999998108, 1, 5239.0510000000003856, 0, 5239.0510000000003856, 0, 5239.0510000000003856, 67.8941405440558583, 5239.0079999999998108, 1, 5239.0510000000003856, -32.914763462860278764, 5239.0510000000003856, 6.2700492220766932405, 5239.0510000000003856, 0, 5239.0079999999998108, 0, 5239.0510000000003856, 0, 5239.0510000000003856, 0
5239.0609999999996944, 208.18074742295146962, 5239.01299999999992, 0, 5239.0609999999996944, -95.630715727995507791, 5239.0609999999996944, -94.743436683930681852, 5239.0609999999996944, 0, 5239.01299999999992, 1, 5239.0609999999996944, 0, 5239.0609999999996944, 0, 5239.0609999999996944, 76.935588887682627046, 5239.01299999999992, 1, 5239.0609999999996944, -31.967416716465159254, 5239.0609999999996944, -3.4016374873737298401, 5239.0609999999996944, 0, 5239.01299999999992, 0, 5239.0609999999996944, 0, 5239.0609999999996944, 0
5239.0659999999998035, 111.80339309986000274, 5239.0190000000002328, 0, 5239.0659999999998035, -55.771440868287285753, 5239.0659999999998035, -32.982399417108709372, 5239.0659999999998035, 0, 5239.0190000000002328, 1, 5239.0659999999998035, 0, 5239.0659999999998035, 0, 5239.0659999999998035, 63.69817753300401364, 5239.0190000000002328, 1, 5239.0659999999998035, -23.564608093100378738, 5239.0659999999998035, -12.656625663646606128, 5239.0659999999998035, 0, 5239.0190000000002328, 0, 5239.0659999999998035, 0, 5239.0659999999998035, 0
5239.0709999999999127, 20.668085470099466505, 5239.0230000000001382, 0, 5239.0709999999999127, -14.09271239513169327, 5239.0709999999999127, 9.7530775418602200233, 5239.0709999999999127, 0, 5239.0230000000001382, 1, 5239.0709999999999127, 0, 5239.0709999999999127, 0, 5239.0709999999999127, 62.060736897712594384, 5239.0230000000001382, 1, 5239.0709999999999127, -20.242896430605171076, 5239.0709999999999127, -24.60281370200579687, 5239.0709999999999127, 0, 5239.0230000000001382, 0, 5239.0709999999999127, 0, 5239.0709999999999127, 0
5239.0760000000000218, 2.552395641062408238, 5239.0280000000002474, 0, 5239.0760000000000218, -1.7093446742882527634, 5239.0760000000000218, 1.4902742645635416174, 5239.0760000000000218, 0, 5239.0280000000002474, 1, 5239.0760000000000218, 0, 5239.0760000000000218, 0, 5239.0760000000000218, 51.337904906629667323, 5239.0280000000002474, 1, 5239.0760000000000218, -14.721264359123374277, 5239.0760000000000218, -27.701558634324449315, 5239.0760000000000218, 0, 5239.0280000000002474, 0, 5239.0760000000000218, 0, 5239.0760000000000218, 0
5239.081000000000131, 0, 5239.0330000000003565, 0, 5239.081000000000131, 0, 5239.081000000000131, 0, 5239.081000000000131, 0, 5239.0330000000003565, 1, 5239.081000000000131, 0, 5239.081000000000131, 0, 5239.081000000000131, 30.410082600705443667, 5239.0330000000003565, 1, 5239.081000000000131, -9.4914048112701454585, 5239.081000000000131, -19.764522512086937667, 5239.081000000000131, 0, 5239.0330000000003565, 0, 5239.081000000000131, 0, 5239.081000000000131, 0
5239.0860000000002401, 0, 5239.0379999999995562, 0, 5239.0860000000002401, 0, 5239.0860000000002401, 0, 5239.0860000000002401, 0, 5239.0379999999995562, 1, 5239.0860000000002401, 0, 5239.0860000000002401, 0, 5239.0860000000002401, 32.133471142435091394, 5239.0379999999995562, 1, 5239.0860000000002401, -7.8715796422717287939, 5239.0860000000002401, -21.036775691904772145, 5239.0860000000002401, 0, 5239.0379999999995562, 0, 5239.0860000000002401, 0, 5239.0860000000002401, 0
5239.0900000000001455, 0, 5239.0429999999996653, 0, 5239.0900000000001455, 0, 5239.0900000000001455, 0, 5239.0900000000001455, 0, 5239.0429999999996653, 1, 5239.0900000000001455, 0, 5239.0900000000001455, 0, 5239.0900000000001455, 22.487682223501721523, 5239.0429999999996653, 1, 5239.0900000000001455, -6.6724405954852237244, 5239.0900000000001455, -14.909519705111643262, 5239.0900000000001455, 0, 5239.0429999999996653, 0, 5239.0900000000001455, 0, 5239.0900000000001455, 0
5239.0900000000001455, 0, 5239.0479999999997744, 0, 5239.0900000000001455, 0, 5239.0900000000001455, 0, 5239.0900000000001455, 0, 5239.0479999999997744, 1, 5239.0900000000001455, 0, 5239.0900000000001455, 0, 5239.0900000000001455, 30.920618233762020566, 5239.0479999999997744, 1, 5239.0900000000001455, -8.4277474329878874215, 5239.0900000000001455, -20.643018249610527448, 5239.0900000000001455, 70.786662573020734612, 5239.0479999999997744, 0, 5239.0900000000001455, -2.8329979818484414267, 5239.0900000000001455, -11.674065255871656888
5239.100999999999658, 0, 5239.0529999999998836, 0, 5239.100999999999658, 0, 5239.100999999999658, 0, 5239.100999999999658, 0, 5239.0529999999998836, 1, 5239.100999999999658, 0, 5239.100999999999658, 0, 5239.100999999999658, 16.599637349516033424, 5239.0529999999998836, 1, 5239.100999999999658, -4.9260172107313744405, 5239.100999999999658, -11.193639867822641421, 5239.100999999999658, 15.974328871282875042, 5239.0529999999998836, 0, 5239.100999999999658, -3.0681216328158269491, 5239.100999999999658, 4.889121383669448484
5239.1059999999997672, 0, 5239.0579999999999927, 1, 5239.1059999999997672, 0, 5239.1059999999997672, 0, 5239.1059999999997672, 0, 5239.0579999999999927, 1, 5239.1059999999997672, 0, 5239.1059999999997672, 0, 5239.1059999999997672, 27.761085267504398644, 5239.0579999999999927, 1, 5239.1059999999997672, -3.686970653880059956, 5239.1059999999997672, -16.333732286596323036, 5239.1059999999997672, 16.165765524379729356, 5239.0579999999999927, 1, 5239.1059999999997672, -3.9479289077286265908, 5239.1059999999997672, 9.7208162428882296524
5239.1109999999998763, 0, 5239.0630000000001019, 1, 5239.1109999999998763, 0, 5239.1109999999998763, 0, 5239.1109999999998763, 0, 5239.0630000000001019, 1, 5239.1109999999998763, 0, 5239.1109999999998763, 0, 5239.1109999999998763, 27.135303578691242876, 5239.0630000000001019, 1, 5239.1109999999998763, -4.3297749922440855741, 5239.1109999999998763, -16.137384724559424853, 5239.1109999999998763, 19.633264118770377138, 5239.0630000000001019, 1, 5239.1109999999998763, -4.0022797404304117919, 5239.1109999999998763, 11.070877413237720788
5239.1109999999998763, 83.834135941135500047, 5239.068000000000211, 1, 5239.1109999999998763, -44.862307988479656728, 5239.1109999999998763, -0.95933194449355596589, 5239.1109999999998763, 0, 5239.068000000000211, 1, 5239.1109999999998763, 0, 5239.1109999999998763, 0, 5239.1109999999998763, 32.683497770306694008, 5239.068000000000211, 1, 5239.1109999999998763, -1.1781135337381087869, 5239.1109999999998763, -19.5039955116809125, 5239.1109999999998763, 26.106758438665817579, 5239.068000000000211, 1, 5239.1109999999998763, -0.23388208861476220135, 5239.1109999999998763, 10.858155986537578741
5239.1159999999999854, 90.259930887901717256, 5239.0730000000003201, 1, 5239.1159999999999854, -44.366700490419766822, 5239.1159999999999854, -4.1045509419676093898, 5239.1159999999999854, 0, 5239.0730000000003201, 1, 5239.1159999999999854, 0, 5239.1159999999999854, 0, 5239.1159999999999854, 37.175251562792439586, 5239.0730000000003201, 1, 5239.1159999999999854, -1.6711067922606972491, 5239.1159999999999854, -22.057743441604344525, 5239.1159999999999854, 30.241103709961770107, 5239.0730000000003201, 1, 5239.1159999999999854, 2.15929292243976656, 5239.1159999999999854, 11.038307770399407914
5239.1210000000000946, 95.174279429264913688, 5239.0780000000004293, 1, 5239.1210000000000946, -42.765807417088097964, 5239.1210000000000946, -4.0788184518196288764, 5239.1210000000000946, 0, 5239.0780000000004293, 1, 5239.1210000000000946, 0, 5239.1210000000000946, 0, 5239.1210000000000946, 41.380019570161977072, 5239.0780000000004293, 1, 5239.1210000000000946, 2.0267927647114589718, 5239.1210000000000946, -23.809029185735369083, 5239.1210000000000946, 33.592352466364708619, 5239.0780000000004293, 1, 5239.1210000000000946, 5.978753554316178942, 5239.1210000000000946, 11.651654889540711935
5239.1260000000002037, 100.06969850600685845, 5239.0829999999996289, 1, 5239.1260000000002037, -44.485138462592999531, 5239.1260000000002037, -3.3902302532905750354, 5239.1260000000002037, 0, 5239.0829999999996289, 1, 5239.1260000000002037, 0, 5239.1260000000002037, 0, 5239.1260000000002037, 39.449957266233518283, 5239.0829999999996289, 1, 5239.1260000000002037, -2.1336164702638189539, 5239.1260000000002037, -23.67575569101553512, 5239.1260000000002037, 36.303907562304516432, 5239.0829999999996289, 1, 5239.1260000000002037, 4.1877578597894924428, 5239.1260000000002037, 13.392020529076575031
5239.1310000000003129, 100.96152636721507179, 5239.0879999999997381, 1, 5239.1310000000003129, -41.290857925331742706, 5239.1310000000003129, -3.5114756048999282712, 5239.1310000000003129, 0, 5239.0879999999997381, 1, 5239.1310000000003129, 0, 5239.1310000000003129, 0, 5239.1310000000003129, 93.913103552667251961, 5239.0879999999997381, 1, 5239.1310000000003129, -11.365861060745574562, 5239.1310000000003129, 23.188969542435962978, 5239.1310000000003129, 44.054343716208592241, 5239.0879999999997381, 1, 5239.1310000000003129, 7.6086796503316875828, 5239.1310000000003129, 12.393280963848175347
5239.136000000000422, 73.215315019460533108, 5239.0929999999998472, 1, 5239.136000000000422, -30.408256740012848951, 5239.136000000000422, -8.0756117727507543691, 5239.136000000000422, 168.77802036826335552, 5239.0929999999998472, 1, 5239.136000000000422, 12.369621401176312148, 5239.136000000000422, 102.13690773953152302, 5239.136000000000422, 200.97250182156034271, 5239.0929999999998472, 1, 5239.136000000000422, -30.313595099560703972, 5239.136000000000422, 112.26157645261959317, 5239.136000000000422, 72.660534214297143762, 5239.0929999999998472, 1, 5239.136000000000422, 13.424007567274774289, 5239.136000000000422, -5.3301974242453269426
5239.1409999999996217, 34.546506328554265508, 5239.0979999999999563, 1, 5239.1409999999996217, -18.723914525979161283, 5239.1409999999996217, -6.4692351168205117773, 5239.1409999999996217, 80.736475446950436208, 5239.0979999999999563, 1, 5239.1409999999996217, 13.237863030965412392, 5239.1409999999996217, 70.864788407894096167, 5239.1409999999996217, 125.53669752831176254, 5239.0979999999999563, 1, 5239.1409999999996217, -11.759380430547873075, 5239.1409999999996217, 102.66416368258222747, 5239.1409999999996217, 75.582317386828123063, 5239.0979999999999563, 1, 5239.1409999999996217, 18.638820607652597516, 5239.1409999999996217, -11.801698670327738228
5239.1509999999998399, 29.356789729936387801, 5239.1030000000000655, 1, 5239.1509999999998399, -18.870071696412967555, 5239.1509999999998399, -7.58996600946497324, 5239.1509999999998399, 0.55962111055617891342, 5239.1030000000000655, 1, 5239.1509999999998399, -0.40815850584718632588, 5239.1509999999998399, 0.46560201316312060937, 5239.1509999999998399, 34.244122257805926779, 5239.1030000000000655, 1, 5239.1509999999998399, 4.7678810269983724623, 5239.1509999999998399, 27.134279789962924667, 5239.1509999999998399, 79.394586771566039829, 5239.1030000000000655, 1, 5239.1509999999998399, 17.507962452596153469, 5239.1509999999998399, -13.81231719131610447
5239.1559999999999491, 47.458190061664154769, 5239.1080000000001746, 1, 5239.1559999999999491, -19.836124650835795791, 5239.1559999999999491, -9.0877484126614369586, 5239.1559999999999491, 0, 5239.1080000000001746, 1, 5239.1559999999999491, 0, 5239.1559999999999491, 0, 5239.1559999999999491, 0, 5239.1080000000001746, 1, 5239.1559999999999491, 0, 5239.1559999999999491, 0, 5239.1559999999999491, 73.338267391889843339, 5239.1080000000001746, 1, 5239.1559999999999491, 19.572470291786640217, 5239.1559999999999491, -9.0454692490337080812
5239.1559999999999491, 65.302970156971753113, 5239.1130000000002838, 1, 5239.1559999999999491, -20.372852956970081806, 5239.1559999999999491, -11.232454654149190532, 5239.1559999999999491, 0, 5239.1130000000002838, 1, 5239.1559999999999491, 0, 5239.1559999999999491, 0, 5239.1559999999999491, 0, 5239.1130000000002838, 1, 5239.1559999999999491, 0, 5239.1559999999999491, 0, 5239.1559999999999491, 78.421417367403321919, 5239.1130000000002838, 1, 5239.1559999999999491, 19.055696334966981453, 5239.1559999999999491, -7.7383900209761975475
5239.1660000000001673, 77.49682896084587469, 5239.1180000000003929, 1, 5239.1660000000001673, -18.732734398911912166, 5239.1660000000001673, -10.70247049019633323, 5239.1660000000001673, 0, 5239.1180000000003929, 1, 5239.1660000000001673, 0, 5239.1660000000001673, 0, 5239.1660000000001673, 0, 5239.1180000000003929, 1, 5239.1660000000001673, 0, 5239.1660000000001673, 0, 5239.1660000000001673, 71.905133043730813824, 5239.1180000000003929, 1, 5239.1660000000001673, 21.418365121139402163, 5239.1660000000001673, -2.2064049472517552886
5239.1710000000002765, 87.36397852155035082, 5239.1239999999997963, 1, 5239.1710000000002765, -21.472216999736101428, 5239.1710000000002765, -11.786244770794660042, 5239.1710000000002765, 0, 5239.1239999999997963, 1, 5239.1710000000002765, 0, 5239.1710000000002765, 0, 5239.1710000000002765, 0, 5239.1239999999997963, 1, 5239.1710000000002765, 0, 5239.1710000000002765, 0, 5239.1710000000002765, 79.450113293266497294, 5239.1239999999997963, 1, 5239.1710000000002765, 17.755812891337853898, 5239.1710000000002765, -1.981070807642645093
5239.1710000000002765, 94.702797505184364013, 5239.1289999999999054, 1, 5239.1710000000002765, -20.401234894295203759, 5239.1710000000002765, -10.834318075326386577, 5239.1710000000002765, 0, 5239.1289999999999054, 0, 5239.1710000000002765, 0, 5239.1710000000002765, 0, 5239.1710000000002765, 0, 5239.1289999999999054, 0, 5239.1710000000002765, 0, 5239.1710000000002765, 0, 5239.1710000000002765, 74.741468723176524236, 5239.1289999999999054, 1, 5239.1710000000002765, 19.167911521930815155, 5239.1710000000002765, 2.6857214274449177083
5239.180000000000291, 100.57095774972641777, 5239.1329999999998108, 1, 5239.180000000000291, -22.179413787040328288, 5239.180000000000291, -6.3066314440356094906, 5239.180000000000291, 0, 5239.1329999999998108, 0, 5239.180000000000291, 0, 5239.180000000000291, 0, 5239.180000000000291, 0, 5239.1329999999998108, 0, 5239.180000000000291, 0, 5239.180000000000291, 0, 5239.180000000000291, 80.332466392298215396, 5239.1329999999998108, 1, 5239.180000000000291, 14.756101274218812236, 5239.180000000000291, 7.0394196957506949275
5239.180000000000291, 103.63216062469243184, 5239.13799999999992, 1, 5239.180000000000291, -20.326005905415577502, 5239.180000000000291, -5.183090473871452275, 5239.180000000000291, 0, 5239.13799999999992, 0, 5239.180000000000291, 0, 5239.180000000000291, 0, 5239.180000000000291, 0, 5239.13799999999992, 0, 5239.180000000000291, 0, 5239.180000000000291, 0, 5239.180000000000291, 76.710335404196655418, 5239.13799999999992, 1, 5239.180000000000291, 16.405303383412210394, 5239.180000000000291, 10.483842002057073728
5239.1859999999996944, 107.76454180530853932, 5239.1430000000000291, 1, 5239.1859999999996944, -22.134364363145827781, 5239.1859999999996944, -5.2459602109557863514, 5239.1859999999996944, 0, 5239.1430000000000291, 0, 5239.1859999999996944, 0, 5239.1859999999996944, 0, 5239.1859999999996944, 0, 5239.1430000000000291, 0, 5239.1859999999996944, 0, 5239.1859999999996944, 0, 5239.1859999999996944, 81.859900484389086728, 5239.1430000000000291, 1, 5239.1859999999996944, 11.801745112457968645, 5239.1859999999996944, 11.115264410180095922
5239.1909999999998035, 109.18075899962974518, 5239.1480000000001382, 1, 5239.1909999999998035, -19.700482211869694282, 5239.1909999999998035, -4.0377520575832264171, 5239.1909999999998035, 0, 5239.1480000000001382, 0, 5239.1909999999998035, 0, 5239.1909999999998035, 0, 5239.1909999999998035, 0, 5239.1480000000001382, 0, 5239.1909999999998035, 0, 5239.1909999999998035, 0, 5239.1909999999998035, 77.687444320185733204, 5239.1480000000001382, 1, 5239.1909999999998035, 13.55129110526663716, 5239.1909999999998035, 14.495968290516692889
5239.2010000000000218, 110.75942912656635997, 5239.1530000000002474, 1, 5239.2010000000000218, -20.800001599725256085, 5239.2010000000000218, -4.2620942559939436478, 5239.2010000000000218, 0, 5239.1530000000002474, 0, 5239.2010000000000218, 0, 5239.2010000000000218, 0, 5239.2010000000000218, 0, 5239.1530000000002474, 0, 5239.2010000000000218, 0, 5239.2010000000000218, 0, 5239.2010000000000218, 83.743312467700775414, 5239.1530000000002474, 1, 5239.2010000000000218, 9.3790673162434519128, 5239.2010000000000218, 14.44692701512473576
5239.2010000000000218, 111.61467974503898404, 5239.1580000000003565, 1, 5239.2010000000000218, -18.166844638883770102, 5239.2010000000000218, -3.1351434335328178804, 5239.2010000000000218, 0, 5239.1580000000003565, 0, 5239.2010000000000218, 0, 5239.2010000000000218, 0, 5239.2010000000000218, 0, 5239.1580000000003565, 0, 5239.2010000000000218, 0, 5239.2010000000000218, 0, 5239.2010000000000218, 79.849829429559008531, 5239.1580000000003565, 1, 5239.2010000000000218, 11.301094515086456127, 5239.2010000000000218, 17.550329271671927245
5239.206000000000131, 112.1881717786024808, 5239.1629999999995562, 1, 5239.206000000000131, -19.062689156829236481, 5239.206000000000131, -3.3813925387863221772, 5239.206000000000131, 0, 5239.1629999999995562, 0, 5239.206000000000131, 0, 5239.206000000000131, 0, 5239.206000000000131, 0, 5239.1629999999995562, 0, 5239.206000000000131, 0, 5239.206000000000131, 0, 5239.206000000000131, 85.89674364313849253, 5239.1629999999995562, 1, 5239.206000000000131, 7.3499385122642184598, 5239.206000000000131, 17.29439850819341018
5239.2110000000002401, 112.34119019346920254, 5239.1679999999996653, 1, 5239.2110000000002401, -16.163346368617943938, 5239.2110000000002401, -2.3899656032873721756, 5239.2110000000002401, 0, 5239.1679999999996653, 0, 5239.2110000000002401, 0, 5239.2110000000002401, 0, 5239.2110000000002401, 0, 5239.1679999999996653, 0, 5239.2110000000002401, 0, 5239.2110000000002401, 0, 5239.2110000000002401, 82.541606884564856728, 5239.1679999999996653, 1, 5239.2110000000002401, 9.5376453952237429945, 5239.2110000000002401, 20.027204030954784741
5239.2160000000003492, 111.7071358333909501, 5239.1729999999997744, 1, 5239.2160000000003492, -14.851064661411136569, 5239.2160000000003492, -4.7137218582827813407, 5239.2160000000003492, 0, 5239.1729999999997744, 0, 5239.2160000000003492, 0, 5239.2160000000003492, 0, 5239.2160000000003492, 0, 5239.1729999999997744, 0, 5239.2160000000003492, 0, 5239.2160000000003492, 0, 5239.2160000000003492, 90.360124853193170225, 5239.1729999999997744, 1, 5239.2160000000003492, 6.0904238776512436004, 5239.2160000000003492, 16.015474832119572568
5239.2209999999995489, 112.32628265011871349, 5239.1790000000000873, 1, 5239.2209999999995489, -16.290458577720759337, 5239.2209999999995489, 4.2439141043825827637, 5239.2209999999995489, 0, 5239.1790000000000873, 0, 5239.2209999999995489, 0, 5239.2209999999995489, 0, 5239.2209999999995489, 0, 5239.1790000000000873, 0, 5239.2209999999995489, 0, 5239.2209999999995489, 0, 5239.2209999999995489, 86.661223760493271584, 5239.1790000000000873, 1, 5239.2209999999995489, 6.6677015907087193725, 5239.2209999999995489, 26.415848729621526303
5239.225999999999658, 111.77656745582817166, 5239.1829999999999927, 1, 5239.225999999999658, -12.936989581945715244, 5239.225999999999658, 5.2632460897061434935, 5239.225999999999658, 0, 5239.1829999999999927, 0, 5239.225999999999658, 0, 5239.225999999999658, 0, 5239.225999999999658, 0, 5239.1829999999999927, 0, 5239.225999999999658, 0, 5239.225999999999658, 0, 5239.225999999999658, 87.425422325645385513, 5239.1829999999999927, 1, 5239.225999999999658, 6.2539924074034329848, 5239.225999999999658, 27.545641074247573243
5239.2309999999997672, 110.47518219304600962, 5239.1880000000001019, 1, 5239.2309999999997672, -12.519305805083503103, 5239.2309999999997672, 4.8202577093078176063, 5239.2309999999997672, 0, 5239.1880000000001019, 0, 5239.2309999999997672, 0, 5239.2309999999997672, 0, 5239.2309999999997672, 0, 5239.1880000000001019, 0, 5239.2309999999997672, 0, 5239.2309999999997672, 0, 5239.2309999999997672, 89.277008788659088623, 5239.1880000000001019, 1, 5239.2309999999997672, 7.5003192611565365766, 5239.2309999999997672, 28.398914444648909239
5239.2359999999998763, 109.32334314594240254, 5239.193000000000211, 1, 5239.2359999999998763, -12.116658494753854924, 5239.2359999999998763, 4.2710547908531140138, 5239.2359999999998763, 0, 5239.193000000000211, 0, 5239.2359999999998763, 0, 5239.2359999999998763, 0, 5239.2359999999998763, 0, 5239.193000000000211, 0, 5239.2359999999998763, 0, 5239.2359999999998763, 0, 5239.2359999999998763, 96.92012232751932288, 5239.193000000000211, 1, 5239.2359999999998763, 4.3193543602457893371, 5239.2359999999998763, 27.456241366088633526
5239.2409999999999854, 109.33632731269941019, 5239.1980000000003201, 1, 5239.2409999999999854, -8.9416548669926090298, 5239.2409999999999854, 5.0031010277398806352, 5239.2409999999999854, 0, 5239.1980000000003201, 0, 5239.2409999999999854, 0, 5239.2409999999999854, 0, 5239.2409999999999854, 0, 5239.1980000000003201, 0, 5239.2409999999999854, 0, 5239.2409999999999854, 0, 5239.2409999999999854, 93.025721376110780625, 5239.1980000000003201, 1, 5239.2409999999999854, 6.9535953450050049796, 5239.2409999999999854, 29.546932905982615125
5239.2449999999998909, 108.20314060457954497, 5239.2030000000004293, 1, 5239.2449999999998909, -9.7737970244817482524, 5239.2449999999998909, 4.2595758980200955079, 5239.2449999999998909, 0, 5239.2030000000004293, 0, 5239.2449999999998909, 0, 5239.2449999999998909, 0, 5239.2449999999998909, 0, 5239.2030000000004293, 0, 5239.2449999999998909, 0, 5239.2449999999998909, 0, 5239.2449999999998909, 99.839887693315446882, 5239.2030000000004293, 1, 5239.2449999999998909, 3.7089019903207418594, 5239.2449999999998909, 28.695368852085245237
5239.2510000000002037, 107.19641250747694983, 5239.2079999999996289, 1, 5239.2510000000002037, -6.4515135348118910485, 5239.2510000000002037, 4.5222338597245510528, 5239.2510000000002037, 0, 5239.2079999999996289, 0, 5239.2510000000002037, 0, 5239.2510000000002037, 0, 5239.2510000000002037, 0, 5239.2079999999996289, 0, 5239.2510000000002037, 0, 5239.2510000000002037, 0, 5239.2510000000002037, 98.481357788887123661, 5239.2079999999996289, 1, 5239.2510000000002037, 6.7169941161523762929, 5239.2510000000002037, 29.939617904716349983
5239.2560000000003129, 105.86026075288927473, 5239.2139999999999418, 1, 5239.2560000000003129, -7.2398255911607432012, 5239.2560000000003129, 3.7582819056045906336, 5239.2560000000003129, 0, 5239.2139999999999418, 0, 5239.2560000000003129, 0, 5239.2560000000003129, 0, 5239.2560000000003129, 0, 5239.2139999999999418, 0, 5239.2560000000003129, 0, 5239.2560000000003129, 0, 5239.2560000000003129, 104.09905751265596052, 5239.2139999999999418, 1, 5239.2560000000003129, 3.6156612132793974901, 5239.2560000000003129, 29.081834254172974852
5239.261000000000422, 105.9672075173173198, 5239.2179999999998472, 1, 5239.261000000000422, -4.2473115843350814913, 5239.261000000000422, 11.393080870651978387, 5239.261000000000422, 0, 5239.2179999999998472, 0, 5239.261000000000422, 0, 5239.261000000000422, 0, 5239.261000000000422, 0, 5239.2179999999998472, 0, 5239.261000000000422, 0, 5239.261000000000422, 0, 5239.261000000000422, 100.09367790218945515, 5239.2179999999998472, 1, 5239.261000000000422, 6.2144065052827643925, 5239.261000000000422, 37.373364772295836644
5239.2650000000003274, 104.50342696305682466, 5239.2229999999999563, 1, 5239.2650000000003274, -5.5744376947323921456, 5239.2650000000003274, 10.620722103345606513, 5239.2650000000003274, 0, 5239.2229999999999563, 0, 5239.2650000000003274, 0, 5239.2650000000003274, 0, 5239.2650000000003274, 0, 5239.2229999999999563, 0, 5239.2650000000003274, 0, 5239.2650000000003274, 0, 5239.2650000000003274, 104.63561948287548375, 5239.2229999999999563, 1, 5239.2650000000003274, 2.7945101516337631509, 5239.2650000000003274, 36.941521785450099458
5239.274000000000342, 104.80553266909832644, 5239.2280000000000655, 1, 5239.274000000000342, -1.5512409804954176984, 5239.274000000000342, 10.910265751576048388, 5239.274000000000342, 0, 5239.2280000000000655, 0, 5239.274000000000342, 0, 5239.274000000000342, 0, 5239.274000000000342, 0, 5239.2280000000000655, 0, 5239.274000000000342, 0, 5239.274000000000342, 0, 5239.274000000000342, 101.84865422045081118, 5239.2280000000000655, 1, 5239.274000000000342, 6.3070914323380824484, 5239.274000000000342, 38.158906196353193252
5239.2809999999999491, 102.11331689015251811, 5239.2340000000003783, 1, 5239.2809999999999491, -4.7015462597096924213, 5239.2809999999999491, 9.7374344046904184324, 5239.2809999999999491, 0, 5239.2340000000003783, 0, 5239.2809999999999491, 0, 5239.2809999999999491, 0, 5239.2809999999999491, 0, 5239.2340000000003783, 0, 5239.2809999999999491, 0, 5239.2809999999999491, 0, 5239.2809999999999491, 108.76966218427745048, 5239.2340000000003783, 1, 5239.2809999999999491, 1.5359775368065979873, 5239.2809999999999491, 37.033428245395100475
5239.2809999999999491, 103.68677983415378208, 5239.2380000000002838, 1, 5239.2809999999999491, 1.6324504626304365829, 5239.2809999999999491, 10.039271462857492168, 5239.2809999999999491, 0, 5239.2380000000002838, 0, 5239.2809999999999491, 0, 5239.2809999999999491, 0, 5239.2809999999999491, 0, 5239.2380000000002838, 0, 5239.2809999999999491, 0, 5239.2809999999999491, 0, 5239.2809999999999491, 104.80702751733710443, 5239.2380000000002838, 1, 5239.2809999999999491, 7.2839970646278668909, 5239.2809999999999491, 38.257130151167217491
5239.2910000000001673, 101.19317297990852467, 5239.2430000000003929, 1, 5239.2910000000001673, -4.09182805594086485, 5239.2910000000001673, 9.1948798442983488144, 5239.2910000000001673, 0, 5239.2430000000003929, 0, 5239.2910000000001673, 0, 5239.2910000000001673, 0, 5239.2910000000001673, 0, 5239.2430000000003929, 0, 5239.2910000000001673, 0, 5239.2910000000001673, 0, 5239.2910000000001673, 109.8018330590575431, 5239.2430000000003929, 1, 5239.2910000000001673, -0.070350651600495264781, 5239.2910000000001673, 37.439261344678556043
5239.2960000000002765, 102.06852150646987809, 5239.2479999999995925, 1, 5239.2960000000002765, 3.8675996670628047802, 5239.2960000000002765, 15.096884811279963401, 5239.2960000000002765, 0, 5239.2479999999995925, 0, 5239.2960000000002765, 0, 5239.2960000000002765, 0, 5239.2960000000002765, 0, 5239.2479999999995925, 0, 5239.2960000000002765, 0, 5239.2960000000002765, 0, 5239.2960000000002765, 104.19971834427587964, 5239.2479999999995925, 1, 5239.2960000000002765, 7.4145412618055530629, 5239.2960000000002765, 44.376569989932825422
5239.2960000000002765, 99.391760835665891705, 5239.2539999999999054, 1, 5239.2960000000002765, -3.1627760852855999474, 5239.2960000000002765, 14.092615362339103058, 5239.2960000000002765, 0, 5239.2539999999999054, 0, 5239.2960000000002765, 0, 5239.2960000000002765, 0, 5239.2960000000002765, 0, 5239.2539999999999054, 0, 5239.2960000000002765, 0, 5239.2960000000002765, 0, 5239.2960000000002765, 109.13042214293344045, 5239.2539999999999054, 1, 5239.2960000000002765, -0.98164307206172862763, 5239.2960000000002765, 43.692748138420654413
5239.3010000000003856, 101.12494363533303954, 5239.2579999999998108, 1, 5239.3010000000003856, 5.2410943446948667912, 5239.3010000000003856, 14.145210261513852856, 5239.3010000000003856, 0, 5239.2579999999998108, 0, 5239.3010000000003856, 0, 5239.3010000000003856, 0, 5239.3010000000003856, 0, 5239.2579999999998108, 0, 5239.3010000000003856, 0, 5239.3010000000003856, 0, 5239.3010000000003856, 105.85510249809880179, 5239.2579999999998108, 1, 5239.3010000000003856, 6.9706753015136682095, 5239.3010000000003856, 44.260759420751455195
5239.3109999999996944, 98.63882529668535426, 5239.26299999999992, 1, 5239.3109999999996944, -1.3469949967882017816, 5239.3109999999996944, 13.035649772818906911, 5239.3109999999996944, 0, 5239.26299999999992, 0, 5239.3109999999996944, 0, 5239.3109999999996944, 0, 5239.3109999999996944, 0, 5239.26299999999992, 0, 5239.3109999999996944, 0, 5239.3109999999996944, 0, 5239.3109999999996944, 110.70951448501438108, 5239.26299999999992, 1, 5239.3109999999996944, -0.69020102290858320604, 5239.3109999999996944, 43.402092763959899457
5239.3109999999996944, 99.394841790857142882, 5239.2680000000000291, 1, 5239.3109999999996944, 2.9121030932665119551, 5239.3109999999996944, 12.711448588816573135, 5239.3109999999996944, 0, 5239.2680000000000291, 0, 5239.3109999999996944, 0, 5239.3109999999996944, 0, 5239.3109999999996944, 0, 5239.2680000000000291, 0, 5239.3109999999996944, 0, 5239.3109999999996944, 0, 5239.3109999999996944, 108.41797825365033248, 5239.2680000000000291, 1, 5239.3109999999996944, 5.6179096150886209671, 5239.3109999999996944, 43.650650307000276484
5239.3159999999998035, 98.821969908586481779, 5239.2730000000001382, 1, 5239.3159999999998035, 3.5675615977578694071, 5239.3159999999998035, 12.006881762828484739, 5239.3159999999998035, 0, 5239.2730000000001382, 0, 5239.3159999999998035, 0, 5239.3159999999998035, 0, 5239.3159999999998035, 0, 5239.2730000000001382, 0, 5239.3159999999998035, 0, 5239.3159999999998035, 0, 5239.3159999999998035, 112.54739719898503836, 5239.2730000000001382, 1, 5239.3159999999998035, 0.79537066016182988992, 5239.3159999999998035, 42.697734767260541844
5239.3260000000000218, 98.397310993000587587, 5239.2780000000002474, 1, 5239.3260000000000218, 4.1017996463048440603, 5239.3260000000000218, 11.069587103414797014, 5239.3260000000000218, 0, 5239.2780000000002474, 0, 5239.3260000000000218, 0, 5239.3260000000000218, 0, 5239.3260000000000218, 0, 5239.2780000000002474, 0, 5239.3260000000000218, 0, 5239.3260000000000218, 0, 5239.3260000000000218, 112.95292479059224888, 5239.2780000000002474, 1, 5239.3260000000000218, 3.4096183078424298074, 5239.3260000000000218, 42.333276823674005129
5239.331000000000131, 97.785169732546577848, 5239.2830000000003565, 1, 5239.331000000000131, 4.3840755877034993659, 5239.331000000000131, 10.213725209568124797, 5239.331000000000131, 0, 5239.2830000000003565, 0, 5239.331000000000131, 0, 5239.331000000000131, 0, 5239.331000000000131, 0, 5239.2830000000003565, 0, 5239.331000000000131, 0, 5239.331000000000131, 0, 5239.331000000000131, 113.66479631682820184, 5239.2830000000003565, 1, 5239.331000000000131, 2.9537141911922142334, 5239.331000000000131, 41.664216592143731077
5239.3360000000002401, 96.726419235004499342, 5239.2879999999995562, 1, 5239.3360000000002401, 5.191423931004676362, 5239.3360000000002401, 15.893283420747749801, 5239.3360000000002401, 0, 5239.2879999999995562, 0, 5239.3360000000002401, 0, 5239.3360000000002401, 0, 5239.3360000000002401, 0, 5239.2879999999995562, 0, 5239.3360000000002401, 0, 5239.3360000000002401, 0, 5239.3360000000002401, 111.61592397071122207, 5239.2879999999995562, 1, 5239.3360000000002401, 3.3835009959004862523, 5239.3360000000002401, 48.678828903715782417
5239.3410000000003492, 95.551937607210973624, 5239.2929999999996653, 1, 5239.3410000000003492, 5.3023464338557424469, 5239.3410000000003492, 14.145370329821915334, 5239.3410000000003492, 0, 5239.2929999999996653, 0, 5239.3410000000003492, 0, 5239.3410000000003492, 0, 5239.3410000000003492, 0, 5239.2929999999996653, 0, 5239.3410000000003492, 0, 5239.3410000000003492, 0, 5239.3410000000003492, 115.88943903260621937, 5239.2929999999996653, 1, 5239.3410000000003492, 3.3797827235650510502, 5239.3410000000003492, 47.437693501277848895
5239.3459999999995489, 95.044439185300802819, 5239.2979999999997744, 1, 5239.3459999999995489, 6.1046682989359375426, 5239.3459999999995489, 12.802940929388647362, 5239.3459999999995489, 0, 5239.2979999999997744, 0, 5239.3459999999995489, 0, 5239.3459999999995489, 0, 5239.3459999999995489, 0, 5239.2979999999997744, 0, 5239.3459999999995489, 0, 5239.3459999999995489, 0, 5239.3459999999995489, 117.06152861002686905, 5239.2979999999997744, 1, 5239.3459999999995489, 3.7941207360073820887, 5239.3459999999995489, 46.316227804477769325
5239.3459999999995489, 94.415914277516918673, 5239.3029999999998836, 1, 5239.3459999999995489, 6.6324627320211755332, 5239.3459999999995489, 11.193505901538678415, 5239.3459999999995489, 0, 5239.3029999999998836, 0, 5239.3459999999995489, 0, 5239.3459999999995489, 0, 5239.3459999999995489, 0, 5239.3029999999998836, 0, 5239.3459999999995489, 0, 5239.3459999999995489, 0, 5239.3459999999995489, 119.04004818938713584, 5239.3029999999998836, 1, 5239.3459999999995489, 3.9384566905352604849, 5239.3459999999995489, 44.980394785891292031
5239.3559999999997672, 93.84225365201500324, 5239.3079999999999927, 1, 5239.3559999999997672, 6.7301526120099071093, 5239.3559999999997672, 10.266778357666083821, 5239.3559999999997672, 0, 5239.3079999999999927, 0, 5239.3559999999997672, 0, 5239.3559999999997672, 0, 5239.3559999999997672, 0, 5239.3079999999999927, 0, 5239.3559999999997672, 0, 5239.3559999999997672, 0, 5239.3559999999997672, 116.23895570223706386, 5239.3079999999999927, 1, 5239.3559999999997672, 2.8864069473699238699, 5239.3559999999997672, 43.852823231850621255
5239.3609999999998763, 94.457182106516171416, 5239.3130000000001019, 1, 5239.3609999999998763, 7.7280198365735852661, 5239.3609999999998763, 8.3806390026943233806, 5239.3609999999998763, 0, 5239.3130000000001019, 0, 5239.3609999999998763, 0, 5239.3609999999998763, 0, 5239.3609999999998763, 0, 5239.3130000000001019, 0, 5239.3609999999998763, 0, 5239.3609999999998763, 0, 5239.3609999999998763, 120.2181570529660064, 5239.3130000000001019, 1, 5239.3609999999998763, 4.2997065892664245723, 5239.3609999999998763, 42.407082888787115849
5239.3609999999998763, 92.997690455336268656, 5239.318000000000211, 1, 5239.3609999999998763, 7.7702906682096415381, 5239.3609999999998763, 6.4029488857694758508, 5239.3609999999998763, 0, 5239.318000000000211, 0, 5239.3609999999998763, 0, 5239.3609999999998763, 0, 5239.3609999999998763, 0, 5239.318000000000211, 0, 5239.3609999999998763, 0, 5239.3609999999998763, 0, 5239.3609999999998763, 121.61758378406908321, 5239.318000000000211, 1, 5239.3609999999998763, 3.8581897001960618887, 5239.3609999999998763, 40.433589941100215981
5239.3659999999999854, 93.738755088308010954, 5239.3230000000003201, 1, 5239.3659999999999854, 4.8870439918847949912, 5239.3659999999999854, 1.3672358132677757681, 5239.3659999999999854, 0, 5239.3230000000003201, 0, 5239.3659999999999854, 0, 5239.3659999999999854, 0, 5239.3659999999999854, 0, 5239.3230000000003201, 0, 5239.3659999999999854, 0, 5239.3659999999999854, 0, 5239.3659999999999854, 123.94408940365852345, 5239.3230000000003201, 1, 5239.3659999999999854, 7.438212265189858563, 5239.3659999999999854, 24.452917948011908322
5239.3710000000000946, 93.708014625299426825, 5239.3289999999997235, 1, 5239.3710000000000946, 7.9495347472878936657, 5239.3710000000000946, 8.5598586070911650836, 5239.3710000000000946, 0, 5239.3289999999997235, 0, 5239.3710000000000946, 0, 5239.3710000000000946, 0, 5239.3710000000000946, 0, 5239.3289999999997235, 0, 5239.3710000000000946, 0, 5239.3710000000000946, 0, 5239.3710000000000946, 115.01007221490010579, 5239.3289999999997235, 1, 5239.3710000000000946, 3.0848649459415407037, 5239.3710000000000946, 43.293468288194937088
5239.3760000000002037, 96.020550165261113307, 5239.3339999999998327, 1, 5239.3760000000002037, 4.3452707921056568097, 5239.3760000000002037, -1.0522873217967187998, 5239.3760000000002037, 322.42618942983455099, 5239.3339999999998327, 0, 5239.3760000000002037, 37.485282489731901023, 5239.3760000000002037, -56.453642484924770883, 5239.3760000000002037, 363.89027344158381538, 5239.3339999999998327, 0, 5239.3760000000002037, -16.580493132530090605, 5239.3760000000002037, -93.62083905165806641, 5239.3760000000002037, 124.89253282627981889, 5239.3339999999998327, 1, 5239.3760000000002037, 6.3422142752668140275, 5239.3760000000002037, 21.976522067839688646
5239.3810000000003129, 66.813993490580799062, 5239.3389999999999418, 1, 5239.3810000000003129, 11.396804679170903896, 5239.3810000000003129, 4.3080614480850449866, 5239.3810000000003129, 304.4705945838442176, 5239.3389999999999418, 0, 5239.3810000000003129, 67.331115936515303133, 5239.3810000000003129, -108.44422799395923107, 5239.3810000000003129, 285.54008728580231491, 5239.3389999999999418, 0, 5239.3810000000003129, -56.599623743529114961, 5239.3810000000003129, -100.21571150641889858, 5239.3810000000003129, 67.299945407396023711, 5239.3389999999999418, 1, 5239.3810000000003129, -11.559198212958525787, 5239.3810000000003129, 24.561909354584429366
5239.386000000000422, 19.942388993727604429, 5239.3429999999998472, 1, 5239.386000000000422, 11.685247641914479289, 5239.386000000000422, 8.2560578703258116207, 5239.386000000000422, 183.70006042413595537, 5239.3429999999998472, 0, 5239.386000000000422, 38.151490138150748521, 5239.386000000000422, -35.663209474768706286, 5239.386000000000422, 140.48374533964053512, 5239.3429999999998472, 0, 5239.386000000000422, -30.749844370035773977, 5239.386000000000422, -15.093216084124172482, 5239.386000000000422, 20.46654335084325993, 5239.3429999999998472, 1, 5239.386000000000422, -10.248821615940396867, 5239.386000000000422, 11.843974680694817181
5239.3909999999996217, 3.3418145669220544747, 5239.3490000000001601, 1, 5239.3909999999996217, 2.0656619819169614871, 5239.3909999999996217, 1.7382018123924858344, 5239.3909999999996217, 102.12331661853002629, 5239.3490000000001601, 0, 5239.3909999999996217, 20.311807665892960273, 5239.3909999999996217, 7.8172067782864047558, 5239.3909999999996217, 105.4147387570402401, 5239.3490000000001601, 0, 5239.3909999999996217, -18.507518518157073828, 5239.3909999999996217, 10.528875331733310361, 5239.3909999999996217, 32.769471638758041365, 5239.3490000000001601, 1, 5239.3909999999996217, -0.68051665980907194431, 5239.3909999999996217, 17.648335192921535963
5239.3959999999997308, 0, 5239.3530000000000655, 1, 5239.3959999999997308, 0, 5239.3959999999997308, 0, 5239.3959999999997308, 44.046230673028176739, 5239.3530000000000655, 0, 5239.3959999999997308, 9.1605473573163287426, 5239.3959999999997308, 9.1732493016716851741, 5239.3959999999997308, 66.345657629775359965, 5239.3530000000000655, 0, 5239.3959999999997308, -5.6449643075338329368, 5239.3959999999997308, 4.8123818040891848113, 5239.3959999999997308, 43.328203684913063398, 5239.3530000000000655, 1, 5239.3959999999997308, 6.1290892092736264374, 5239.3959999999997308, 16.721881766354211862
5239.4009999999998399, 0, 5239.3580000000001746, 1, 5239.4009999999998399, 0, 5239.4009999999998399, 0, 5239.4009999999998399, 28.077530994295823774, 5239.3580000000001746, 0, 5239.4009999999998399, 4.8874002326946079933, 5239.4009999999998399, 7.1468183970626686374, 5239.4009999999998399, 50.733202500716330974, 5239.3580000000001746, 0, 5239.4009999999998399, -0.85971381104067368106, 5239.4009999999998399, 3.3384423034272039388, 5239.4009999999998399, 48.633600776786536812, 5239.3580000000001746, 1, 5239.4009999999998399, 8.6578777903700494534, 5239.4009999999998399, 13.543871051846444686
5239.4059999999999491, 0, 5239.3630000000002838, 1, 5239.4059999999999491, 0, 5239.4059999999999491, 0, 5239.4059999999999491, 25.936005679250264677, 5239.3630000000002838, 0, 5239.4059999999999491, 3.4034488572269361306, 5239.4059999999999491, 3.6205393315546174904, 5239.4059999999999491, 42.920311889938972172, 5239.3630000000002838, 0, 5239.4059999999999491, 1.5624705340309725798, 5239.4059999999999491, 2.7079520100474070432, 5239.4059999999999491, 50.405419768098148836, 5239.3630000000002838, 1, 5239.4059999999999491, 9.6746309852286209718, 5239.4059999999999491, 12.745932740624198232
5239.4110000000000582, 9.6986431684326710467, 5239.3689999999996871, 1, 5239.4110000000000582, 5.8613153802709865303, 5239.4110000000000582, 0.69647173678190377188, 5239.4110000000000582, 18.229639839341931662, 5239.3689999999996871, 0, 5239.4110000000000582, 1.7402430481745125856, 5239.4110000000000582, 1.543928211688338159, 5239.4110000000000582, 27.957043320631846939, 5239.3689999999996871, 0, 5239.4110000000000582, 4.6683093049889130555, 5239.4110000000000582, 4.7517111739023274453, 5239.4110000000000582, 51.750164039853594034, 5239.3689999999996871, 1, 5239.4110000000000582, 10.258082798851868134, 5239.4110000000000582, 17.247367149414813525
5239.4160000000001673, 12.577002912044230598, 5239.3729999999995925, 1, 5239.4160000000001673, 7.6214158836431868949, 5239.4160000000001673, 1.3630496840598427255, 5239.4160000000001673, 23.943676240253331855, 5239.3729999999995925, 0, 5239.4160000000001673, 0.34554146970095528379, 5239.4160000000001673, -2.7075290493968502403, 5239.4160000000001673, 22.667057335853584732, 5239.3729999999995925, 0, 5239.4160000000001673, 4.1945904967655849305, 5239.4160000000001673, 4.3364978895103156731, 5239.4160000000001673, 54.473392340668844724, 5239.3729999999995925, 1, 5239.4160000000001673, 9.0317411240604599243, 5239.4160000000001673, 17.93388860931422002
5239.4250000000001819, 18.424898282517158776, 5239.3779999999997017, 1, 5239.4250000000001819, 7.3951060132256554169, 5239.4250000000001819, 1.9683450161950455382, 5239.4250000000001819, 30.780687763784385425, 5239.3779999999997017, 0, 5239.4250000000001819, 0.18032592247972031863, 5239.4250000000001819, -6.7068094882752671282, 5239.4250000000001819, 20.2408744216026939, 5239.3779999999997017, 0, 5239.4250000000001819, 3.7839705025469974053, 5239.4250000000001819, 3.5856804637554091642, 5239.4250000000001819, 56.583762116557664967, 5239.3779999999997017, 1, 5239.4250000000001819, 8.448134661041393656, 5239.4250000000001819, 17.898043285786478407
5239.4250000000001819, 27.833030171754963078, 5239.3829999999998108, 1, 5239.4250000000001819, 4.8827250373937207684, 5239.4250000000001819, 2.6078325171705625252, 5239.4250000000001819, 36.969881885162124036, 5239.3829999999998108, 1, 5239.4250000000001819, 0.87718998884095988888, 5239.4250000000001819, -10.153802047767564787, 5239.4250000000001819, 20.275989297871710448, 5239.3829999999998108, 1, 5239.4250000000001819, 3.6827766069848082431, 5239.4250000000001819, 2.321829759100053181, 5239.4250000000001819, 57.726881929464461507, 5239.3829999999998108, 1, 5239.4250000000001819, 8.4344955448846850032, 5239.4250000000001819, 17.659425879881908372
5239.4309999999995853, 34.818355716941518097, 5239.3890000000001237, 1, 5239.4309999999995853, 3.3218297569754646759, 5239.4309999999995853, 2.8579736668035469194, 5239.4309999999995853, 42.384625768033671989, 5239.3890000000001237, 1, 5239.4309999999995853, 1.7470189315469002445, 5239.4309999999995853, -12.812192281896180646, 5239.4309999999995853, 21.327462002678615249, 5239.3890000000001237, 1, 5239.4309999999995853, 3.4484058760979192648, 5239.4309999999995853, 1.2077941427243548134, 5239.4309999999995853, 57.287056992207212147, 5239.3890000000001237, 1, 5239.4309999999995853, 8.1543241956939969128, 5239.4309999999995853, 17.294881488987364548
5239.4359999999996944, 42.293228829170097072, 5239.3930000000000291, 1, 5239.4359999999996944, 1.5404715357546581167, 5239.4359999999996944, 2.9746759159674898143, 5239.4359999999996944, 46.541975019959302529, 5239.3930000000000291, 1, 5239.4359999999996944, 2.4851144965420282062, 5239.4359999999996944, -15.659768680442674338, 5239.4359999999996944, 22.328875476490857466, 5239.3930000000000291, 1, 5239.4359999999996944, 3.2493121331350276471, 5239.4359999999996944, -0.52842401419232309934, 5239.4359999999996944, 58.464491387343542783, 5239.3930000000000291, 1, 5239.4359999999996944, 8.1495623971188493329, 5239.4359999999996944, 16.818201149617458157
5239.4399999999995998, 47.015879764882079428, 5239.3980000000001382, 1, 5239.4399999999995998, 0.44311393300910062454, 5239.4399999999995998, 2.8665728475384568696, 5239.4399999999995998, 49.949392692479207767, 5239.3980000000001382, 1, 5239.4399999999995998, 3.100816447867211334, 5239.4399999999995998, -17.651544385924207603, 5239.4399999999995998, 23.024055766021447766, 5239.3980000000001382, 1, 5239.4399999999995998, 2.9874917444383677356, 5239.4399999999995998, -1.5630059950181411921, 5239.4399999999995998, 57.229241728731615524, 5239.3980000000001382, 1, 5239.4399999999995998, 7.6223024540228028201, 5239.4399999999995998, 16.346564251297845516
5239.4510000000000218, 50.144025998256509524, 5239.4040000000004511, 1, 5239.4510000000000218, 0.7595646622817133764, 5239.4510000000000218, 9.2002457315167358587, 5239.4510000000000218, 54.453700868776067523, 5239.4040000000004511, 1, 5239.4510000000000218, 3.765680701435853539, 5239.4510000000000218, -12.674660603384314328, 5239.4510000000000218, 24.080899902114815347, 5239.4040000000004511, 1, 5239.4510000000000218, 2.7152427883752521254, 5239.4510000000000218, 0.3795110544463184965, 5239.4510000000000218, 51.970441582786250478, 5239.4040000000004511, 1, 5239.4510000000000218, 5.7849080708430360431, 5239.4510000000000218, 26.857197574451728173
5239.4510000000000218, 52.172378530721516654, 5239.4080000000003565, 1, 5239.4510000000000218, 0.26507105404941588844, 5239.4510000000000218, 9.0818390092852858686, 5239.4510000000000218, 56.175380267841852344, 5239.4080000000003565, 1, 5239.4510000000000218, 4.0540164807343943565, 5239.4510000000000218, -13.751418243347430348, 5239.4510000000000218, 24.784953950523096466, 5239.4080000000003565, 1, 5239.4510000000000218, 2.431451044250570348, 5239.4510000000000218, -0.43846988482468951531, 5239.4510000000000218, 50.196439542583121352, 5239.4080000000003565, 1, 5239.4510000000000218, 5.1694314789474757887, 5239.4510000000000218, 25.929915481165693336
5239.456000000000131, 55.268870895710051627, 5239.4129999999995562, 1, 5239.456000000000131, -0.4201170007557379904, 5239.456000000000131, 10.394021332731895768, 5239.456000000000131, 57.711593757872194033, 5239.4129999999995562, 1, 5239.456000000000131, 4.2591974529092242463, 5239.456000000000131, -14.807426297922042124, 5239.456000000000131, 25.581930757267656418, 5239.4129999999995562, 1, 5239.456000000000131, 2.1651739469896571499, 5239.456000000000131, -1.2717419250923072127, 5239.456000000000131, 49.988276230274998113, 5239.4129999999995562, 1, 5239.456000000000131, 4.9955559725501510471, 5239.456000000000131, 26.595902484001918253
5239.4610000000002401, 59.329559531545001505, 5239.4179999999996653, 1, 5239.4610000000002401, -0.91478034130010577041, 5239.4610000000002401, 20.434625917800879336, 5239.4610000000002401, 57.718438555768173615, 5239.4179999999996653, 1, 5239.4610000000002401, 3.8128627390760407856, 5239.4610000000002401, -16.229412362668039549, 5239.4610000000002401, 28.606644426332451303, 5239.4179999999996653, 1, 5239.4610000000002401, 1.1355724812967726844, 5239.4610000000002401, -3.2432121678229535178, 5239.4610000000002401, 53.743262057048390545, 5239.4179999999996653, 1, 5239.4610000000002401, 5.5829644159934792569, 5239.4610000000002401, 34.425896234814011621
5239.4660000000003492, 33.078453008093802623, 5239.4229999999997744, 1, 5239.4660000000003492, 0.7264558330165774569, 5239.4660000000003492, 21.079913716479985908, 5239.4660000000003492, 54.802922572970445003, 5239.4229999999997744, 1, 5239.4660000000003492, 3.0389865095574157827, 5239.4660000000003492, -19.157504323428209858, 5239.4660000000003492, 41.650950121015966943, 5239.4229999999997744, 1, 5239.4660000000003492, -2.6229954452823265321, 5239.4660000000003492, -9.4828220242631111603, 5239.4660000000003492, 30.063802003244070704, 5239.4229999999997744, 1, 5239.4660000000003492, 2.2095321197647233014, 5239.4660000000003492, 21.738578301556522376
5239.475999999999658, 0, 5239.4279999999998836, 1, 5239.475999999999658, 0, 5239.475999999999658, 0, 5239.475999999999658, 61.531745072182417289, 5239.4279999999998836, 1, 5239.475999999999658, 5.5961355148735423271, 5239.475999999999658, -23.431820583823000703, 5239.475999999999658, 62.785801864686376916, 5239.4279999999998836, 1, 5239.475999999999658, -6.060991473233117155, 5239.475999999999658, -16.564460800531318085, 5239.475999999999658, 0, 5239.4279999999998836, 1, 5239.475999999999658, 0, 5239.475999999999658, 0
5239.4799999999995634, 0, 5239.4329999999999927, 1, 5239.4799999999995634, 0, 5239.4799999999995634, 0, 5239.4799999999995634, 75.143335446873066985, 5239.4329999999999927, 1, 5239.4799999999995634, 8.4115451353754746577, 5239.4799999999995634, -25.846108925590666416, 5239.4799999999995634, 69.506684719078094759, 5239.4329999999999927, 1, 5239.4799999999995634, -7.0974985719119070282, 5239.4799999999995634, -16.938372553709054813, 5239.4799999999995634, 0, 5239.4329999999999927, 1, 5239.4799999999995634, 0, 5239.4799999999995634, 0
5239.4809999999997672, 0, 5239.4380000000001019, 1, 5239.4809999999997672, 0, 5239.4809999999997672, 0, 5239.4809999999997672, 88.394480767166498936, 5239.4380000000001019, 1, 5239.4809999999997672, 10.628239427591854138, 5239.4809999999997672, -28.069478064939925588, 5239.4809999999997672, 74.526279015018786822, 5239.4380000000001019, 1, 5239.4809999999997672, -5.5788538508915239689, 5239.4809999999997672, -16.891652221969909675, 5239.4809999999997672, 0, 5239.4380000000001019, 1, 5239.4809999999997672, 0, 5239.4809999999997672, 0
5239.4909999999999854, 0, 5239.443000000000211, 1, 5239.4909999999999854, 0, 5239.4909999999999854, 0, 5239.4909999999999854, 98.502827852281114929, 5239.443000000000211, 1, 5239.4909999999999854, 12.589193313127470475, 5239.4909999999999854, -23.377202044645301271, 5239.4909999999999854, 71.025496226872647298, 5239.443000000000211, 1, 5239.4909999999999854, -6.0144731217059073103, 5239.4909999999999854, -9.8634063487921466162, 5239.4909999999999854, 0, 5239.443000000000211, 1, 5239.4909999999999854, 0, 5239.4909999999999854, 0
5239.4970000000002983, 0, 5239.4480000000003201, 1, 5239.4970000000002983, 0, 5239.4970000000002983, 0, 5239.4970000000002983, 107.00062997758345773, 5239.4480000000003201, 1, 5239.4970000000002983, 14.330396076773046943, 5239.4970000000002983, -24.587014238171008174, 5239.4970000000002983, 76.210796542689621447, 5239.4480000000003201, 1, 5239.4970000000002983, -2.8955380722676880012, 5239.4970000000002983, -10.028027781257293327, 5239.4970000000002983, 0, 5239.4480000000003201, 1, 5239.4970000000002983, 0, 5239.4970000000002983, 0
5239.5010000000002037, 0, 5239.4539999999997235, 0, 5239.5010000000002037, 0, 5239.5010000000002037, 0, 5239.5010000000002037, 113.93940654492601539, 5239.4539999999997235, 1, 5239.5010000000002037, 15.826210207481905101, 5239.5010000000002037, -23.537940700159701635, 5239.5010000000002037, 69.400136726114311614, 5239.4539999999997235, 1, 5239.5010000000002037, -2.991010093752529464, 5239.5010000000002037, -5.8355525019712075618, 5239.5010000000002037, 0, 5239.4539999999997235, 0, 5239.5010000000002037, 0, 5239.5010000000002037, 0
5239.5060000000003129, 0, 5239.4579999999996289, 0, 5239.5060000000003129, 0, 5239.5060000000003129, 0, 5239.5060000000003129, 119.38896161154130482, 5239.4579999999996289, 1, 5239.5060000000003129, 16.938868909758468817, 5239.5060000000003129, -23.985306803642231444, 5239.5060000000003129, 72.32949561335630051, 5239.4579999999996289, 1, 5239.5060000000003129, 0.39314821178401160306, 5239.5060000000003129, -5.3702014540734523962, 5239.5060000000003129, 0, 5239.4579999999996289, 0, 5239.5060000000003129, 0, 5239.5060000000003129, 0
5239.511000000000422, 0, 5239.4629999999997381, 0, 5239.511000000000422, 0, 5239.511000000000422, 0, 5239.511000000000422, 122.84498830717070916, 5239.4629999999997381, 1, 5239.511000000000422, 17.804178847795807172, 5239.511000000000422, -22.578292174682303539, 5239.511000000000422, 65.391045700235665095, 5239.4629999999997381, 1, 5239.511000000000422, 0.2887530408870486176, 5239.511000000000422, -1.4261663195019380623, 5239.511000000000422, 0, 5239.4629999999997381, 0, 5239.511000000000422, 0, 5239.511000000000422, 0
5239.511000000000422, 0, 5239.4679999999998472, 0, 5239.511000000000422, 0, 5239.511000000000422, 0, 5239.511000000000422, 126.43373190038148834, 5239.4679999999998472, 1, 5239.511000000000422, 18.45267844811236202, 5239.511000000000422, -22.770972630748595122, 5239.511000000000422, 68.567732739271207265, 5239.4679999999998472, 1, 5239.511000000000422, 3.3765522620035453016, 5239.511000000000422, -1.1307254945064144636, 5239.511000000000422, 0, 5239.4679999999998472, 0, 5239.511000000000422, 0, 5239.511000000000422, 0
5239.5219999999999345, 0, 5239.4729999999999563, 0, 5239.5219999999999345, 0, 5239.5219999999999345, 0, 5239.5219999999999345, 127.9036737276200455, 5239.4729999999999563, 1, 5239.5219999999999345, 18.775183659469536934, 5239.5219999999999345, -21.302959889835285878, 5239.5219999999999345, 62.602478290124238924, 5239.4729999999999563, 1, 5239.5219999999999345, 2.8808231021678190054, 5239.5219999999999345, 2.3099653951671434982, 5239.5219999999999345, 0, 5239.4729999999999563, 0, 5239.5219999999999345, 0, 5239.5219999999999345, 0
5239.5259999999998399, 0, 5239.4780000000000655, 0, 5239.5259999999998399, 0, 5239.5259999999998399, 0, 5239.5259999999998399, 131.235125441426419, 5239.4780000000000655, 1, 5239.5259999999998399, 19.099787229686345569, 5239.5259999999998399, -14.615601558343279009, 5239.5259999999998399, 65.916890809774315585, 5239.4780000000000655, 1, 5239.5259999999998399, 5.6544400436097452811, 5239.5259999999998399, 5.8067686647099101549, 5239.5259999999998399, 0, 5239.4780000000000655, 0, 5239.5259999999998399, 0, 5239.5259999999998399, 0
5239.5309999999999491, 0, 5239.4830000000001746, 0, 5239.5309999999999491, 0, 5239.5309999999999491, 0, 5239.5309999999999491, 129.49581719486675979, 5239.4830000000001746, 1, 5239.5309999999999491, 19.977717240361883455, 5239.5309999999999491, -19.902440436525886014, 5239.5309999999999491, 62.301834714540397897, 5239.4830000000001746, 1, 5239.5309999999999491, 3.4769424925346470445, 5239.5309999999999491, 4.3319660831899966524, 5239.5309999999999491, 0, 5239.4830000000001746, 0, 5239.5309999999999491, 0, 5239.5309999999999491, 0
5239.5360000000000582, 0, 5239.488999999999578, 0, 5239.5360000000000582, 0, 5239.5360000000000582, 0, 5239.5360000000000582, 130.45433749778811716, 5239.488999999999578, 1, 5239.5360000000000582, 19.900844419060678803, 5239.5360000000000582, -19.367248196427226503, 5239.5360000000000582, 67.742293719573822841, 5239.488999999999578, 1, 5239.5360000000000582, 5.4059690470540759932, 5239.5360000000000582, 3.8945884756835305041, 5239.5360000000000582, 0, 5239.488999999999578, 0, 5239.5360000000000582, 0, 5239.5360000000000582, 0
5239.5410000000001673, 0, 5239.4930000000003929, 0, 5239.5410000000001673, 0, 5239.5410000000001673, 0, 5239.5410000000001673, 130.09600577384924236, 5239.4930000000003929, 1, 5239.5410000000001673, 19.470026475399244248, 5239.5410000000001673, -18.023884503703044402, 5239.5410000000001673, 63.484977025883424062, 5239.4930000000003929, 1, 5239.5410000000001673, 4.2294883003733323434, 5239.5410000000001673, 6.5109777035236469089, 5239.5410000000001673, 0, 5239.4930000000003929, 0, 5239.5410000000001673, 0, 5239.5410000000001673, 0
5239.5460000000002765, 0, 5239.4979999999995925, 0, 5239.5460000000002765, 0, 5239.5460000000002765, 0, 5239.5460000000002765, 130.05731253137656722, 5239.4979999999995925, 1, 5239.5460000000002765, 19.046239448759724411, 5239.5460000000002765, -18.253110591381350503, 5239.5460000000002765, 69.295235277852697209, 5239.4979999999995925, 1, 5239.5460000000002765, 5.815006601105891626, 5239.5460000000002765, 5.4780404079834497111, 5239.5460000000002765, 0, 5239.4979999999995925, 0, 5239.5460000000002765, 0, 5239.5460000000002765, 0
5239.5510000000003856, 0, 5239.5029999999997017, 0, 5239.5510000000003856, 0, 5239.5510000000003856, 0, 5239.5510000000003856, 129.07311220201313517, 5239.5029999999997017, 1, 5239.5510000000003856, 18.388073701637111412, 5239.5510000000003856, -17.04366074231039363, 5239.5510000000003856, 66.002520943598710801, 5239.5029999999997017, 1, 5239.5510000000003856, 4.3174727982286436045, 5239.5510000000003856, 7.6326535527594714381, 5239.5510000000003856, 0, 5239.5029999999997017, 0, 5239.5510000000003856, 0, 5239.5510000000003856, 0
5239.5559999999995853, 0, 5239.5079999999998108, 0, 5239.5559999999995853, 0, 5239.5559999999995853, 0, 5239.5559999999995853, 128.48582141265163159, 5239.5079999999998108, 1, 5239.5559999999995853, 17.812649188752629925, 5239.5559999999995853, -17.375452632816774212, 5239.5559999999995853, 72.498014547037257671, 5239.5079999999998108, 1, 5239.5559999999995853, 5.5961675838595210664, 5239.5559999999995853, 6.2298083353818896057, 5239.5559999999995853, 0, 5239.5079999999998108, 0, 5239.5559999999995853, 0, 5239.5559999999995853, 0
5239.5609999999996944, 0, 5239.51299999999992, 0, 5239.5609999999996944, 0, 5239.5609999999996944, 0, 5239.5609999999996944, 126.84650757890749162, 5239.51299999999992, 1, 5239.5609999999996944, 16.88873495148166981, 5239.5609999999996944, -16.390673847084762826, 5239.5609999999996944, 70.51689679346723949, 5239.51299999999992, 1, 5239.5609999999996944, 3.6694890322152167172, 5239.5609999999996944, 7.7810754513800652887, 5239.5609999999996944, 0, 5239.51299999999992, 0, 5239.5609999999996944, 0, 5239.5609999999996944, 0
5239.5609999999996944, 0, 5239.5180000000000291, 0, 5239.5609999999996944, 0, 5239.5609999999996944, 0, 5239.5609999999996944, 126.79197899504865177, 5239.5180000000000291, 1, 5239.5609999999996944, 16.389011982545376611, 5239.5609999999996944, -16.603492700326057729, 5239.5609999999996944, 75.692636873770723582, 5239.5180000000000291, 1, 5239.5609999999996944, 5.1927656358334637332, 5239.5609999999996944, 6.7786511935808917428, 5239.5609999999996944, 0, 5239.5180000000000291, 0, 5239.5609999999996944, 0, 5239.5609999999996944, 0
5239.569999999999709, 0, 5239.5230000000001382, 0, 5239.569999999999709, 0, 5239.569999999999709, 0, 5239.569999999999709, 125.31452020304443806, 5239.5230000000001382, 1, 5239.569999999999709, 15.763112905728608126, 5239.569999999999709, -9.4567625655586837752, 5239.569999999999709, 73.667208459295778766, 5239.5230000000001382, 1, 5239.569999999999709, 2.5207026755145878205, 5239.569999999999709, 11.400634098571483577, 5239.569999999999709, 0, 5239.5230000000001382, 0, 5239.569999999999709, 0, 5239.569999999999709, 0
5239.5760000000000218, 0, 5239.5280000000002474, 0, 5239.5760000000000218, 0, 5239.5760000000000218, 0, 5239.5760000000000218, 124.20608522416989672, 5239.5280000000002474, 1, 5239.5760000000000218, 15.068380207270410054, 5239.5760000000000218, -10.042501145107138427, 5239.5760000000000218, 80.795849915393404217, 5239.5280000000002474, 1, 5239.5760000000000218, 3.4259742679425468914, 5239.5760000000000218, 9.8440507458424804099, 5239.5760000000000218, 0, 5239.5280000000002474, 0, 5239.5760000000000218, 0, 5239.5760000000000218, 0
5239.5760000000000218, 0, 5239.5330000000003565, 0, 5239.5760000000000218, 0, 5239.5760000000000218, 0, 5239.5760000000000218, 122.86080208650182044, 5239.5330000000003565, 1, 5239.5760000000000218, 14.075691780097388417, 5239.5760000000000218, -9.2113401870352547007, 5239.5760000000000218, 78.273234940444723406, 5239.5330000000003565, 1, 5239.5760000000000218, 1.6326680832948894384, 5239.5760000000000218, 11.286179341255476061, 5239.5760000000000218, 0, 5239.5330000000003565, 0, 5239.5760000000000218, 0, 5239.5760000000000218, 0
5239.5799999999999272, 0, 5239.5379999999995562, 0, 5239.5799999999999272, 0, 5239.5799999999999272, 0, 5239.5799999999999272, 121.80267208735259032, 5239.5379999999995562, 1, 5239.5799999999999272, 13.215899449297998203, 5239.5799999999999272, -9.7539963827441198418, 5239.5799999999999272, 84.302868827769771087, 5239.5379999999995562, 1, 5239.5799999999999272, 2.4918710149588578773, 5239.5799999999999272, 9.9331642320365531873, 5239.5799999999999272, 0, 5239.5379999999995562, 0, 5239.5799999999999272, 0, 5239.5799999999999272, 0
5239.5860000000002401, 0, 5239.5429999999996653, 0, 5239.5860000000002401, 0, 5239.5860000000002401, 0, 5239.5860000000002401, 120.00137604230235411, 5239.5429999999996653, 1, 5239.5860000000002401, 12.32259534204886009, 5239.5860000000002401, -9.1248408398773648287, 5239.5860000000002401, 82.921459780120414962, 5239.5429999999996653, 1, 5239.5860000000002401, 0.69349085065710014408, 5239.5860000000002401, 10.896175275795478399, 5239.5860000000002401, 0, 5239.5429999999996653, 0, 5239.5860000000002401, 0, 5239.5860000000002401, 0
5239.5910000000003492, 0, 5239.5479999999997744, 0, 5239.5910000000003492, 0, 5239.5910000000003492, 0, 5239.5910000000003492, 118.52319460949252061, 5239.5479999999997744, 1, 5239.5910000000003492, 11.406791807291604357, 5239.5910000000003492, -9.8127338319902008834, 5239.5910000000003492, 89.328152713826113995, 5239.5479999999997744, 1, 5239.5910000000003492, 1.4490013840278825885, 5239.5910000000003492, 9.2702197044071965593, 5239.5910000000003492, 0, 5239.5479999999997744, 0, 5239.5910000000003492, 0, 5239.5910000000003492, 0
5239.5969999999997526, 0, 5239.5540000000000873, 0, 5239.5969999999997526, 0, 5239.5969999999997526, 0, 5239.5969999999997526, 118.00357389554487497, 5239.5540000000000873, 1, 5239.5969999999997526, 10.717988738735522602, 5239.5969999999997526, -8.9292239419147136914, 5239.5969999999997526, 85.456958539566244326, 5239.5540000000000873, 1, 5239.5969999999997526, 0.11527071514948994402, 5239.5969999999997526, 10.990043724960656846, 5239.5969999999997526, 0, 5239.5540000000000873, 0, 5239.5969999999997526, 0, 5239.5969999999997526, 0
5239.600999999999658, 0, 5239.5579999999999927, 0, 5239.600999999999658, 0, 5239.600999999999658, 0, 5239.600999999999658, 116.844276882977951, 5239.5579999999999927, 1, 5239.600999999999658, 8.2654315402624458642, 5239.600999999999658, 4.4365823936449189091, 5239.600999999999658, 88.99436304692756039, 5239.5579999999999927, 1, 5239.600999999999658, 3.0682782978203335666, 5239.600999999999658, 21.713292911855887724, 5239.600999999999658, 0, 5239.5579999999999927, 0, 5239.600999999999658, 0, 5239.600999999999658, 0
5239.6059999999997672, 0, 5239.5630000000001019, 0, 5239.6059999999997672, 0, 5239.6059999999997672, 0, 5239.6059999999997672, 115.67086368981048849, 5239.5630000000001019, 1, 5239.6059999999997672, 7.5551650930740184009, 5239.6059999999997672, 4.8976691392933844327, 5239.6059999999997672, 86.758851307748869885, 5239.5630000000001019, 1, 5239.6059999999997672, 1.7152528090369671965, 5239.6059999999997672, 22.517775838741350469, 5239.6059999999997672, 0, 5239.5630000000001019, 0, 5239.6059999999997672, 0, 5239.6059999999997672, 0
5239.6109999999998763, 0, 5239.568000000000211, 0, 5239.6109999999998763, 0, 5239.6109999999998763, 0, 5239.6109999999998763, 114.33646486860754976, 5239.568000000000211, 1, 5239.6109999999998763, 7.3456260010055149934, 5239.6109999999998763, 4.1756343332525318601, 5239.6109999999998763, 91.631000637749323801, 5239.568000000000211, 1, 5239.6109999999998763, 3.0759662794107631711, 5239.6109999999998763, 21.815348199457943679, 5239.6109999999998763, 0, 5239.568000000000211, 0, 5239.6109999999998763, 0, 5239.6109999999998763, 0
5239.6159999999999854, 0, 5239.5730000000003201, 0, 5239.6159999999999854, 0, 5239.6159999999999854, 0, 5239.6159999999999854, 114.09441300178627898, 5239.5730000000003201, 1, 5239.6159999999999854, 5.3460090705573044545, 5239.6159999999999854, 4.7595045306508225735, 5239.6159999999999854, 88.019854546386596894, 5239.5730000000003201, 1, 5239.6159999999999854, 0.66632105231453175875, 5239.6159999999999854, 22.806618042436831217, 5239.6159999999999854, 0, 5239.5730000000003201, 0, 5239.6159999999999854, 0, 5239.6159999999999854, 0
5239.6210000000000946, 0, 5239.5780000000004293, 0, 5239.6210000000000946, 0, 5239.6210000000000946, 0, 5239.6210000000000946, 112.02674238774865501, 5239.5780000000004293, 1, 5239.6210000000000946, 6.9588266319826317385, 5239.6210000000000946, 4.0666149187450173486, 5239.6210000000000946, 92.623075714431010397, 5239.5780000000004293, 1, 5239.6210000000000946, 3.509513891369620886, 5239.6210000000000946, 22.080538890000738661, 5239.6210000000000946, 0, 5239.5780000000004293, 0, 5239.6210000000000946, 0, 5239.6210000000000946, 0
5239.6260000000002037, 0, 5239.5829999999996289, 0, 5239.6260000000002037, 0, 5239.6260000000002037, 0, 5239.6260000000002037, 111.01872469246565345, 5239.5829999999996289, 1, 5239.6260000000002037, 5.082030456739842883, 5239.6260000000002037, 4.0596729625649672357, 5239.6260000000002037, 90.635584157492786517, 5239.5829999999996289, 1, 5239.6260000000002037, -0.25275058340280642799, 5239.6260000000002037, 22.577000262298952293, 5239.6260000000002037, 0, 5239.5829999999996289, 0, 5239.6260000000002037, 0, 5239.6260000000002037, 0
5239.6310000000003129, 0, 5239.5889999999999418, 0, 5239.6310000000003129, 0, 5239.6310000000003129, 0, 5239.6310000000003129, 110.75563621691624405, 5239.5889999999999418, 1, 5239.6310000000003129, 4.3455450795565910838, 5239.6310000000003129, 3.7845147231473674765, 5239.6310000000003129, 95.260731337921839668, 5239.5889999999999418, 1, 5239.6310000000003129, 3.2694021583284267329, 5239.6310000000003129, 21.846257587814598367, 5239.6310000000003129, 0, 5239.5889999999999418, 0, 5239.6310000000003129, 0, 5239.6310000000003129, 0
5239.636000000000422, 0, 5239.5929999999998472, 0, 5239.636000000000422, 0, 5239.636000000000422, 0, 5239.636000000000422, 109.72461981678667087, 5239.5929999999998472, 1, 5239.636000000000422, 2.3476605517950495106, 5239.636000000000422, 3.4848987874539147924, 5239.636000000000422, 94.011960128708309981, 5239.5929999999998472, 1, 5239.636000000000422, -0.4510248047993943854, 5239.636000000000422, 22.04440984114415869, 5239.636000000000422, 0, 5239.5929999999998472, 0, 5239.636000000000422, 0, 5239.636000000000422, 0
5239.6409999999996217, 0, 5239.5979999999999563, 0, 5239.6409999999996217, 0, 5239.6409999999996217, 0, 5239.6409999999996217, 107.31222079592097884, 5239.5979999999999563, 1, 5239.6409999999996217, 4.0475098183429176757, 5239.6409999999996217, 9.9580058364496224499, 5239.6409999999996217, 95.306564591360569239, 5239.5979999999999563, 1, 5239.6409999999996217, 1.8772320745318009649, 5239.6409999999996217, 27.735351273771634339, 5239.6409999999996217, 0, 5239.5979999999999563, 0, 5239.6409999999996217, 0, 5239.6409999999996217, 0
5239.6459999999997308, 0, 5239.6030000000000655, 0, 5239.6459999999997308, 0, 5239.6459999999997308, 0, 5239.6459999999997308, 106.98571588183742165, 5239.6030000000000655, 1, 5239.6459999999997308, 1.7682045454078019198, 5239.6459999999997308, 9.5177749311730366344, 5239.6459999999997308, 95.860618012356951567, 5239.6030000000000655, 1, 5239.6459999999997308, -0.018032068563664970656, 5239.6459999999997308, 27.510790764996322366, 5239.6459999999997308, 0, 5239.6030000000000655, 0, 5239.6459999999997308, 0, 5239.6459999999997308, 0
5239.6509999999998399, 0, 5239.6090000000003783, 0, 5239.6509999999998399, 0, 5239.6509999999998399, 0, 5239.6509999999998399, 105.10550691039486537, 5239.6090000000003783, 1, 5239.6509999999998399, 1.9752740789281761913, 5239.6509999999998399, 8.4700977599291178421, 5239.6509999999998399, 99.158045180276502606, 5239.6090000000003783, 1, 5239.6509999999998399, 0.018080699077713997119, 5239.6509999999998399, 26.786587369583642726, 5239.6509999999998399, 0, 5239.6090000000003783, 0, 5239.6509999999998399, 0, 5239.6509999999998399, 0
5239.6549999999997453, 0, 5239.613999999999578, 0, 5239.6549999999997453, 0, 5239.6549999999997453, 0, 5239.6549999999997453, 104.39970499101363544, 5239.613999999999578, 1, 5239.6549999999997453, 0.86140223241707436497, 5239.6549999999997453, 7.7449626222534107001, 5239.6549999999997453, 99.971036045881774612, 5239.613999999999578, 1, 5239.6549999999997453, -0.26287877702180473261, 5239.6549999999997453, 26.230983600587492788, 5239.6549999999997453, 0, 5239.613999999999578, 0, 5239.6549999999997453, 0, 5239.6549999999997453, 0
5239.6610000000000582, 0, 5239.6180000000003929, 0, 5239.6610000000000582, 0, 5239.6610000000000582, 0, 5239.6610000000000582, 102.98239198658085058, 5239.6180000000003929, 1, 5239.6610000000000582, 0.17716187437044156328, 5239.6610000000000582, 6.6134073227605085776, 5239.6610000000000582, 102.5276466559706563, 5239.6180000000003929, 1, 5239.6610000000000582, -1.1556737531954721643, 5239.6610000000000582, 25.407451622898257426, 5239.6610000000000582, 0, 5239.6180000000003929, 0, 5239.6610000000000582, 0, 5239.6610000000000582, 0
5239.6660000000001673, 0, 5239.625, 0, 5239.6660000000001673, 0, 5239.6660000000001673, 0, 5239.6660000000001673, 101.74659726210720123, 5239.625, 1, 5239.6660000000001673, -0.50033545187687145095, 5239.6660000000001673, 5.444570437158077425, 5239.6660000000001673, 104.2860296318290807, 5239.625, 1, 5239.6660000000001673, -1.0352881995511540314, 5239.6660000000001673, 24.394285021335470276, 5239.6660000000001673, 0, 5239.625, 0, 5239.6660000000001673, 0, 5239.6660000000001673, 0
5239.6750000000001819, 0, 5239.6279999999997017, 0, 5239.6750000000001819, 0, 5239.6750000000001819, 0, 5239.6750000000001819, 100.05401511613015941, 5239.6279999999997017, 1, 5239.6750000000001819, -1.4465441086860741926, 5239.6750000000001819, 3.8723647371547329499, 5239.6750000000001819, 107.49803751346232161, 5239.6279999999997017, 1, 5239.6750000000001819, -2.1681473190723208333, 5239.6750000000001819, 23.120339681849650049, 5239.6750000000001819, 0, 5239.6279999999997017, 0, 5239.6750000000001819, 0, 5239.6750000000001819, 0
5239.6750000000001819, 311.80220654253707835, 5239.6329999999998108, 0, 5239.6750000000001819, -44.650979924262792053, 5239.6750000000001819, -203.5595352446831896, 5239.6750000000001819, 99.107594273926437722, 5239.6329999999998108, 1, 5239.6750000000001819, -2.5444963045520241351, 5239.6750000000001819, 2.9136716871435623943, 5239.6750000000001819, 106.16105788443110214, 5239.6329999999998108, 1, 5239.6750000000001819, -1.0912254120797066914, 5239.6750000000001819, 22.194226568146355305, 5239.6750000000001819, 0, 5239.6329999999998108, 0, 5239.6750000000001819, 0, 5239.6750000000001819, 0
5239.6859999999996944, 382.2010842830012507, 5239.63799999999992, 0, 5239.6859999999996944, -99.666958716342548996, 5239.6859999999996944, -255.28737748043729994, 5239.6859999999996944, 71.07312922005735345, 5239.63799999999992, 1, 5239.6859999999996944, -22.556784058830473327, 5239.6859999999996944, -0.33623584270964101961, 5239.6859999999996944, 93.583488931433919333, 5239.63799999999992, 1, 5239.6859999999996944, -11.825879310440475578, 5239.6859999999996944, 15.389186579992767179, 5239.6859999999996944, 0, 5239.63799999999992, 0, 5239.6859999999996944, 0, 5239.6859999999996944, 0
5239.6859999999996944, 377.23415415388001293, 5239.6440000000002328, 0, 5239.6859999999996944, -110.61336106142620395, 5239.6859999999996944, -229.18078005963496935, 5239.6859999999996944, 28.99533034479843252, 5239.6440000000002328, 1, 5239.6859999999996944, -20.131144719623790706, 5239.6859999999996944, -3.840182431116543782, 5239.6859999999996944, 83.45571391699297692, 5239.6440000000002328, 1, 5239.6859999999996944, -14.867830889522068105, 5239.6859999999996944, 11.843257511504951651, 5239.6859999999996944, 0, 5239.6440000000002328, 0, 5239.6859999999996944, 0, 5239.6859999999996944, 0
5239.6909999999998035, 373.11894421603710725, 5239.6480000000001382, 0, 5239.6909999999998035, -119.81111631714331622, 5239.6909999999998035, -212.48458574512466157, 5239.6909999999998035, 11.2697739132855137, 5239.6480000000001382, 1, 5239.6909999999998035, -7.9266244405445371868, 5239.6909999999998035, -5.3823368644623093004, 5239.6909999999998035, 74.666331028734035158, 5239.6480000000001382, 1, 5239.6909999999998035, -20.334234437120510819, 5239.6909999999998035, 8.1727909300512493473, 5239.6909999999998035, 0, 5239.6480000000001382, 0, 5239.6909999999998035, 0, 5239.6909999999998035, 0
5239.7010000000000218, 366.433832711486275, 5239.6530000000002474, 0, 5239.7010000000000218, -127.06096943228607188, 5239.7010000000000218, -201.83441753427160847, 5239.7010000000000218, 0.033216270297698261005, 5239.6530000000002474, 1, 5239.7010000000000218, -0.023570134937997467423, 5239.7010000000000218, -0.024023059654217408798, 5239.7010000000000218, 66.192965778420713718, 5239.6530000000002474, 1, 5239.7010000000000218, -26.798289364670726087, 5239.7010000000000218, 4.7151608913853984006, 5239.7010000000000218, 0, 5239.6530000000002474, 0, 5239.7010000000000218, 0, 5239.7010000000000218, 0
5239.7010000000000218, 314.07663644303465844, 5239.6580000000003565, 0, 5239.7010000000000218, -119.73935148813106366, 5239.7010000000000218, -154.5650580996198471, 5239.7010000000000218, 0, 5239.6580000000003565, 1, 5239.7010000000000218, 0, 5239.7010000000000218, 0, 5239.7010000000000218, 67.765363203411666859, 5239.6580000000003565, 1, 5239.7010000000000218, -34.182066537229061964, 5239.7010000000000218, -0.20784739983863786961, 5239.7010000000000218, 0, 5239.6580000000003565, 0, 5239.7010000000000218, 0, 5239.7010000000000218, 0
5239.706000000000131, 205.94035993815180063, 5239.6639999999997599, 0, 5239.706000000000131, -95.134465729372053033, 5239.706000000000131, -105.05275045936107858, 5239.706000000000131, 0, 5239.6639999999997599, 1, 5239.706000000000131, 0, 5239.706000000000131, 0, 5239.706000000000131, 77.220898633796110744, 5239.6639999999997599, 1, 5239.706000000000131, -33.686388973605303931, 5239.706000000000131, -11.118782520561893534, 5239.706000000000131, 0, 5239.6639999999997599, 0, 5239.706000000000131, 0, 5239.706000000000131, 0
5239.7160000000003492, 101.60244985440635901, 5239.6679999999996653, 0, 5239.7160000000003492, -52.018993694351955526, 5239.7160000000003492, -51.623735766050799612, 5239.7160000000003492, 0, 5239.6679999999996653, 1, 5239.7160000000003492, 0, 5239.7160000000003492, 0, 5239.7160000000003492, 58.266673063215009165, 5239.6679999999996653, 1, 5239.7160000000003492, -25.70252914082786333, 5239.7160000000003492, -20.314665779230470122, 5239.7160000000003492, 0, 5239.6679999999996653, 0, 5239.7160000000003492, 0, 5239.7160000000003492, 0
5239.7209999999995489, 15.106734302338731268, 5239.6729999999997744, 0, 5239.7209999999995489, -11.485198602875140494, 5239.7209999999995489, 11.204478182386090168, 5239.7209999999995489, 0, 5239.6729999999997744, 1, 5239.7209999999995489, 0, 5239.7209999999995489, 0, 5239.7209999999995489, 68.537974780021428955, 5239.6729999999997744, 1, 5239.7209999999995489, -18.894684525485914151, 5239.7209999999995489, -20.460360623385216883, 5239.7209999999995489, 0, 5239.6729999999997744, 0, 5239.7209999999995489, 0, 5239.7209999999995489, 0
5239.7209999999995489, 2.6405644225434841132, 5239.6779999999998836, 0, 5239.7209999999995489, -1.9614637715244331861, 5239.7209999999995489, 1.8916536930230622993, 5239.7209999999995489, 0, 5239.6779999999998836, 1, 5239.7209999999995489, 0, 5239.7209999999995489, 0, 5239.7209999999995489, 46.415190839949275414, 5239.6779999999998836, 1, 5239.7209999999995489, -14.776027400592125716, 5239.7209999999995489, -21.46745768257639142, 5239.7209999999995489, 0, 5239.6779999999998836, 0, 5239.7209999999995489, 0, 5239.7209999999995489, 0
5239.7309999999997672, 0, 5239.6840000000001965, 0, 5239.7309999999997672, 0, 5239.7309999999997672, 0, 5239.7309999999997672, 0, 5239.6840000000001965, 1, 5239.7309999999997672, 0, 5239.7309999999997672, 0, 5239.7309999999997672, 39.096608169607762306, 5239.6840000000001965, 1, 5239.7309999999997672, -8.7658279388596174186, 5239.7309999999997672, -21.784666233301372529, 5239.7309999999997672, 0, 5239.6840000000001965, 0, 5239.7309999999997672, 0, 5239.7309999999997672, 0
5239.7359999999998763, 0, 5239.6880000000001019, 0, 5239.7359999999998763, 0, 5239.7359999999998763, 0, 5239.7359999999998763, 0, 5239.6880000000001019, 1, 5239.7359999999998763, 0, 5239.7359999999998763, 0, 5239.7359999999998763, 24.869872082438604366, 5239.6880000000001019, 1, 5239.7359999999998763, -7.0856941158075326115, 5239.7359999999998763, -14.084863645091367346, 5239.7359999999998763, 0, 5239.6880000000001019, 0, 5239.7359999999998763, 0, 5239.7359999999998763, 0
5239.7409999999999854, 0, 5239.693000000000211, 0, 5239.7409999999999854, 0, 5239.7409999999999854, 0, 5239.7409999999999854, 0, 5239.693000000000211, 1, 5239.7409999999999854, 0, 5239.7409999999999854, 0, 5239.7409999999999854, 22.154613065560649687, 5239.693000000000211, 1, 5239.7409999999999854, -4.1016558704484502584, 5239.7409999999999854, -12.598214617060357057, 5239.7409999999999854, 56.691039156679373434, 5239.693000000000211, 0, 5239.7409999999999854, -2.9446190986924998256, 5239.7409999999999854, 0.70410087003693178076
5239.7449999999998909, 0, 5239.6980000000003201, 0, 5239.7449999999998909, 0, 5239.7449999999998909, 0, 5239.7449999999998909, 0, 5239.6980000000003201, 1, 5239.7449999999998909, 0, 5239.7449999999998909, 0, 5239.7449999999998909, 22.973761821980762221, 5239.6980000000003201, 1, 5239.7449999999998909, -5.9796291978345861295, 5239.7449999999998909, -13.241319846252014969, 5239.7449999999998909, 13.274964021661547875, 5239.6980000000003201, 0, 5239.7449999999998909, -5.6415387064120379179, 5239.7449999999998909, 7.8977504636029527418
5239.75, 0, 5239.7030000000004293, 0, 5239.75, 0, 5239.75, 0, 5239.75, 0, 5239.7030000000004293, 1, 5239.75, 0, 5239.75, 0, 5239.75, 29.037635716065040015, 5239.7030000000004293, 1, 5239.75, -1.9644949381495788732, 5239.75, -16.709053623500714991, 5239.75, 14.881598056933055929, 5239.7030000000004293, 0, 5239.75, -3.418005425603105607, 5239.75, 8.0267717551258268571
5239.7560000000003129, 0, 5239.7079999999996289, 1, 5239.7560000000003129, 0, 5239.7560000000003129, 0, 5239.7560000000003129, 0, 5239.7079999999996289, 1, 5239.7560000000003129, 0, 5239.7560000000003129, 0, 5239.7560000000003129, 27.489599170640271808, 5239.7079999999996289, 1, 5239.7560000000003129, -3.5015314633251675147, 5239.7560000000003129, -16.029925182677001061, 5239.7560000000003129, 16.924324776418227856, 5239.7079999999996289, 1, 5239.7560000000003129, -4.3895535702879264761, 5239.7560000000003129, 9.2884120700073893317
5239.7560000000003129, 57.728249757259405328, 5239.7129999999997381, 1, 5239.7560000000003129, -28.502380424835184414, 5239.7560000000003129, -1.7904148741228596009, 5239.7560000000003129, 0, 5239.7129999999997381, 1, 5239.7560000000003129, 0, 5239.7560000000003129, 0, 5239.7560000000003129, 29.854247904794675605, 5239.7129999999997381, 1, 5239.7560000000003129, -0.23018007146571575761, 5239.7560000000003129, -17.474080807752567779, 5239.7560000000003129, 21.723893140726147521, 5239.7129999999997381, 1, 5239.7560000000003129, -1.4687731924592359878, 5239.7560000000003129, 10.148709791208517572
5239.761000000000422, 73.54469133878296816, 5239.7179999999998472, 1, 5239.761000000000422, -42.819102099222533298, 5239.761000000000422, -4.5769039701046878577, 5239.761000000000422, 0, 5239.7179999999998472, 1, 5239.761000000000422, 0, 5239.761000000000422, 0, 5239.761000000000422, 35.074325366563130046, 5239.7179999999998472, 1, 5239.761000000000422, -1.8033113705008196881, 5239.761000000000422, -20.806444322629076282, 5239.761000000000422, 28.164425699968440142, 5239.7179999999998472, 1, 5239.761000000000422, -0.17334259241971750054, 5239.761000000000422, 9.1876425976618598668
5239.7709999999997308, 83.4130693470483493, 5239.7229999999999563, 1, 5239.7709999999997308, -37.984905599685902189, 5239.7709999999997308, -5.9278676464302080262, 5239.7709999999997308, 0, 5239.7229999999999563, 1, 5239.7709999999997308, 0, 5239.7709999999997308, 0, 5239.7709999999997308, 39.958382970372603893, 5239.7229999999999563, 1, 5239.7709999999997308, 2.8854351125112520648, 5239.7709999999997308, -23.836393745990569926, 5239.7709999999997308, 31.057752486249661672, 5239.7229999999999563, 1, 5239.7709999999997308, 4.9773569752758453077, 5239.7709999999997308, 10.126848408501370358
5239.7709999999997308, 90.668600760656246962, 5239.7280000000000655, 1, 5239.7709999999997308, -40.040174395786465311, 5239.7709999999997308, -5.989680180356728556, 5239.7709999999997308, 0, 5239.7280000000000655, 1, 5239.7709999999997308, 0, 5239.7709999999997308, 0, 5239.7709999999997308, 37.982520601939484095, 5239.7280000000000655, 1, 5239.7709999999997308, -1.1148829807142210946, 5239.7709999999997308, -23.06051020082177061, 5239.7709999999997308, 33.899551150334254146, 5239.7280000000000655, 1, 5239.7709999999997308, 3.4236898138328730745, 5239.7709999999997308, 11.844394949872775413
5239.7809999999999491, 94.702377608415787336, 5239.7330000000001746, 1, 5239.7809999999999491, -38.651165298106775481, 5239.7809999999999491, -5.8460788049597383065, 5239.7809999999999491, 0, 5239.7330000000001746, 1, 5239.7809999999999491, 0, 5239.7809999999999491, 0, 5239.7809999999999491, 41.094807176646945379, 5239.7330000000001746, 1, 5239.7809999999999491, 1.9006307382653491178, 5239.7809999999999491, -25.24691306624919207, 5239.7809999999999491, 37.558461423994565109, 5239.7330000000001746, 1, 5239.7809999999999491, 6.3399005836042796602, 5239.7809999999999491, 12.411611140014480625
5239.7860000000000582, 99.498750715034830705, 5239.7380000000002838, 1, 5239.7860000000000582, -40.316941246073064065, 5239.7860000000000582, -5.2992219858808908839, 5239.7860000000000582, 0, 5239.7380000000002838, 1, 5239.7860000000000582, 0, 5239.7860000000000582, 0, 5239.7860000000000582, 38.378037406221878314, 5239.7380000000002838, 1, 5239.7860000000000582, -2.4209984483720194959, 5239.7860000000000582, -24.016251357702234515, 5239.7860000000000582, 40.505785527327667239, 5239.7380000000002838, 1, 5239.7860000000000582, 4.3259359303022089094, 5239.7860000000000582, 14.053884036809566993
5239.7860000000000582, 98.724549163646884153, 5239.7430000000003929, 1, 5239.7860000000000582, -33.401171977294950466, 5239.7860000000000582, -4.8240327062958385795, 5239.7860000000000582, 118.89073413054060779, 5239.7430000000003929, 1, 5239.7860000000000582, 12.526449065171277653, 5239.7860000000000582, -3.6896644961087545767, 5239.7860000000000582, 64.307899945762784455, 5239.7430000000003929, 1, 5239.7860000000000582, -2.1084681457666931692, 5239.7860000000000582, -4.640530741485800803, 5239.7860000000000582, 41.202066232118617961, 5239.7430000000003929, 1, 5239.7860000000000582, 9.0991713149893271861, 5239.7860000000000582, 14.811017493914139465
5239.7960000000002765, 57.382800904907782069, 5239.7479999999995925, 1, 5239.7960000000002765, -18.583539394623812768, 5239.7960000000002765, -8.9219336133812028322, 5239.7960000000002765, 145.99152935052634916, 5239.7479999999995925, 1, 5239.7960000000002765, 22.91845240697626096, 5239.7960000000002765, 85.18738607300105059, 5239.7960000000002765, 170.11024293319107414, 5239.7479999999995925, 1, 5239.7960000000002765, -19.15886092022592635, 5239.7960000000002765, 94.13069401901336164, 5239.7960000000002765, 85.544381198905853125, 5239.7479999999995925, 1, 5239.7960000000002765, 21.312945115027631005, 5239.7960000000002765, -11.764301543325480282
5239.8010000000003856, 26.928761878939980079, 5239.7529999999997017, 1, 5239.8010000000003856, -16.133930421403785971, 5239.8010000000003856, -8.4195357945492474983, 5239.8010000000003856, 53.367664762563848058, 5239.7529999999997017, 1, 5239.8010000000003856, 9.4125700993051815146, 5239.8010000000003856, 29.480347470926602682, 5239.8010000000003856, 100.68420010878128323, 5239.7529999999997017, 1, 5239.8010000000003856, -6.7611321817134744094, 5239.8010000000003856, 53.061772302280445501, 5239.8010000000003856, 95.034634220854087516, 5239.7529999999997017, 1, 5239.8010000000003856, 21.162781076971945993, 5239.8010000000003856, -22.539591904224472785
5239.8010000000003856, 37.909630136945381196, 5239.7579999999998108, 1, 5239.8010000000003856, -18.315822896070358183, 5239.8010000000003856, -10.548830866155212149, 5239.8010000000003856, 0, 5239.7579999999998108, 1, 5239.8010000000003856, 0, 5239.8010000000003856, 0, 5239.8010000000003856, 0, 5239.7579999999998108, 1, 5239.8010000000003856, 0, 5239.8010000000003856, 0, 5239.8010000000003856, 89.974212211242388548, 5239.7579999999998108, 1, 5239.8010000000003856, 19.949886288026505099, 5239.8010000000003856, -19.038357533112659326
5239.8059999999995853, 57.668250332194979535, 5239.76299999999992, 1, 5239.8059999999995853, -16.164693487582507458, 5239.8059999999995853, -6.2627628718498584703, 5239.8059999999995853, 0, 5239.76299999999992, 1, 5239.8059999999995853, 0, 5239.8059999999995853, 0, 5239.8059999999995853, 0, 5239.76299999999992, 1, 5239.8059999999995853, 0, 5239.8059999999995853, 0, 5239.8059999999995853, 80.039474796574523907, 5239.76299999999992, 1, 5239.8059999999995853, 23.38892409734762623, 5239.8059999999995853, -3.7269166719158945966
5239.8109999999996944, 71.051896861897745339, 5239.7690000000002328, 1, 5239.8109999999996944, -16.107407539078934633, 5239.8109999999996944, -10.983510888519955273, 5239.8109999999996944, 0, 5239.7690000000002328, 1, 5239.8109999999996944, 0, 5239.8109999999996944, 0, 5239.8109999999996944, 0, 5239.7690000000002328, 1, 5239.8109999999996944, 0, 5239.8109999999996944, 0, 5239.8109999999996944, 81.047803261066576397, 5239.7690000000002328, 1, 5239.8109999999996944, 19.892371058863261624, 5239.8109999999996944, -5.6963694985365833645
5239.8159999999998035, 82.093360709998407287, 5239.7730000000001382, 1, 5239.8159999999998035, -15.710246992593454252, 5239.8159999999998035, -10.733459086012523187, 5239.8159999999998035, 0, 5239.7730000000001382, 1, 5239.8159999999998035, 0, 5239.8159999999998035, 0, 5239.8159999999998035, 0, 5239.7730000000001382, 1, 5239.8159999999998035, 0, 5239.8159999999998035, 0, 5239.8159999999998035, 76.799919618543185607, 5239.7730000000001382, 1, 5239.8159999999998035, 21.212245759199923612, 5239.8159999999998035, -0.57727270668178931601
5239.8260000000000218, 89.909605629373203328, 5239.7780000000002474, 1, 5239.8260000000000218, -17.615656587565830193, 5239.8260000000000218, -11.569283599307915722, 5239.8260000000000218, 0, 5239.7780000000002474, 1, 5239.8260000000000218, 0, 5239.8260000000000218, 0, 5239.8260000000000218, 0, 5239.7780000000002474, 1, 5239.8260000000000218, 0, 5239.8260000000000218, 0, 5239.8260000000000218, 81.574563396487633327, 5239.7780000000002474, 1, 5239.8260000000000218, 16.903565190949620956, 5239.8260000000000218, 0.24498552128169848174
5239.8260000000000218, 95.43829761561535463, 5239.7839999999996508, 1, 5239.8260000000000218, -16.547440450662580957, 5239.8260000000000218, -10.888368932272378231, 5239.8260000000000218, 0, 5239.7839999999996508, 0, 5239.8260000000000218, 0, 5239.8260000000000218, 0, 5239.8260000000000218, 0, 5239.7839999999996508, 0, 5239.8260000000000218, 0, 5239.8260000000000218, 0, 5239.8260000000000218, 78.324082059699179581, 5239.7839999999996508, 1, 5239.8260000000000218, 18.203709164799491305, 5239.8260000000000218, 4.3219846334988503145
5239.831000000000131, 100.13172671730413299, 5239.7879999999995562, 1, 5239.831000000000131, -17.476026715529503264, 5239.831000000000131, -11.139569891500109122, 5239.831000000000131, 0, 5239.7879999999995562, 0, 5239.831000000000131, 0, 5239.831000000000131, 0, 5239.831000000000131, 0, 5239.7879999999995562, 0, 5239.831000000000131, 0, 5239.831000000000131, 0, 5239.831000000000131, 83.484094889757116675, 5239.7879999999995562, 1, 5239.831000000000131, 13.524917693444065137, 5239.831000000000131, 4.6696414183589496361
5239.8360000000002401, 102.77080111809678442, 5239.7950000000000728, 1, 5239.8360000000002401, -17.100642875480808414, 5239.8360000000002401, -10.968875267088272096, 5239.8360000000002401, 0, 5239.7950000000000728, 0, 5239.8360000000002401, 0, 5239.8360000000002401, 0, 5239.8360000000002401, 0, 5239.7950000000000728, 0, 5239.8360000000002401, 0, 5239.8360000000002401, 0, 5239.8360000000002401, 80.565561443500527616, 5239.7950000000000728, 1, 5239.8360000000002401, 15.523691390864190254, 5239.8360000000002401, 8.0660729070851147071
5239.8410000000003492, 105.25232500147727421, 5239.7989999999999782, 1, 5239.8410000000003492, -18.855718600036748711, 5239.8410000000003492, 0.71612605062591683236, 5239.8410000000003492, 0, 5239.7989999999999782, 0, 5239.8410000000003492, 0, 5239.8410000000003492, 0, 5239.8410000000003492, 0, 5239.7989999999999782, 0, 5239.8410000000003492, 0, 5239.8410000000003492, 0, 5239.8410000000003492, 85.472499903281160982, 5239.7989999999999782, 1, 5239.8410000000003492, 11.400913086676245811, 5239.8410000000003492, 16.845012881800428772
5239.8459999999995489, 107.26158969107864039, 5239.8029999999998836, 1, 5239.8459999999995489, -18.448200756813928791, 5239.8459999999995489, 2.036926980520320285, 5239.8459999999995489, 0, 5239.8029999999998836, 0, 5239.8459999999995489, 0, 5239.8459999999995489, 0, 5239.8459999999995489, 0, 5239.8029999999998836, 0, 5239.8459999999995489, 0, 5239.8459999999995489, 0, 5239.8459999999995489, 81.178762452722466492, 5239.8029999999998836, 1, 5239.8459999999995489, 13.159085939520743125, 5239.8459999999995489, 20.628858726295888459
5239.850999999999658, 109.14409538104928288, 5239.8079999999999927, 1, 5239.850999999999658, -18.593304967091810909, 5239.850999999999658, 2.3255578152825862048, 5239.850999999999658, 0, 5239.8079999999999927, 0, 5239.850999999999658, 0, 5239.850999999999658, 0, 5239.850999999999658, 0, 5239.8079999999999927, 0, 5239.850999999999658, 0, 5239.850999999999658, 0, 5239.850999999999658, 86.159492486113435916, 5239.8079999999999927, 1, 5239.850999999999658, 8.859847561336460231, 5239.850999999999658, 21.004488476350466897
5239.8609999999998763, 108.86679541826302398, 5239.8130000000001019, 1, 5239.8609999999998763, -15.664010925639926697, 5239.8609999999998763, 3.1366314916642394905, 5239.8609999999998763, 0, 5239.8130000000001019, 0, 5239.8609999999998763, 0, 5239.8609999999998763, 0, 5239.8609999999998763, 0, 5239.8130000000001019, 0, 5239.8609999999998763, 0, 5239.8609999999998763, 0, 5239.8609999999998763, 83.717748159558112775, 5239.8130000000001019, 1, 5239.8609999999998763, 11.250299246595753644, 5239.8609999999998763, 23.34000721410622603
5239.8659999999999854, 109.83335642190935744, 5239.818000000000211, 1, 5239.8659999999999854, -15.900611592350839985, 5239.8659999999999854, 3.1191600487910804418, 5239.8659999999999854, 0, 5239.818000000000211, 0, 5239.8659999999999854, 0, 5239.8659999999999854, 0, 5239.8659999999999854, 0, 5239.818000000000211, 0, 5239.8659999999999854, 0, 5239.8659999999999854, 0, 5239.8659999999999854, 87.141083731517142041, 5239.818000000000211, 1, 5239.8659999999999854, 8.7593619731084455537, 5239.8659999999999854, 23.783779569488295635
5239.8710000000000946, 109.36653262869583614, 5239.8230000000003201, 1, 5239.8710000000000946, -14.666020757700870547, 5239.8710000000000946, 3.2777736831847334997, 5239.8710000000000946, 0, 5239.8230000000003201, 0, 5239.8710000000000946, 0, 5239.8710000000000946, 0, 5239.8710000000000946, 0, 5239.8230000000003201, 0, 5239.8710000000000946, 0, 5239.8710000000000946, 0, 5239.8710000000000946, 88.960346045116068581, 5239.8230000000003201, 1, 5239.8710000000000946, 8.2734791830500551413, 5239.8710000000000946, 24.689756981711560968
5239.8760000000002037, 109.19424536760539013, 5239.8280000000004293, 1, 5239.8760000000002037, -14.455269281368186896, 5239.8760000000002037, 3.039871451476585662, 5239.8760000000002037, 0, 5239.8280000000004293, 0, 5239.8760000000002037, 0, 5239.8760000000002037, 0, 5239.8760000000002037, 0, 5239.8280000000004293, 0, 5239.8760000000002037, 0, 5239.8760000000002037, 0, 5239.8760000000002037, 93.666352842303609805, 5239.8280000000004293, 1, 5239.8760000000002037, 6.1228837247595233606, 5239.8760000000002037, 24.785173262863239074
5239.8760000000002037, 109.01082408308440108, 5239.8329999999996289, 1, 5239.8760000000002037, -11.320238678294357371, 5239.8760000000002037, 3.7550705965413797571, 5239.8760000000002037, 0, 5239.8329999999996289, 0, 5239.8760000000002037, 0, 5239.8760000000002037, 0, 5239.8760000000002037, 0, 5239.8329999999996289, 0, 5239.8760000000002037, 0, 5239.8760000000002037, 0, 5239.8760000000002037, 90.609645387072731637, 5239.8329999999996289, 1, 5239.8760000000002037, 8.5554373341474203585, 5239.8760000000002037, 26.982413408691471091
5239.886000000000422, 108.11843912784144095, 5239.8379999999997381, 1, 5239.886000000000422, -12.151728302831061868, 5239.886000000000422, 8.9486268815559881773, 5239.886000000000422, 0, 5239.8379999999997381, 0, 5239.886000000000422, 0, 5239.886000000000422, 0, 5239.886000000000422, 0, 5239.8379999999997381, 0, 5239.886000000000422, 0, 5239.886000000000422, 0, 5239.886000000000422, 95.643988585937307789, 5239.8379999999997381, 1, 5239.886000000000422, 5.1512050931476514037, 5239.886000000000422, 31.360714265766176823
5239.886000000000422, 107.49195865332528399, 5239.8429999999998472, 1, 5239.886000000000422, -8.381504186356785624, 5239.886000000000422, 9.7385265906611806486, 5239.886000000000422, 0, 5239.8429999999998472, 0, 5239.886000000000422, 0, 5239.886000000000422, 0, 5239.886000000000422, 0, 5239.8429999999998472, 0, 5239.886000000000422, 0, 5239.886000000000422, 0, 5239.886000000000422, 90.562663168716483142, 5239.8429999999998472, 1, 5239.886000000000422, 9.0196052689864281149, 5239.886000000000422, 33.469756977447289614
5239.8909999999996217, 107.27308694559121705, 5239.8479999999999563, 1, 5239.8909999999996217, -9.2495760594201126281, 5239.8909999999996217, 8.9613827942440451579, 5239.8909999999996217, 0, 5239.8479999999999563, 0, 5239.8909999999996217, 0, 5239.8909999999996217, 0, 5239.8909999999996217, 0, 5239.8479999999999563, 0, 5239.8909999999996217, 0, 5239.8909999999996217, 0, 5239.8909999999996217, 98.857644895711757727, 5239.8479999999999563, 1, 5239.8909999999996217, 4.8734798069197609038, 5239.8909999999996217, 32.438055170078001765
5239.8959999999997308, 106.32321695308073117, 5239.8530000000000655, 1, 5239.8959999999997308, -7.6991639807291329944, 5239.8959999999997308, 8.8166484559550823974, 5239.8959999999997308, 0, 5239.8530000000000655, 0, 5239.8959999999997308, 0, 5239.8959999999997308, 0, 5239.8959999999997308, 0, 5239.8530000000000655, 0, 5239.8959999999997308, 0, 5239.8959999999997308, 0, 5239.8959999999997308, 97.44060679316564233, 5239.8530000000000655, 1, 5239.8959999999997308, 7.2182368647306516252, 5239.8959999999997308, 33.860986363035628699
5239.9009999999998399, 104.93631506237741746, 5239.8580000000001746, 1, 5239.9009999999998399, -7.453284495598984094, 5239.9009999999998399, 7.9910245885347634953, 5239.9009999999998399, 0, 5239.8580000000001746, 0, 5239.9009999999998399, 0, 5239.9009999999998399, 0, 5239.9009999999998399, 0, 5239.8580000000001746, 0, 5239.9009999999998399, 0, 5239.9009999999998399, 0, 5239.9009999999998399, 104.73340016597521185, 5239.8580000000001746, 1, 5239.9009999999998399, 4.1851524363544072571, 5239.9009999999998399, 32.79289627045092459
5239.9099999999998545, 105.15663114473862549, 5239.8630000000002838, 1, 5239.9099999999998545, -4.2813148774934592922, 5239.9099999999998545, 8.4556364724557866452, 5239.9099999999998545, 0, 5239.8630000000002838, 0, 5239.9099999999998545, 0, 5239.9099999999998545, 0, 5239.9099999999998545, 0, 5239.8630000000002838, 0, 5239.9099999999998545, 0, 5239.9099999999998545, 0, 5239.9099999999998545, 101.15496431012516609, 5239.8630000000002838, 1, 5239.9099999999998545, 6.8226853807166749633, 5239.9099999999998545, 34.406775969241529367
5239.9110000000000582, 103.82777068626938899, 5239.8680000000003929, 1, 5239.9110000000000582, -5.2783706216742691808, 5239.9110000000000582, 7.4526162557107156204, 5239.9110000000000582, 0, 5239.8680000000003929, 0, 5239.9110000000000582, 0, 5239.9110000000000582, 0, 5239.9110000000000582, 0, 5239.8680000000003929, 0, 5239.9110000000000582, 0, 5239.9110000000000582, 0, 5239.9110000000000582, 107.49457854403631529, 5239.8680000000003929, 1, 5239.9110000000000582, 3.7351885817868004658, 5239.9110000000000582, 33.381552260855862357
5239.9160000000001673, 103.47933640918293463, 5239.8729999999995925, 1, 5239.9160000000001673, -2.1149404942550567021, 5239.9160000000001673, 7.5853252603568037671, 5239.9160000000001673, 0, 5239.8729999999995925, 0, 5239.9160000000001673, 0, 5239.9160000000001673, 0, 5239.9160000000001673, 0, 5239.8729999999995925, 0, 5239.9160000000001673, 0, 5239.9160000000001673, 0, 5239.9160000000001673, 105.68694469374401024, 5239.8729999999995925, 1, 5239.9160000000001673, 6.4746373576007112405, 5239.9160000000001673, 34.448341666260446914
5239.9260000000003856, 101.96204483138566843, 5239.8779999999997017, 1, 5239.9260000000003856, -3.751458948900344037, 5239.9260000000003856, 14.158115130423304606, 5239.9260000000003856, 0, 5239.8779999999997017, 0, 5239.9260000000003856, 0, 5239.9260000000003856, 0, 5239.9260000000003856, 0, 5239.8779999999997017, 0, 5239.9260000000003856, 0, 5239.9260000000003856, 0, 5239.9260000000003856, 107.16733947962859475, 5239.8779999999997017, 1, 5239.9260000000003856, 2.9057913570279843007, 5239.9260000000003856, 41.497953781410892304
5239.9260000000003856, 102.20594218315895318, 5239.8840000000000146, 1, 5239.9260000000003856, 0.60993923146602091467, 5239.9260000000003856, 14.255395788905630639, 5239.9260000000003856, 0, 5239.8840000000000146, 0, 5239.9260000000003856, 0, 5239.9260000000003856, 0, 5239.9260000000003856, 0, 5239.8840000000000146, 0, 5239.9260000000003856, 0, 5239.9260000000003856, 0, 5239.9260000000003856, 104.70167911825070917, 5239.8840000000000146, 1, 5239.9260000000003856, 6.7508219265292828126, 5239.9260000000003856, 42.403400026633320863
5239.9359999999996944, 100.18857236667722077, 5239.88799999999992, 1, 5239.9359999999996944, -3.2667241524667804953, 5239.9359999999996944, 13.151922323338411047, 5239.9359999999996944, 0, 5239.88799999999992, 0, 5239.9359999999996944, 0, 5239.9359999999996944, 0, 5239.9359999999996944, 0, 5239.88799999999992, 0, 5239.9359999999996944, 0, 5239.9359999999996944, 0, 5239.9359999999996944, 110.36259268440502979, 5239.88799999999992, 1, 5239.9359999999996944, 1.1836915820625963924, 5239.9359999999996944, 41.562245814766932028
5239.9359999999996944, 101.32197897545921705, 5239.8930000000000291, 1, 5239.9359999999996944, 3.2918955999026016102, 5239.9359999999996944, 13.417363542615007077, 5239.9359999999996944, 0, 5239.8930000000000291, 0, 5239.9359999999996944, 0, 5239.9359999999996944, 0, 5239.9359999999996944, 0, 5239.8930000000000291, 0, 5239.9359999999996944, 0, 5239.9359999999996944, 0, 5239.9359999999996944, 105.81069370799026785, 5239.8930000000000291, 1, 5239.9359999999996944, 7.2628155831588614433, 5239.9359999999996944, 42.600768559310203898
5239.9409999999998035, 99.941452017927815632, 5239.899000000000342, 1, 5239.9409999999998035, -2.4956144409155451847, 5239.9409999999998035, 12.411241245325463467, 5239.9409999999998035, 0, 5239.899000000000342, 0, 5239.9409999999998035, 0, 5239.9409999999998035, 0, 5239.9409999999998035, 0, 5239.899000000000342, 0, 5239.9409999999998035, 0, 5239.9409999999998035, 0, 5239.9409999999998035, 111.31820870060298034, 5239.899000000000342, 1, 5239.9409999999998035, -0.11206464536146852617, 5239.9409999999998035, 41.691513327276588541
5239.9459999999999127, 100.8758651723552191, 5239.9030000000002474, 1, 5239.9459999999999127, 4.8055054814677644615, 5239.9459999999999127, 12.363674959603883963, 5239.9459999999999127, 0, 5239.9030000000002474, 0, 5239.9459999999999127, 0, 5239.9459999999999127, 0, 5239.9459999999999127, 0, 5239.9030000000002474, 0, 5239.9459999999999127, 0, 5239.9459999999999127, 0, 5239.9459999999999127, 108.18632929881080429, 5239.9030000000002474, 1, 5239.9459999999999127, 6.7105822587191239492, 5239.9459999999999127, 42.34611513399692484
5239.956000000000131, 98.352850995848342563, 5239.9080000000003565, 1, 5239.956000000000131, -1.1529936980640309585, 5239.956000000000131, 11.437360249706138404, 5239.956000000000131, 0, 5239.9080000000003565, 0, 5239.956000000000131, 0, 5239.956000000000131, 0, 5239.956000000000131, 0, 5239.9080000000003565, 0, 5239.956000000000131, 0, 5239.956000000000131, 0, 5239.956000000000131, 111.74425321824506341, 5239.9080000000003565, 1, 5239.956000000000131, -0.29780088910362961796, 5239.956000000000131, 41.523496237841847289
5239.956000000000131, 100.45840428517703913, 5239.9139999999997599, 1, 5239.956000000000131, 5.4528107703742518808, 5239.956000000000131, 11.227765574201988841, 5239.956000000000131, 0, 5239.9139999999997599, 0, 5239.956000000000131, 0, 5239.956000000000131, 0, 5239.956000000000131, 0, 5239.9139999999997599, 0, 5239.956000000000131, 0, 5239.956000000000131, 0, 5239.956000000000131, 110.0113523920111902, 5239.9139999999997599, 1, 5239.956000000000131, 5.7078000877305878902, 5239.956000000000131, 41.825667687545191598
5239.9660000000003492, 97.545395448177458775, 5239.9179999999996653, 1, 5239.9660000000003492, 0.96282794943809191235, 5239.9660000000003492, 15.831275286104975919, 5239.9660000000003492, 0, 5239.9179999999996653, 0, 5239.9660000000003492, 0, 5239.9660000000003492, 0, 5239.9660000000003492, 0, 5239.9179999999996653, 0, 5239.9660000000003492, 0, 5239.9660000000003492, 0, 5239.9660000000003492, 111.04466116867018854, 5239.9179999999996653, 1, 5239.9660000000003492, 0.47768450185876082381, 5239.9660000000003492, 47.333676520474675442
5239.9709999999995489, 98.3532430605813488, 5239.9229999999997744, 1, 5239.9709999999995489, 5.0897461378627575357, 5239.9709999999995489, 15.35981659183326542, 5239.9709999999995489, 0, 5239.9229999999997744, 0, 5239.9709999999995489, 0, 5239.9709999999995489, 0, 5239.9709999999995489, 0, 5239.9229999999997744, 0, 5239.9709999999995489, 0, 5239.9709999999995489, 0, 5239.9709999999995489, 110.31779362887996854, 5239.9229999999997744, 1, 5239.9709999999995489, 4.0331422334853552769, 5239.9709999999995489, 47.131622510323808228
5239.9709999999995489, 96.774735983435789421, 5239.9290000000000873, 1, 5239.9709999999995489, 3.2953296104692832991, 5239.9709999999995489, 14.19622734236563133, 5239.9709999999995489, 0, 5239.9290000000000873, 0, 5239.9709999999995489, 0, 5239.9709999999995489, 0, 5239.9709999999995489, 0, 5239.9290000000000873, 0, 5239.9709999999995489, 0, 5239.9709999999995489, 0, 5239.9709999999995489, 112.70506956367349005, 5239.9290000000000873, 1, 5239.9709999999995489, 1.9298115876843757732, 5239.9709999999995489, 46.278309331343393751
5239.9799999999995634, 97.60330499861028386, 5239.9340000000001965, 1, 5239.9799999999995634, 5.2299129613210730838, 5239.9799999999995634, 13.259304206735706089, 5239.9799999999995634, 0, 5239.9340000000001965, 0, 5239.9799999999995634, 0, 5239.9799999999995634, 0, 5239.9799999999995634, 0, 5239.9340000000001965, 0, 5239.9799999999995634, 0, 5239.9799999999995634, 0, 5239.9799999999995634, 114.41689718682835064, 5239.9340000000001965, 1, 5239.9799999999995634, 3.4433485444940821196, 5239.9799999999995634, 45.607513918703908473
5239.9809999999997672, 96.276716768867572682, 5239.9380000000001019, 1, 5239.9809999999997672, 5.0936399476039673218, 5239.9809999999997672, 11.732749981624650104, 5239.9809999999997672, 0, 5239.9380000000001019, 0, 5239.9809999999997672, 0, 5239.9809999999997672, 0, 5239.9809999999997672, 0, 5239.9380000000001019, 0, 5239.9809999999997672, 0, 5239.9809999999997672, 0, 5239.9809999999997672, 117.57520385225927839, 5239.9380000000001019, 1, 5239.9809999999997672, 3.1019745913067291454, 5239.9809999999997672, 44.336297829168287876
5239.9859999999998763, 96.419517449118799846, 5239.9440000000004147, 1, 5239.9859999999998763, 5.7687715280104914228, 5239.9859999999998763, 10.990952287319139202, 5239.9859999999998763, 0, 5239.9440000000004147, 0, 5239.9859999999998763, 0, 5239.9859999999998763, 0, 5239.9859999999998763, 0, 5239.9440000000004147, 0, 5239.9859999999998763, 0, 5239.9859999999998763, 0, 5239.9859999999998763, 115.90963810564556979, 5239.9440000000004147, 1, 5239.9859999999998763, 2.936015443204581743, 5239.9859999999998763, 43.653960800878572002
5239.9909999999999854, 95.582127915336940305, 5239.9480000000003201, 1, 5239.9909999999999854, 6.234191212911962765, 5239.9909999999999854, 9.3368561490562456129, 5239.9909999999999854, 0, 5239.9480000000003201, 0, 5239.9909999999999854, 0, 5239.9909999999999854, 0, 5239.9909999999999854, 0, 5239.9480000000003201, 0, 5239.9909999999999854, 0, 5239.9909999999999854, 0, 5239.9909999999999854, 119.04441093268656005, 5239.9480000000003201, 1, 5239.9909999999999854, 3.3136690194181359637, 5239.9909999999999854, 42.229874762445319902
5240.0010000000002037, 94.522621256509765431, 5239.9530000000004293, 1, 5240.0010000000002037, 6.718499901714875655, 5240.0010000000002037, 14.484986652248515782, 5240.0010000000002037, 0, 5239.9530000000004293, 0, 5240.0010000000002037, 0, 5240.0010000000002037, 0, 5240.0010000000002037, 0, 5239.9530000000004293, 0, 5240.0010000000002037, 0, 5240.0010000000002037, 0, 5240.0010000000002037, 117.55632378724165221, 5239.9530000000004293, 1, 5240.0010000000002037, 3.6204781471429487993, 5240.0010000000002037, 48.905106048461767898
5240.0010000000002037, 93.819727946372140082, 5239.9579999999996289, 1, 5240.0010000000002037, 7.2127970150021933904, 5240.0010000000002037, 12.646242575379112338, 5240.0010000000002037, 0, 5239.9579999999996289, 0, 5240.0010000000002037, 0, 5240.0010000000002037, 0, 5240.0010000000002037, 0, 5239.9579999999996289, 0, 5240.0010000000002037, 0, 5240.0010000000002037, 0, 5240.0010000000002037, 119.08111501060355408, 5239.9579999999996289, 1, 5240.0010000000002037, 3.5599403563184846, 5240.0010000000002037, 47.375473723455868935
5240.011000000000422, 93.164449555735814101, 5239.9639999999999418, 1, 5240.011000000000422, 7.2760696042667314387, 5240.011000000000422, 11.268023844407032641, 5240.011000000000422, 0, 5239.9639999999999418, 0, 5240.011000000000422, 0, 5240.011000000000422, 0, 5240.011000000000422, 0, 5239.9639999999999418, 0, 5240.011000000000422, 0, 5240.011000000000422, 0, 5240.011000000000422, 117.07911971623425984, 5239.9639999999999418, 1, 5240.011000000000422, 2.6997918154511961752, 5240.011000000000422, 45.897513737034358883
5240.011000000000422, 94.334149966595802539, 5239.9690000000000509, 1, 5240.011000000000422, 8.0327412670656030969, 5240.011000000000422, 9.543088814984542978, 5240.011000000000422, 0, 5239.9690000000000509, 0, 5240.011000000000422, 0, 5240.011000000000422, 0, 5240.011000000000422, 0, 5239.9690000000000509, 0, 5240.011000000000422, 0, 5240.011000000000422, 0, 5240.011000000000422, 119.53680320842212836, 5239.9690000000000509, 1, 5240.011000000000422, 3.766042517127607514, 5240.011000000000422, 44.462208796477590056
5240.0209999999997308, 93.499559950916051321, 5239.9729999999999563, 1, 5240.0209999999997308, 7.8913654548908640507, 5240.0209999999997308, 7.6052176374392317371, 5240.0209999999997308, 0, 5239.9729999999999563, 0, 5240.0209999999997308, 0, 5240.0209999999997308, 0, 5240.0209999999997308, 0, 5239.9729999999999563, 0, 5240.0209999999997308, 0, 5240.0209999999997308, 0, 5240.0209999999997308, 120.33055756824435889, 5239.9729999999999563, 1, 5240.0209999999997308, 3.1883050057071495864, 5240.0209999999997308, 42.457972201494499132
5240.0209999999997308, 94.332062545650302354, 5239.9780000000000655, 1, 5240.0209999999997308, 7.8811909793293608573, 5240.0209999999997308, 6.5532372905764120219, 5240.0209999999997308, 0, 5239.9780000000000655, 0, 5240.0209999999997308, 0, 5240.0209999999997308, 0, 5240.0209999999997308, 0, 5239.9780000000000655, 0, 5240.0209999999997308, 0, 5240.0209999999997308, 0, 5240.0209999999997308, 116.52902751473091314, 5239.9780000000000655, 1, 5240.0209999999997308, 2.7985660688243521044, 5240.0209999999997308, 40.950914852131219845
5240.0309999999999491, 94.95148085860307674, 5239.9840000000003783, 1, 5240.0309999999999491, 1.698523145544885482, 5240.0309999999999491, 7.639966252477272235, 5240.0309999999999491, 0, 5239.9840000000003783, 0, 5240.0309999999999491, 0, 5240.0309999999999491, 0, 5240.0309999999999491, 296.2029992215823313, 5239.9840000000003783, 0, 5240.0309999999999491, -45.37259995258197165, 5240.0309999999999491, -119.72714278106914776, 5240.0309999999999491, 105.06337820469526889, 5239.9840000000003783, 1, 5240.0309999999999491, -8.6586284407473321778, 5240.0309999999999491, 39.88950191546417301
5240.0360000000000582, 86.588023623734514445, 5239.9880000000002838, 1, 5240.0360000000000582, -10.248681706850483408, 5240.0360000000000582, 20.635724521732470294, 5240.0360000000000582, 46.772682394702393083, 5239.9880000000002838, 0, 5240.0360000000000582, -25.811557175621572924, 5240.0360000000000582, 24.92591796184489894, 5240.0360000000000582, 256.61915169103173184, 5239.9880000000002838, 0, 5240.0360000000000582, -68.695064659157850429, 5240.0360000000000582, -58.425166551920213465, 5240.0360000000000582, 28.257475747400299326, 5239.9880000000002838, 1, 5240.0360000000000582, -18.239552669174507571, 5240.0360000000000582, 23.454986187101255268
5240.0360000000000582, 65.485600139311088697, 5239.9930000000003929, 1, 5240.0360000000000582, 2.3666257761922260272, 5240.0360000000000582, 19.691571112261232912, 5240.0360000000000582, 218.23788736436921454, 5239.9930000000003929, 0, 5240.0360000000000582, 25.35805333518401028, 5240.0360000000000582, -13.74065194146299973, 5240.0360000000000582, 134.4368486447020814, 5239.9930000000003929, 0, 5240.0360000000000582, -39.242380594410661843, 5240.0360000000000582, 14.79409839919696168, 5240.0360000000000582, 19.54285238723269913, 5239.9930000000003929, 1, 5240.0360000000000582, -13.195397876814038085, 5240.0360000000000582, 15.732757840911087754
5240.0410000000001673, 21.297573523915872329, 5239.9979999999995925, 1, 5240.0410000000001673, 11.923639753789849749, 5240.0410000000001673, 8.4838729158277175202, 5240.0410000000001673, 128.90516376885113914, 5239.9979999999995925, 0, 5240.0410000000001673, 22.095630830836903158, 5240.0410000000001673, -3.0186427996731097778, 5240.0410000000001673, 109.51822625483131901, 5239.9979999999995925, 0, 5240.0410000000001673, -23.149471103701081631, 5240.0410000000001673, 9.5828984623592248226, 5240.0410000000001673, 23.068084042238837128, 5239.9979999999995925, 1, 5240.0410000000001673, -6.9914826523132900249, 5240.0410000000001673, 14.176849148000606249
5240.0460000000002765, 11.041351718292665041, 5240.0039999999999054, 1, 5240.0460000000002765, 7.5991372693950589579, 5240.0460000000002765, 6.2714045734503534035, 5240.0460000000002765, 65.281730682445569869, 5240.0039999999999054, 0, 5240.0460000000002765, 9.7418566988134021045, 5240.0460000000002765, 5.6542502250012560694, 5240.0460000000002765, 67.695512254547196562, 5240.0039999999999054, 0, 5240.0460000000002765, -11.06021415336041791, 5240.0460000000002765, 12.924774781745352215, 5240.0460000000002765, 28.661703770405988934, 5240.0039999999999054, 1, 5240.0460000000002765, -1.0816527899257735168, 5240.0460000000002765, 23.582422231220071751
5240.0559999999995853, 9.1876242448400962104, 5240.0079999999998108, 1, 5240.0559999999995853, 6.2124576658324768275, 5240.0559999999995853, 4.544143981110186914, 5240.0559999999995853, 44.187179327203423895, 5240.0079999999998108, 0, 5240.0559999999995853, 4.8277663739222571593, 5240.0559999999995853, 2.9786266130847955935, 5240.0559999999995853, 53.880657817972959833, 5240.0079999999998108, 0, 5240.0559999999995853, -5.7259424828440801392, 5240.0559999999995853, 9.1036051233744288425, 5240.0559999999995853, 37.862210091731810735, 5240.0079999999998108, 1, 5240.0559999999995853, 2.7917917629234407784, 5240.0559999999995853, 24.251626395635781819
5240.0609999999996944, 10.699931009800154769, 5240.01299999999992, 1, 5240.0609999999996944, 7.0797783725415470713, 5240.0609999999996944, 4.0217085268741579185, 5240.0609999999996944, 32.964088994394657561, 5240.01299999999992, 0, 5240.0609999999996944, 1.6808463340912436212, 5240.0609999999996944, -0.1502975157143673357, 5240.0609999999996944, 41.187340161206932976, 5240.01299999999992, 0, 5240.0609999999996944, -1.7371122130487433033, 5240.0609999999996944, 6.8456286915924646763, 5240.0609999999996944, 43.606992174528741657, 5240.01299999999992, 1, 5240.0609999999996944, 4.8538366452881556157, 5240.0609999999996944, 22.907248417193404322
5240.0609999999996944, 13.55486391626280529, 5240.0190000000002328, 1, 5240.0609999999996944, 8.848413643563432629, 5240.0609999999996944, 4.1028227356684068283, 5240.0609999999996944, 31.881639312241230044, 5240.0190000000002328, 0, 5240.0609999999996944, 0.28577958305391037985, 5240.0609999999996944, -3.2227622526866639419, 5240.0609999999996944, 33.984021182673501471, 5240.0190000000002328, 0, 5240.0609999999996944, 0.00061257963215248262701, 5240.0609999999996944, 5.7838906891344237238, 5240.0609999999996944, 46.724880577572918128, 5240.0190000000002328, 1, 5240.0609999999996944, 5.5790851747989211873, 5240.0609999999996944, 22.630405968674995876
5240.0659999999998035, 17.619001833323260087, 5240.0230000000001382, 1, 5240.0659999999998035, 10.360899333197524541, 5240.0659999999998035, 4.4190729092647380583, 5240.0659999999998035, 31.883498438125307928, 5240.0230000000001382, 0, 5240.0659999999998035, -0.9261715116988173957, 5240.0659999999998035, -6.6299366634504757201, 5240.0659999999998035, 26.320985650000999101, 5240.0230000000001382, 0, 5240.0659999999998035, 1.4006498527127071441, 5240.0659999999998035, 4.7110962225986856566, 5240.0659999999998035, 49.728078148943851033, 5240.0230000000001382, 1, 5240.0659999999998035, 5.8679385981586955623, 5240.0659999999998035, 22.591091446214125682
5240.0760000000000218, 24.50645117781034088, 5240.0290000000004511, 1, 5240.0760000000000218, 8.4973661910914337625, 5240.0760000000000218, 5.0550752235305065341, 5240.0760000000000218, 36.314907554362335418, 5240.0290000000004511, 1, 5240.0760000000000218, -0.95438223577817316023, 5240.0760000000000218, -9.385405058100822373, 5240.0760000000000218, 24.137426333505615617, 5240.0290000000004511, 1, 5240.0760000000000218, 1.5707707971413062964, 5240.0760000000000218, 4.0081472656139887079, 5240.0760000000000218, 51.285271208850062408, 5240.0290000000004511, 1, 5240.0760000000000218, 5.8020199531622091982, 5240.0760000000000218, 22.410452105599937056
5240.0760000000000218, 31.83374520696523291, 5240.0330000000003565, 1, 5240.0760000000000218, 7.0185271481491140477, 5240.0760000000000218, 5.5134115835948733775, 5240.0760000000000218, 40.472702389425528224, 5240.0330000000003565, 1, 5240.0760000000000218, -0.40621362190892695843, 5240.0760000000000218, -11.865934666220603333, 5240.0760000000000218, 23.630834179336005718, 5240.0330000000003565, 1, 5240.0760000000000218, 1.7842026621489199822, 5240.0760000000000218, 2.956649028345625041, 5240.0760000000000218, 52.114480535707421893, 5240.0330000000003565, 1, 5240.0760000000000218, 5.8775324326097226901, 5240.0760000000000218, 22.069390577149086141
5240.081000000000131, 38.310344408574117381, 5240.0389999999997599, 1, 5240.081000000000131, 5.6912373436076766353, 5240.081000000000131, 5.7875696800238980444, 5240.081000000000131, 43.713801519400028894, 5240.0389999999997599, 1, 5240.081000000000131, 0.11949708111057616433, 5240.081000000000131, -14.111267027647667049, 5240.081000000000131, 23.256459421300576196, 5240.0389999999997599, 1, 5240.081000000000131, 1.9336026061032758339, 5240.081000000000131, 1.7847833421448981994, 5240.081000000000131, 53.063222544426039917, 5240.0389999999997599, 1, 5240.081000000000131, 5.8899617416957799065, 5240.081000000000131, 21.734166113752461769
5240.0860000000002401, 42.936381937257806385, 5240.0429999999996653, 1, 5240.0860000000002401, 4.6795459532962588867, 5240.0860000000002401, 8.4963538043272279765, 5240.0860000000002401, 48.183566335498653643, 5240.0429999999996653, 1, 5240.0860000000002401, 0.83440243754726406422, 5240.0860000000002401, -13.992244475507487067, 5240.0860000000002401, 23.697636095611983365, 5240.0429999999996653, 1, 5240.0860000000002401, 1.7905915198026385315, 5240.0860000000002401, 1.8043307143078131105, 5240.0860000000002401, 51.244480579629453132, 5240.0429999999996653, 1, 5240.0860000000002401, 5.5667487364823298179, 5240.0860000000002401, 24.427210788282131659
5240.0959999999995489, 47.146718542831337118, 5240.0479999999997744, 1, 5240.0959999999995489, 3.7872097114622795822, 5240.0959999999995489, 9.8040037329249170028, 5240.0959999999995489, 52.006196340635916897, 5240.0479999999997744, 1, 5240.0959999999995489, 1.5465217392752437231, 5240.0959999999995489, -14.833735437236487797, 5240.0959999999995489, 24.463488780451100979, 5240.0479999999997744, 1, 5240.0959999999995489, 1.5668574149810641227, 5240.0959999999995489, 1.1344994489972588525, 5240.0959999999995489, 49.959940232948198968, 5240.0479999999997744, 1, 5240.0959999999995489, 5.1373776899022534081, 5240.0959999999995489, 24.989902705640428593
5240.100999999999658, 49.851316168676802931, 5240.0529999999998836, 1, 5240.100999999999658, 3.2261360816526001294, 5240.100999999999658, 9.7433133448478326244, 5240.100999999999658, 54.327418423945267989, 5240.0529999999998836, 1, 5240.100999999999658, 2.0249797913164555574, 5240.100999999999658, -16.127425145697387165, 5240.100999999999658, 25.048102639101877287, 5240.0529999999998836, 1, 5240.100999999999658, 1.3461209145539891896, 5240.100999999999658, 0.24615032232684086466, 5240.100999999999658, 48.7039013849187441, 5240.0529999999998836, 1, 5240.100999999999658, 4.6184457771337434906, 5240.100999999999658, 24.201355449004516629
5240.1059999999997672, 52.328493572274922485, 5240.0590000000001965, 1, 5240.1059999999997672, 2.7054071627517140008, 5240.1059999999997672, 9.6661829511626446987, 5240.1059999999997672, 56.503008282712407606, 5240.0590000000001965, 1, 5240.1059999999997672, 2.48171336520229735, 5240.1059999999997672, -17.333760884536633995, 5240.1059999999997672, 25.910231650253205515, 5240.0590000000001965, 1, 5240.1059999999997672, 1.1174110050756003165, 5240.1059999999997672, -0.64369622189700947956, 5240.1059999999997672, 48.161964181712662025, 5240.0590000000001965, 1, 5240.1059999999997672, 4.2704698087872934309, 5240.1059999999997672, 23.574769760186200074
5240.1059999999997672, 48.654703202437069365, 5240.0630000000001019, 1, 5240.1059999999997672, 3.3845782161904987007, 5240.1059999999997672, 4.315440844049394542, 5240.1059999999997672, 58.663684287342199752, 5240.0630000000001019, 1, 5240.1059999999997672, 3.1244510585646185774, 5240.1059999999997672, -18.444035694990137841, 5240.1059999999997672, 26.346702791023204782, 5240.0630000000001019, 1, 5240.1059999999997672, 0.92172629888743196069, 5240.1059999999997672, -1.3354972030652891846, 5240.1059999999997672, 41.146333938655139661, 5240.0630000000001019, 1, 5240.1059999999997672, 2.4287770482074244605, 5240.1059999999997672, 17.495960127782222315
5240.1109999999998763, 56.086214836813844897, 5240.068000000000211, 1, 5240.1109999999998763, 2.2801532245441391566, 5240.1109999999998763, 21.948549977758744944, 5240.1109999999998763, 62.80651701983325097, 5240.068000000000211, 1, 5240.1109999999998763, 3.0106609537955764111, 5240.1109999999998763, -20.051785888485333942, 5240.1109999999998763, 28.561153930607670048, 5240.068000000000211, 1, 5240.1109999999998763, -0.089327069671410463947, 5240.1109999999998763, -2.1331543274718693937, 5240.1109999999998763, 44.203404804196750888, 5240.068000000000211, 1, 5240.1109999999998763, 3.191659149450807309, 5240.1109999999998763, 25.92574859280584576
5240.1210000000000946, 34.312758228206277522, 5240.0739999999996144, 1, 5240.1210000000000946, 1.2518833910763524919, 5240.1210000000000946, 21.317002111334765857, 5240.1210000000000946, 57.320176107654873476, 5240.0739999999996144, 1, 5240.1210000000000946, 1.8194027793594198528, 5240.1210000000000946, -22.915880897596267118, 5240.1210000000000946, 43.030317767262530992, 5240.0739999999996144, 1, 5240.1210000000000946, -3.8726067907891685849, 5240.1210000000000946, -9.6015679829388709265, 5240.1210000000000946, 32.253180639113622874, 5240.0739999999996144, 1, 5240.1210000000000946, 2.5007453904105529929, 5240.1210000000000946, 22.354983992819612126
5240.1260000000002037, 0, 5240.0780000000004293, 1, 5240.1260000000002037, 0, 5240.1260000000002037, 0, 5240.1260000000002037, 62.79208819123149965, 5240.0780000000004293, 1, 5240.1260000000002037, 4.9667941115532618923, 5240.1260000000002037, -27.017545077119841324, 5240.1260000000002037, 63.686615598126337545, 5240.0780000000004293, 1, 5240.1260000000002037, -6.7668988658368176559, 5240.1260000000002037, -16.949829012886727497, 5240.1260000000002037, 0, 5240.0780000000004293, 1, 5240.1260000000002037, 0, 5240.1260000000002037, 0
5240.1300000000001091, 0, 5240.0829999999996289, 1, 5240.1300000000001091, 0, 5240.1300000000001091, 0, 5240.1300000000001091, 76.579700053310475028, 5240.0829999999996289, 1, 5240.1300000000001091, 8.806672333078743975, 5240.1300000000001091, -28.779170820781160955, 5240.1300000000001091, 69.451050388264448543, 5240.0829999999996289, 1, 5240.1300000000001091, -8.0468647914838697943, 5240.1300000000001091, -17.788387913885205904, 5240.1300000000001091, 0, 5240.0829999999996289, 1, 5240.1300000000001091, 0, 5240.1300000000001091, 0
5240.1300000000001091, 0, 5240.0879999999997381, 1, 5240.1300000000001091, 0, 5240.1300000000001091, 0, 5240.1300000000001091, 89.156176779649626951, 5240.0879999999997381, 1, 5240.1300000000001091, 11.558383344529925552, 5240.1300000000001091, -31.108236052590008569, 5240.1300000000001091, 74.586834619247312617, 5240.0879999999997381, 1, 5240.1300000000001091, -5.4915212745263088934, 5240.1300000000001091, -18.10330608279629061, 5240.1300000000001091, 0, 5240.0879999999997381, 1, 5240.1300000000001091, 0, 5240.1300000000001091, 0
5240.1409999999996217, 0, 5240.0929999999998472, 1, 5240.1409999999996217, 0, 5240.1409999999996217, 0, 5240.1409999999996217, 98.075274192671088258, 5240.0929999999998472, 1, 5240.1409999999996217, 13.766077704793616476, 5240.1409999999996217, -30.512503841641525071, 5240.1409999999996217, 70.84398096522539845, 5240.0929999999998472, 1, 5240.1409999999996217, -6.3552524651389443733, 5240.1409999999996217, -14.077057993942403868, 5240.1409999999996217, 0, 5240.0929999999998472, 1, 5240.1409999999996217, 0, 5240.1409999999996217, 0
5240.1409999999996217, 0, 5240.0979999999999563, 1, 5240.1409999999996217, 0, 5240.1409999999996217, 0, 5240.1409999999996217, 107.70289373742973282, 5240.0979999999999563, 1, 5240.1409999999996217, 15.788358305284004857, 5240.1409999999996217, -31.794237967480164286, 5240.1409999999996217, 73.28722901788647448, 5240.0979999999999563, 1, 5240.1409999999996217, -2.7003935233524138937, 5240.1409999999996217, -13.353007674354522294, 5240.1409999999996217, 0, 5240.0979999999999563, 1, 5240.1409999999996217, 0, 5240.1409999999996217, 0
5240.1459999999997308, 0, 5240.1030000000000655, 1, 5240.1459999999997308, 0, 5240.1459999999997308, 0, 5240.1459999999997308, 113.67951209972920878, 5240.1030000000000655, 1, 5240.1459999999997308, 17.42529757508591004, 5240.1459999999997308, -31.04457908182220649, 5240.1459999999997308, 67.155447572782009047, 5240.1030000000000655, 1, 5240.1459999999997308, -2.8466434175722428179, 5240.1459999999997308, -9.0665274957925490185, 5240.1459999999997308, 0, 5240.1030000000000655, 1, 5240.1459999999997308, 0, 5240.1459999999997308, 0
5240.1509999999998399, 0, 5240.1080000000001746, 0, 5240.1509999999998399, 0, 5240.1509999999998399, 0, 5240.1509999999998399, 119.37956306202714529, 5240.1080000000001746, 1, 5240.1509999999998399, 18.652388331351119177, 5240.1509999999998399, -31.744310322326612095, 5240.1509999999998399, 69.946190056920613642, 5240.1080000000001746, 1, 5240.1509999999998399, 0.55123346296635855612, 5240.1509999999998399, -8.7333527969893260945, 5240.1509999999998399, 0, 5240.1080000000001746, 0, 5240.1509999999998399, 0, 5240.1509999999998399, 0
5240.1610000000000582, 0, 5240.1130000000002838, 0, 5240.1610000000000582, 0, 5240.1610000000000582, 0, 5240.1610000000000582, 123.23396051649885408, 5240.1130000000002838, 1, 5240.1610000000000582, 19.818156908688127515, 5240.1610000000000582, -30.555639125419020274, 5240.1610000000000582, 63.528052001400411086, 5240.1130000000002838, 1, 5240.1610000000000582, 0.39783912080106414999, 5240.1610000000000582, -4.4547922825020442872, 5240.1610000000000582, 0, 5240.1130000000002838, 0, 5240.1610000000000582, 0, 5240.1610000000000582, 0
5240.1660000000001673, 0, 5240.1180000000003929, 0, 5240.1660000000001673, 0, 5240.1660000000001673, 0, 5240.1660000000001673, 126.5464974022173692, 5240.1180000000003929, 1, 5240.1660000000001673, 20.257625642562434365, 5240.1660000000001673, -31.220835916594992909, 5240.1660000000001673, 67.807559056190370939, 5240.1180000000003929, 1, 5240.1660000000001673, 3.8232992517575863367, 5240.1660000000001673, -5.1517851141091313139, 5240.1660000000001673, 0, 5240.1180000000003929, 0, 5240.1660000000001673, 0, 5240.1660000000001673, 0
5240.1700000000000728, 0, 5240.1229999999995925, 0, 5240.1700000000000728, 0, 5240.1700000000000728, 0, 5240.1700000000000728, 130.22085350368712398, 5240.1229999999995925, 1, 5240.1700000000000728, 19.765898730872148548, 5240.1700000000000728, -17.310399779414353816, 5240.1700000000000728, 62.07461959643234195, 5240.1229999999995925, 1, 5240.1700000000000728, 3.1403856693994574023, 5240.1700000000000728, 5.7289244819456826008, 5240.1700000000000728, 0, 5240.1229999999995925, 0, 5240.1700000000000728, 0, 5240.1700000000000728, 0
5240.1760000000003856, 0, 5240.1289999999999054, 0, 5240.1760000000003856, 0, 5240.1760000000003856, 0, 5240.1760000000003856, 132.76251878587106603, 5240.1289999999999054, 1, 5240.1760000000003856, 20.047268521617990444, 5240.1760000000003856, -15.983521597858725727, 5240.1760000000003856, 64.500879903699768647, 5240.1289999999999054, 1, 5240.1760000000003856, 5.6999417458557166682, 5240.1760000000003856, 6.9724852099605172384, 5240.1760000000003856, 0, 5240.1289999999999054, 0, 5240.1760000000003856, 0, 5240.1760000000003856, 0
5240.1760000000003856, 0, 5240.1329999999998108, 0, 5240.1760000000003856, 0, 5240.1760000000003856, 0, 5240.1760000000003856, 132.76530068557445929, 5240.1329999999998108, 1, 5240.1760000000003856, 20.021854403937258127, 5240.1760000000003856, -14.585614771623191643, 5240.1760000000003856, 59.722694347836622342, 5240.1329999999998108, 1, 5240.1760000000003856, 4.7356117922428140332, 5240.1760000000003856, 9.4801425524611282469, 5240.1760000000003856, 0, 5240.1329999999998108, 0, 5240.1760000000003856, 0, 5240.1760000000003856, 0
5240.1859999999996944, 0, 5240.13799999999992, 0, 5240.1859999999996944, 0, 5240.1859999999996944, 0, 5240.1859999999996944, 133.34173019526230064, 5240.13799999999992, 1, 5240.1859999999996944, 19.848338834014732868, 5240.1859999999996944, -14.756562312153697292, 5240.1859999999996944, 65.112310071797381283, 5240.13799999999992, 1, 5240.1859999999996944, 6.668467382666384502, 5240.1859999999996944, 8.994920347662457516, 5240.1859999999996944, 0, 5240.13799999999992, 0, 5240.1859999999996944, 0, 5240.1859999999996944, 0
5240.1909999999998035, 0, 5240.1430000000000291, 0, 5240.1909999999998035, 0, 5240.1909999999998035, 0, 5240.1909999999998035, 132.70126588106023746, 5240.1430000000000291, 1, 5240.1909999999998035, 19.483114366063649214, 5240.1909999999998035, -13.478412129665493069, 5240.1909999999998035, 61.087381868849490729, 5240.1430000000000291, 1, 5240.1909999999998035, 5.3245188216812371351, 5240.1909999999998035, 11.181077975033062444, 5240.1909999999998035, 0, 5240.1430000000000291, 0, 5240.1909999999998035, 0, 5240.1909999999998035, 0
5240.1959999999999127, 0, 5240.1480000000001382, 0, 5240.1959999999999127, 0, 5240.1959999999999127, 0, 5240.1959999999999127, 132.57953008378606796, 5240.1480000000001382, 1, 5240.1959999999999127, 19.048138057519253152, 5240.1959999999999127, -13.735400809965646829, 5240.1959999999999127, 67.10505721651979627, 5240.1480000000001382, 1, 5240.1959999999999127, 6.886001005136636266, 5240.1959999999999127, 10.410392071301686201, 5240.1959999999999127, 0, 5240.1480000000001382, 0, 5240.1959999999999127, 0, 5240.1959999999999127, 0
5240.2010000000000218, 0, 5240.1530000000002474, 0, 5240.2010000000000218, 0, 5240.2010000000000218, 0, 5240.2010000000000218, 131.02622983138428481, 5240.1530000000002474, 1, 5240.2010000000000218, 18.31419144440843283, 5240.2010000000000218, -12.701022698080691953, 5240.2010000000000218, 64.460726201594695794, 5240.1530000000002474, 1, 5240.2010000000000218, 5.0608891326795646393, 5240.2010000000000218, 12.067540753942029852, 5240.2010000000000218, 0, 5240.1530000000002474, 0, 5240.2010000000000218, 0, 5240.2010000000000218, 0
5240.2070000000003347, 0, 5240.1580000000003565, 0, 5240.2070000000003347, 0, 5240.2070000000003347, 0, 5240.2070000000003347, 131.19357516172908618, 5240.1580000000003565, 1, 5240.2070000000003347, 17.956864632343961574, 5240.2070000000003347, -13.249402609122604701, 5240.2070000000003347, 71.404887835004686281, 5240.1580000000003565, 1, 5240.2070000000003347, 7.1904172961333809866, 5240.2070000000003347, 10.758269138316887137, 5240.2070000000003347, 0, 5240.1580000000003565, 0, 5240.2070000000003347, 0, 5240.2070000000003347, 0
5240.2070000000003347, 0, 5240.1629999999995562, 0, 5240.2070000000003347, 0, 5240.2070000000003347, 0, 5240.2070000000003347, 129.20864835418956318, 5240.1629999999995562, 1, 5240.2070000000003347, 17.059805690496627761, 5240.2070000000003347, -12.183616854591726053, 5240.2070000000003347, 68.143474752756290513, 5240.1629999999995562, 1, 5240.2070000000003347, 4.79123882282598057, 5240.2070000000003347, 12.484535992333441357, 5240.2070000000003347, 0, 5240.1629999999995562, 0, 5240.2070000000003347, 0, 5240.2070000000003347, 0
5240.2160000000003492, 0, 5240.1679999999996653, 0, 5240.2160000000003492, 0, 5240.2160000000003492, 0, 5240.2160000000003492, 129.53446431614730727, 5240.1679999999996653, 1, 5240.2160000000003492, 16.597659488942174022, 5240.2160000000003492, -5.4869578768329319018, 5240.2160000000003492, 74.100864772266504588, 5240.1679999999996653, 1, 5240.2160000000003492, 6.1871893053564557263, 5240.2160000000003492, 15.533409952838830748, 5240.2160000000003492, 0, 5240.1679999999996653, 0, 5240.2160000000003492, 0, 5240.2160000000003492, 0
5240.2209999999995489, 0, 5240.1729999999997744, 0, 5240.2209999999995489, 0, 5240.2209999999995489, 0, 5240.2209999999995489, 127.96503538910215525, 5240.1729999999997744, 1, 5240.2209999999995489, 15.562100365885832787, 5240.2209999999995489, -4.3582021527613150624, 5240.2209999999995489, 69.496476620861898255, 5240.1729999999997744, 1, 5240.2209999999995489, 4.2498954141901199577, 5240.2209999999995489, 17.394216608086509268, 5240.2209999999995489, 0, 5240.1729999999997744, 0, 5240.2209999999995489, 0, 5240.2209999999995489, 0
5240.2209999999995489, 0, 5240.1779999999998836, 0, 5240.2209999999995489, 0, 5240.2209999999995489, 0, 5240.2209999999995489, 126.4758892241105741, 5240.1779999999998836, 1, 5240.2209999999995489, 14.867415586985456954, 5240.2209999999995489, -5.093519653655853574, 5240.2209999999995489, 77.533651946692529577, 5240.1779999999998836, 1, 5240.2209999999995489, 5.1602965950710668608, 5240.2209999999995489, 16.127390065982702083, 5240.2209999999995489, 0, 5240.1779999999998836, 0, 5240.2209999999995489, 0, 5240.2209999999995489, 0
5240.2309999999997672, 0, 5240.1829999999999927, 0, 5240.2309999999997672, 0, 5240.2309999999997672, 0, 5240.2309999999997672, 124.48626182270221818, 5240.1829999999999927, 1, 5240.2309999999997672, 13.893805695987285986, 5240.2309999999997672, -4.5126852273700492901, 5240.2309999999997672, 76.10115967742243015, 5240.1829999999999927, 1, 5240.2309999999997672, 3.0760021869938607431, 5240.2309999999997672, 17.070231339245662383, 5240.2309999999997672, 0, 5240.1829999999999927, 0, 5240.2309999999997672, 0, 5240.2309999999997672, 0
5240.2359999999998763, 0, 5240.1880000000001019, 0, 5240.2359999999998763, 0, 5240.2359999999998763, 0, 5240.2359999999998763, 123.72198607123321779, 5240.1880000000001019, 1, 5240.2359999999998763, 13.072813404636171697, 5240.2359999999998763, -5.0817010307676184766, 5240.2359999999998763, 82.179734400246047699, 5240.1880000000001019, 1, 5240.2359999999998763, 4.110397509053778542, 5240.2359999999998763, 16.117955669075392677, 5240.2359999999998763, 0, 5240.1880000000001019, 0, 5240.2359999999998763, 0, 5240.2359999999998763, 0
5240.2399999999997817, 0, 5240.193000000000211, 0, 5240.2399999999997817, 0, 5240.2399999999997817, 0, 5240.2399999999997817, 122.22395172058136836, 5240.193000000000211, 1, 5240.2399999999997817, 12.176453676816635152, 5240.2399999999997817, -4.3921442113912831928, 5240.2399999999997817, 79.715284645960281296, 5240.193000000000211, 1, 5240.2399999999997817, 2.313702426510578114, 5240.2399999999997817, 17.284999532303920944, 5240.2399999999997817, 0, 5240.193000000000211, 0, 5240.2399999999997817, 0, 5240.2399999999997817, 0
5240.2409999999999854, 0, 5240.1980000000003201, 0, 5240.2409999999999854, 0, 5240.2409999999999854, 0, 5240.2409999999999854, 119.97049033183074584, 5240.1980000000003201, 1, 5240.2409999999999854, 11.299472626963673605, 5240.2409999999999854, -5.1545648662311265298, 5240.2409999999999854, 86.112103626244760335, 5240.1980000000003201, 1, 5240.2409999999999854, 3.1314323374642132336, 5240.2409999999999854, 16.08161770367214416, 5240.2409999999999854, 0, 5240.1980000000003201, 0, 5240.2409999999999854, 0, 5240.2409999999999854, 0
5240.2510000000002037, 0, 5240.2030000000004293, 0, 5240.2510000000002037, 0, 5240.2510000000002037, 0, 5240.2510000000002037, 119.71175158008537665, 5240.2030000000004293, 1, 5240.2510000000002037, 10.733897919831667522, 5240.2510000000002037, 2.9703800397305570868, 5240.2510000000002037, 84.831094274536283706, 5240.2030000000004293, 1, 5240.2510000000002037, 2.2978487625717138876, 5240.2510000000002037, 22.106024668930139399, 5240.2510000000002037, 0, 5240.2030000000004293, 0, 5240.2510000000002037, 0, 5240.2510000000002037, 0
5240.2510000000002037, 0, 5240.2079999999996289, 0, 5240.2510000000002037, 0, 5240.2510000000002037, 0, 5240.2510000000002037, 118.73179060466523538, 5240.2079999999996289, 1, 5240.2510000000002037, 10.169245379708351962, 5240.2510000000002037, 3.0146054369470149936, 5240.2510000000002037, 85.578074210968438251, 5240.2079999999996289, 1, 5240.2510000000002037, 2.3463716435565467044, 5240.2510000000002037, 22.405185311048221308, 5240.2510000000002037, 0, 5240.2079999999996289, 0, 5240.2510000000002037, 0, 5240.2510000000002037, 0
5240.2560000000003129, 0, 5240.2129999999997381, 0, 5240.2560000000003129, 0, 5240.2560000000003129, 0, 5240.2560000000003129, 116.99909221563791561, 5240.2129999999997381, 1, 5240.2560000000003129, 9.327745066027668841, 5240.2560000000003129, 2.9793477088678841369, 5240.2560000000003129, 85.972148482907286393, 5240.2129999999997381, 1, 5240.2560000000003129, 1.9867557062881913144, 5240.2560000000003129, 22.628789817803443896, 5240.2560000000003129, 0, 5240.2129999999997381, 0, 5240.2560000000003129, 0, 5240.2560000000003129, 0
5240.261000000000422, 0, 5240.2179999999998472, 0, 5240.261000000000422, 0, 5240.261000000000422, 0, 5240.261000000000422, 116.08955877431944259, 5240.2179999999998472, 1, 5240.261000000000422, 8.7578966545922209974, 5240.261000000000422, 2.736796501299771478, 5240.261000000000422, 88.437236976307616487, 5240.2179999999998472, 1, 5240.261000000000422, 1.9250017665969398895, 5240.261000000000422, 22.505876288353753978, 5240.261000000000422, 0, 5240.2179999999998472, 0, 5240.261000000000422, 0, 5240.261000000000422, 0
5240.2709999999997308, 0, 5240.2229999999999563, 0, 5240.2709999999997308, 0, 5240.2709999999997308, 0, 5240.2709999999997308, 115.815824626263705, 5240.2229999999999563, 1, 5240.2709999999997308, 5.8522627260236426139, 5240.2709999999997308, 3.0694081440799081406, 5240.2709999999997308, 86.168180192027961084, 5240.2229999999999563, 1, 5240.2709999999997308, -0.8707544411965661979, 5240.2709999999997308, 23.204954359305396849, 5240.2709999999997308, 0, 5240.2229999999999563, 0, 5240.2709999999997308, 0, 5240.2709999999997308, 0
5240.2759999999998399, 0, 5240.2280000000000655, 0, 5240.2759999999998399, 0, 5240.2759999999998399, 0, 5240.2759999999998399, 112.40494614166662757, 5240.2280000000000655, 1, 5240.2759999999998399, 9.1126585623042668516, 5240.2759999999998399, 2.1942826000490001093, 5240.2759999999998399, 92.006623870900497764, 5240.2280000000000655, 1, 5240.2759999999998399, 3.7058532200914973131, 5240.2759999999998399, 22.251985726417125022, 5240.2759999999998399, 0, 5240.2280000000000655, 0, 5240.2759999999998399, 0, 5240.2759999999998399, 0
5240.2799999999997453, 0, 5240.2330000000001746, 0, 5240.2799999999997453, 0, 5240.2799999999997453, 0, 5240.2799999999997453, 113.96176315243886279, 5240.2330000000001746, 1, 5240.2799999999997453, 4.3461385797189686642, 5240.2799999999997453, 2.5650652156001214621, 5240.2799999999997453, 89.583721798639942335, 5240.2330000000001746, 1, 5240.2799999999997453, -1.2013845708265984413, 5240.2799999999997453, 22.954323086458082059, 5240.2799999999997453, 0, 5240.2330000000001746, 0, 5240.2799999999997453, 0, 5240.2799999999997453, 0
5240.2860000000000582, 0, 5240.238999999999578, 0, 5240.2860000000000582, 0, 5240.2860000000000582, 0, 5240.2860000000000582, 110.77739563678662194, 5240.238999999999578, 1, 5240.2860000000000582, 7.8311621407791180971, 5240.2860000000000582, 1.9299594309422971605, 5240.2860000000000582, 93.355878534529921353, 5240.238999999999578, 1, 5240.2860000000000582, 2.9358065851207029162, 5240.2860000000000582, 22.268334626198267756, 5240.2860000000000582, 0, 5240.238999999999578, 0, 5240.2860000000000582, 0, 5240.2860000000000582, 0
5240.2910000000001673, 0, 5240.2439999999996871, 0, 5240.2910000000001673, 0, 5240.2910000000001673, 0, 5240.2910000000001673, 110.67854589485061467, 5240.2439999999996871, 1, 5240.2910000000001673, 3.4497842378405776387, 5240.2910000000001673, 8.9773155483594848647, 5240.2910000000001673, 90.911211904382099647, 5240.2439999999996871, 1, 5240.2910000000001673, -1.223705405707981253, 5240.2910000000001673, 28.364545615756078689, 5240.2910000000001673, 0, 5240.2439999999996871, 0, 5240.2910000000001673, 0, 5240.2910000000001673, 0
5240.2960000000002765, 0, 5240.2489999999997963, 0, 5240.2960000000002765, 0, 5240.2960000000002765, 0, 5240.2960000000002765, 108.54150736438390368, 5240.2489999999997963, 1, 5240.2960000000002765, 5.6740717492186636406, 5240.2960000000002765, 8.154588469165005904, 5240.2960000000002765, 94.493091494485696558, 5240.2489999999997963, 1, 5240.2960000000002765, 1.4698809200303286637, 5240.2960000000002765, 27.853108493098808651, 5240.2960000000002765, 0, 5240.2489999999997963, 0, 5240.2960000000002765, 0, 5240.2960000000002765, 0
5240.2960000000002765, 0, 5240.2529999999997017, 0, 5240.2960000000002765, 0, 5240.2960000000002765, 0, 5240.2960000000002765, 108.15495180187755864, 5240.2529999999997017, 1, 5240.2960000000002765, 3.1280251689662494918, 5240.2960000000002765, 7.7725443889339231873, 5240.2960000000002765, 94.647091179878557909, 5240.2529999999997017, 1, 5240.2960000000002765, -0.73973254041668767833, 5240.2960000000002765, 27.672479883413870994, 5240.2960000000002765, 0, 5240.2529999999997017, 0, 5240.2960000000002765, 0, 5240.2960000000002765, 0
5240.305000000000291, 0, 5240.2590000000000146, 0, 5240.305000000000291, 0, 5240.305000000000291, 0, 5240.305000000000291, 106.64202413397296709, 5240.2590000000000146, 1, 5240.305000000000291, 3.5195858534577380006, 5240.305000000000291, 6.9252029187667289989, 5240.305000000000291, 97.246899226393722415, 5240.2590000000000146, 1, 5240.305000000000291, -0.1449926468535358004, 5240.305000000000291, 27.106722534648042711, 5240.305000000000291, 0, 5240.2590000000000146, 0, 5240.305000000000291, 0, 5240.305000000000291, 0
5240.3109999999996944, 0, 5240.26299999999992, 0, 5240.3109999999996944, 0, 5240.3109999999996944, 0, 5240.3109999999996944, 105.20703941189024988, 5240.26299999999992, 1, 5240.3109999999996944, 2.0651701684651118107, 5240.3109999999996944, 5.7695249537282435881, 5240.3109999999996944, 100.50874464870133806, 5240.26299999999992, 1, 5240.3109999999996944, -1.6922062986069861257, 5240.3109999999996944, 26.252401737511142699, 5240.3109999999996944, 0, 5240.26299999999992, 0, 5240.3109999999996944, 0, 5240.3109999999996944, 0
5240.3159999999998035, 0, 5240.2700000000004366, 0, 5240.3159999999998035, 0, 5240.3159999999998035, 0, 5240.3159999999998035, 104.13090909691905495, 5240.2700000000004366, 1, 5240.3159999999998035, 1.7855767363622934152, 5240.3159999999998035, 4.9696568199966222323, 5240.3159999999998035, 101.00857516199255315, 5240.2700000000004366, 1, 5240.3159999999998035, -1.0487672501807567826, 5240.3159999999998035, 25.599775295388653262, 5240.3159999999998035, 0, 5240.2700000000004366, 0, 5240.3159999999998035, 0, 5240.3159999999998035, 0
5240.3209999999999127, 0, 5240.274000000000342, 0, 5240.3209999999999127, 0, 5240.3209999999999127, 0, 5240.3209999999999127, 102.97536354326493324, 5240.274000000000342, 1, 5240.3209999999999127, 0.68038535376693376477, 5240.3209999999999127, 3.836582095451205987, 5240.3209999999999127, 103.05412509031395984, 5240.274000000000342, 1, 5240.3209999999999127, -2.2190304480384321906, 5240.3209999999999127, 24.764638452839676575, 5240.3209999999999127, 0, 5240.274000000000342, 0, 5240.3209999999999127, 0, 5240.3209999999999127, 0
5240.3249999999998181, 0, 5240.2780000000002474, 0, 5240.3249999999998181, 0, 5240.3249999999998181, 0, 5240.3249999999998181, 100.99944106869203608, 5240.2780000000002474, 1, 5240.3249999999998181, 0.050524595743387683278, 5240.3249999999998181, 8.3491765571677021285, 5240.3249999999998181, 104.4474055183486314, 5240.2780000000002474, 1, 5240.3249999999998181, -2.2747258694377205934, 5240.3249999999998181, 29.710010418977404356, 5240.3249999999998181, 0, 5240.2780000000002474, 0, 5240.3249999999998181, 0, 5240.3249999999998181, 0
5240.331000000000131, 285.82011172553444567, 5240.2830000000003565, 0, 5240.331000000000131, -21.386995108972740809, 5240.331000000000131, -180.84461302299683894, 5240.331000000000131, 99.835384421840444702, 5240.2830000000003565, 1, 5240.331000000000131, -0.76690639653249303986, 5240.331000000000131, 7.0717031782296686515, 5240.331000000000131, 104.9366665302363657, 5240.2830000000003565, 1, 5240.331000000000131, -2.6275245888397047445, 5240.331000000000131, 28.699816510410080639, 5240.331000000000131, 0, 5240.2830000000003565, 0, 5240.331000000000131, 0, 5240.331000000000131, 0
5240.331000000000131, 386.50395845656527172, 5240.2879999999995562, 0, 5240.331000000000131, -96.247778251444046305, 5240.331000000000131, -247.18652474691197085, 5240.331000000000131, 80.318201591798370487, 5240.2879999999995562, 1, 5240.331000000000131, -18.848731306207934466, 5240.331000000000131, 3.0991304748777324107, 5240.331000000000131, 95.342567786411024144, 5240.2879999999995562, 1, 5240.331000000000131, -7.5844923971330624468, 5240.331000000000131, 25.613601574293788588, 5240.331000000000131, 0, 5240.2879999999995562, 0, 5240.331000000000131, 0, 5240.331000000000131, 0
5240.3360000000002401, 380.57858436686183268, 5240.2929999999996653, 0, 5240.3360000000002401, -111.82999099228074158, 5240.3360000000002401, -218.8536399530191261, 5240.3360000000002401, 33.265367402030406652, 5240.2929999999996653, 1, 5240.3360000000002401, -23.807827876205831075, 5240.3360000000002401, -3.1717226808376537406, 5240.3360000000002401, 82.944916703076117415, 5240.2929999999996653, 1, 5240.3360000000002401, -12.396531733872956593, 5240.3360000000002401, 21.132952851516556336, 5240.3360000000002401, 0, 5240.2929999999996653, 0, 5240.3360000000002401, 0, 5240.3360000000002401, 0
5240.3410000000003492, 376.83261352247257037, 5240.2989999999999782, 0, 5240.3410000000003492, -120.21915115875540891, 5240.3410000000003492, -204.89252027890807994, 5240.3410000000003492, 13.941986107796735084, 5240.2989999999999782, 1, 5240.3410000000003492, -10.174336681616210853, 5240.3410000000003492, -5.9843322075977818386, 5240.3410000000003492, 73.742111973673289071, 5240.2989999999999782, 1, 5240.3410000000003492, -16.913139516704788434, 5240.3410000000003492, 16.703684864859543069, 5240.3410000000003492, 0, 5240.2989999999999782, 0, 5240.3410000000003492, 0, 5240.3410000000003492, 0
5240.350999999999658, 369.6772669276886063, 5240.3029999999998836, 0, 5240.350999999999658, -126.32965461838462318, 5240.350999999999658, -194.21544842018664667, 5240.350999999999658, 0.87036652144748027915, 5240.3029999999998836, 1, 5240.350999999999658, -0.63326545025587444027, 5240.350999999999658, -0.57314785208432705854, 5240.350999999999658, 65.470315577918185568, 5240.3029999999998836, 1, 5240.350999999999658, -24.299420869038833359, 5240.350999999999658, 12.558213413680732629, 5240.350999999999658, 0, 5240.3029999999998836, 0, 5240.350999999999658, 0, 5240.350999999999658, 0
5240.350999999999658, 312.47148276549495449, 5240.3079999999999927, 0, 5240.350999999999658, -120.28602025329814751, 5240.350999999999658, -144.15442770477721979, 5240.350999999999658, 0, 5240.3079999999999927, 1, 5240.350999999999658, 0, 5240.350999999999658, 0, 5240.350999999999658, 72.253162299384257494, 5240.3079999999999927, 1, 5240.350999999999658, -31.814966567754684235, 5240.350999999999658, 7.3105705775217302289, 5240.350999999999658, 0, 5240.3079999999999927, 0, 5240.350999999999658, 0, 5240.350999999999658, 0
5240.3559999999997672, 197.60739643127467957, 5240.3130000000001019, 0, 5240.3559999999997672, -90.639330995365028798, 5240.3559999999997672, -92.016528507149956795, 5240.3559999999997672, 0, 5240.3130000000001019, 1, 5240.3559999999997672, 0, 5240.3559999999997672, 0, 5240.3559999999997672, 76.474061464079369443, 5240.3130000000001019, 1, 5240.3559999999997672, -31.341681693176621337, 5240.3559999999997672, -2.4855997617722351833, 5240.3559999999997672, 0, 5240.3130000000001019, 0, 5240.3559999999997672, 0, 5240.3559999999997672, 0
5240.3609999999998763, 119.62911876146119994, 5240.318000000000211, 0, 5240.3609999999998763, -57.236714864736882191, 5240.3609999999998763, -29.784623735748482432, 5240.3609999999998763, 0, 5240.318000000000211, 1, 5240.3609999999998763, 0, 5240.3609999999998763, 0, 5240.3609999999998763, 69.867649386272901779, 5240.318000000000211, 1, 5240.3609999999998763, -24.473927621772695318, 5240.3609999999998763, -8.8570435696507807677, 5240.3609999999998763, 0, 5240.318000000000211, 0, 5240.3609999999998763, 0, 5240.3609999999998763, 0
5240.3659999999999854, 19.270307764012201801, 5240.3230000000003201, 0, 5240.3659999999999854, -14.24864480391151389, 5240.3659999999999854, 10.378760735473981924, 5240.3659999999999854, 0, 5240.3230000000003201, 1, 5240.3659999999999854, 0, 5240.3659999999999854, 0, 5240.3659999999999854, 65.481276608321181243, 5240.3230000000003201, 1, 5240.3659999999999854, -20.668012510073594967, 5240.3659999999999854, -18.150332759246978753, 5240.3659999999999854, 0, 5240.3230000000003201, 0, 5240.3659999999999854, 0, 5240.3659999999999854, 0
5240.3710000000000946, 6.3196375385103227273, 5240.3280000000004293, 0, 5240.3710000000000946, -4.6602822802759078513, 5240.3710000000000946, 4.4653402797131818147, 5240.3710000000000946, 0, 5240.3280000000004293, 1, 5240.3710000000000946, 0, 5240.3710000000000946, 0, 5240.3710000000000946, 57.013115554453463574, 5240.3280000000004293, 1, 5240.3710000000000946, -15.429683643112305447, 5240.3710000000000946, -22.185387493600117637, 5240.3710000000000946, 0, 5240.3280000000004293, 0, 5240.3710000000000946, 0, 5240.3710000000000946, 0
5240.3760000000002037, 0.35870764924960074627, 5240.3329999999996289, 0, 5240.3760000000002037, -0.25884758485247316706, 5240.3760000000002037, 0.24462876745575617976, 5240.3760000000002037, 0, 5240.3329999999996289, 1, 5240.3760000000002037, 0, 5240.3760000000002037, 0, 5240.3760000000002037, 35.553412535252597593, 5240.3329999999996289, 1, 5240.3760000000002037, -10.416324561952341909, 5240.3760000000002037, -18.880453665475048552, 5240.3760000000002037, 0, 5240.3329999999996289, 0, 5240.3760000000002037, 0, 5240.3760000000002037, 0
5240.386000000000422, 0, 5240.3379999999997381, 0, 5240.386000000000422, 0, 5240.386000000000422, 0, 5240.386000000000422, 0, 5240.3379999999997381, 1, 5240.386000000000422, 0, 5240.386000000000422, 0, 5240.386000000000422, 29.045195346210704201, 5240.3379999999997381, 1, 5240.386000000000422, -5.5433360361676706773, 5240.386000000000422, -16.303517314744400579, 5240.386000000000422, 65.869067531195099718, 5240.3379999999997381, 0, 5240.386000000000422, -1.0015290270595498257, 5240.386000000000422, -4.1139250604123027699
5240.386000000000422, 0, 5240.3429999999998472, 0, 5240.386000000000422, 0, 5240.386000000000422, 0, 5240.386000000000422, 0, 5240.3429999999998472, 1, 5240.386000000000422, 0, 5240.386000000000422, 0, 5240.386000000000422, 19.258474355484970886, 5240.3429999999998472, 1, 5240.386000000000422, -4.9052735166903396191, 5240.386000000000422, -10.978950475619338789, 5240.386000000000422, 13.192829895149362329, 5240.3429999999998472, 0, 5240.386000000000422, -4.8955677180261778503, 5240.386000000000422, 7.7058471195704072443
5240.3959999999997308, 0, 5240.3490000000001601, 0, 5240.3959999999997308, 0, 5240.3959999999997308, 0, 5240.3959999999997308, 0, 5240.3490000000001601, 1, 5240.3959999999997308, 0, 5240.3959999999997308, 0, 5240.3959999999997308, 26.920189943196007221, 5240.3490000000001601, 1, 5240.3959999999997308, -2.2276425784885804937, 5240.3959999999997308, -16.371355821364090843, 5240.3959999999997308, 13.84525938889539276, 5240.3490000000001601, 0, 5240.3959999999997308, -3.1761882907686858069, 5240.3959999999997308, 7.567493286775267336
5240.3959999999997308, 22.034965467905124115, 5240.3530000000000655, 0, 5240.3959999999997308, -14.21703434859061943, 5240.3959999999997308, 3.3563556525791931051, 5240.3959999999997308, 0, 5240.3530000000000655, 1, 5240.3959999999997308, 0, 5240.3959999999997308, 0, 5240.3959999999997308, 26.101512327673994207, 5240.3530000000000655, 1, 5240.3959999999997308, -4.7478908867499267643, 5240.3959999999997308, -16.122021049880252974, 5240.3959999999997308, 14.199417481490673509, 5240.3530000000000655, 0, 5240.3959999999997308, -4.6994823623558978909, 5240.3959999999997308, 8.1411974678978982212
5240.4009999999998399, 37.665175623879591171, 5240.3590000000003783, 1, 5240.4009999999998399, -24.23546279626283706, 5240.4009999999998399, 0.24968424959267210284, 5240.4009999999998399, 0, 5240.3590000000003783, 1, 5240.4009999999998399, 0, 5240.4009999999998399, 0, 5240.4009999999998399, 33.908796122109876592, 5240.3590000000003783, 1, 5240.4009999999998399, -0.67355040423725365262, 5240.4009999999998399, -20.72341632338893902, 5240.4009999999998399, 18.131601849585294417, 5240.3590000000003783, 1, 5240.4009999999998399, -0.86853699413487694958, 5240.4009999999998399, 7.9884002781059173515
5240.4059999999999491, 59.238239497425496438, 5240.3630000000002838, 1, 5240.4059999999999491, -34.230137733921694121, 5240.4059999999999491, -4.6872063909136763016, 5240.4059999999999491, 0, 5240.3630000000002838, 1, 5240.4059999999999491, 0, 5240.4059999999999491, 0, 5240.4059999999999491, 35.537224608355913347, 5240.3630000000002838, 1, 5240.4059999999999491, -2.2898898898648316624, 5240.4059999999999491, -22.021532993313190474, 5240.4059999999999491, 20.71381243340146483, 5240.3630000000002838, 1, 5240.4059999999999491, -0.29560442854180202232, 5240.4059999999999491, 8.6660884476072510552
5240.4160000000001673, 70.170516341092280754, 5240.3680000000003929, 1, 5240.4160000000001673, -33.591902658879455146, 5240.4160000000001673, -6.6400884883606252629, 5240.4160000000001673, 0, 5240.3680000000003929, 1, 5240.4160000000001673, 0, 5240.4160000000001673, 0, 5240.4160000000001673, 39.906856267335136579, 5240.3680000000003929, 1, 5240.4160000000001673, 2.0355298731910762555, 5240.4160000000001673, -24.857987416360884936, 5240.4160000000001673, 23.496846644016365246, 5240.3680000000003929, 1, 5240.4160000000001673, 3.7571704358071373875, 5240.4160000000001673, 9.2872613840777074046
5240.4210000000002765, 79.241595781894602624, 5240.3739999999997963, 1, 5240.4210000000002765, -36.573059155904040551, 5240.4210000000002765, -7.2787792880761159608, 5240.4210000000002765, 0, 5240.3739999999997963, 1, 5240.4210000000002765, 0, 5240.4210000000002765, 0, 5240.4210000000002765, 37.883375942578439322, 5240.3739999999997963, 1, 5240.4210000000002765, -2.0745101872292388556, 5240.4210000000002765, -24.031687371217337557, 5240.4210000000002765, 26.549444730402193215, 5240.3739999999997963, 1, 5240.4210000000002765, 2.0339153176500421871, 5240.4210000000002765, 10.89993961871532413
5240.4260000000003856, 84.803208518084971956, 5240.3779999999997017, 1, 5240.4260000000003856, -35.794623713220104833, 5240.4260000000003856, -7.5784288245319828548, 5240.4260000000003856, 0, 5240.3779999999997017, 1, 5240.4260000000003856, 0, 5240.4260000000003856, 0, 5240.4260000000003856, 41.143939429593743284, 5240.3779999999997017, 1, 5240.4260000000003856, 1.0519147837224818165, 5240.4260000000003856, -26.290442662768242599, 5240.4260000000003856, 30.428175425906815121, 5240.3779999999997017, 1, 5240.4260000000003856, 4.9713353137042961549, 5240.4260000000003856, 11.323669073271776853
5240.430000000000291, 91.348292726097838568, 5240.3829999999998108, 1, 5240.430000000000291, -38.115363970837613294, 5240.430000000000291, -7.5479911788288518437, 5240.430000000000291, 0, 5240.3829999999998108, 1, 5240.430000000000291, 0, 5240.430000000000291, 0, 5240.430000000000291, 38.423126806299300995, 5240.3829999999998108, 1, 5240.430000000000291, -3.2560606769380360248, 5240.430000000000291, -24.993347118011598695, 5240.430000000000291, 34.004972459741750868, 5240.3829999999998108, 1, 5240.430000000000291, 3.0167205723558621067, 5240.430000000000291, 12.742035059586315882
5240.430000000000291, 94.657335715491910832, 5240.38799999999992, 1, 5240.430000000000291, -36.148824526604542484, 5240.430000000000291, -7.3184807765377826172, 5240.430000000000291, 82.186158034172706266, 5240.38799999999992, 1, 5240.430000000000291, 7.483591914133109313, 5240.430000000000291, -24.123280759383035843, 5240.430000000000291, 41.48507731854041225, 5240.38799999999992, 1, 5240.430000000000291, -0.30700220372505260258, 5240.430000000000291, -27.170953170154135137, 5240.430000000000291, 37.982919335389745186, 5240.38799999999992, 1, 5240.430000000000291, 5.5169416498280430261, 5240.430000000000291, 13.028499040877052906
5240.4409999999998035, 87.518496221909117594, 5240.3930000000000291, 1, 5240.4409999999998035, -28.297971745382074715, 5240.4409999999998035, 2.608842319908355023, 5240.4409999999998035, 103.935513259413284, 5240.3930000000000291, 1, 5240.4409999999998035, 14.232306661587399432, 5240.4409999999998035, 44.384424430866296518, 5240.4409999999998035, 81.970612568581557866, 5240.3930000000000291, 1, 5240.4409999999998035, -5.8891930556869009905, 5240.4409999999998035, 32.927712889363931481, 5240.4409999999998035, 36.45820784373407264, 5240.3930000000000291, 1, 5240.4409999999998035, 10.811888070006391516, 5240.4409999999998035, 16.129655163962528519
5240.4409999999998035, 40.557167141551545342, 5240.3980000000001382, 1, 5240.4409999999998035, -15.32058882757087126, 5240.4409999999998035, -5.1656613733253173848, 5240.4409999999998035, 130.50821374409630948, 5240.3980000000001382, 1, 5240.4409999999998035, 24.274268682312317935, 5240.4409999999998035, 110.96200963517335936, 5240.4409999999998035, 161.73899564600236545, 5240.3980000000001382, 1, 5240.4409999999998035, -20.549173333340181813, 5240.4409999999998035, 128.69540686109252192, 5240.4409999999998035, 87.597625094580862992, 5240.3980000000001382, 1, 5240.4409999999998035, 20.963573277536383443, 5240.4409999999998035, -11.044221038466908169
5240.4459999999999127, 22.551358216446512728, 5240.4030000000002474, 1, 5240.4459999999999127, -14.531275801734523156, 5240.4459999999999127, -5.7917617313680409552, 5240.4459999999999127, 2.8410849329660918805, 5240.4030000000002474, 1, 5240.4459999999999127, -0.11231981994922327073, 5240.4459999999999127, 2.3187474276780077886, 5240.4459999999999127, 45.429313987689539545, 5240.4030000000002474, 1, 5240.4459999999999127, -0.21615307838975236776, 5240.4459999999999127, 34.794625949675946686, 5240.4459999999999127, 91.92644776431151854, 5240.4030000000002474, 1, 5240.4459999999999127, 18.776403841643002579, 5240.4459999999999127, -16.138467659847016478
5240.4549999999999272, 41.577339335094791295, 5240.4080000000003565, 1, 5240.4549999999999272, -17.853395338746043564, 5240.4549999999999272, -7.3209253817180446333, 5240.4549999999999272, 0, 5240.4080000000003565, 1, 5240.4549999999999272, 0, 5240.4549999999999272, 0, 5240.4549999999999272, 0, 5240.4080000000003565, 1, 5240.4549999999999272, 0, 5240.4549999999999272, 0, 5240.4549999999999272, 84.262603457662379469, 5240.4080000000003565, 1, 5240.4549999999999272, 20.06033425989078367, 5240.4549999999999272, -10.828810220460752589
5240.4610000000002401, 62.411332536258321113, 5240.4139999999997599, 1, 5240.4610000000002401, -17.130434904307048072, 5240.4610000000002401, -8.1939124590323899611, 5240.4610000000002401, 0, 5240.4139999999997599, 1, 5240.4610000000002401, 0, 5240.4610000000002401, 0, 5240.4610000000002401, 0, 5240.4139999999997599, 1, 5240.4610000000002401, 0, 5240.4610000000002401, 0, 5240.4610000000002401, 77.966164529648224857, 5240.4139999999997599, 1, 5240.4610000000002401, 19.275229972552939017, 5240.4610000000002401, -4.9888435849699845903
5240.4610000000002401, 74.491415945068951032, 5240.418999999999869, 1, 5240.4610000000002401, -16.676174784229651493, 5240.4610000000002401, -7.9812510565074177293, 5240.4610000000002401, 0, 5240.418999999999869, 1, 5240.4610000000002401, 0, 5240.4610000000002401, 0, 5240.4610000000002401, 0, 5240.418999999999869, 1, 5240.4610000000002401, 0, 5240.4610000000002401, 0, 5240.4610000000002401, 74.520784579732321617, 5240.418999999999869, 1, 5240.4610000000002401, 21.023277293504257557, 5240.4610000000002401, -0.49113098866639859352
5240.4709999999995489, 83.578534911762346837, 5240.4239999999999782, 1, 5240.4709999999995489, -18.685593862329266557, 5240.4709999999995489, -9.0347513149911549135, 5240.4709999999995489, 0, 5240.4239999999999782, 1, 5240.4709999999995489, 0, 5240.4709999999995489, 0, 5240.4709999999995489, 0, 5240.4239999999999782, 1, 5240.4709999999995489, 0, 5240.4709999999995489, 0, 5240.4709999999995489, 80.629993326423260669, 5240.4239999999999782, 1, 5240.4709999999995489, 17.312777252458165123, 5240.4709999999995489, 0.069805376119205675423
5240.4709999999995489, 91.6100395971947421, 5240.4279999999998836, 1, 5240.4709999999995489, -18.027653480346636172, 5240.4709999999995489, -8.3292251185139463132, 5240.4709999999995489, 0, 5240.4279999999998836, 1, 5240.4709999999995489, 0, 5240.4709999999995489, 0, 5240.4709999999995489, 0, 5240.4279999999998836, 1, 5240.4709999999995489, 0, 5240.4709999999995489, 0, 5240.4709999999995489, 77.115770840224286076, 5240.4279999999998836, 1, 5240.4709999999995489, 18.683077489489523515, 5240.4709999999995489, 4.3965615579112551359
5240.4809999999997672, 97.001312756439588725, 5240.4329999999999927, 1, 5240.4809999999997672, -18.138897525391026733, 5240.4809999999997672, -9.6871605992243701166, 5240.4809999999997672, 0, 5240.4329999999999927, 0, 5240.4809999999997672, 0, 5240.4809999999997672, 0, 5240.4809999999997672, 0, 5240.4329999999999927, 0, 5240.4809999999997672, 0, 5240.4809999999997672, 0, 5240.4809999999997672, 83.31947400122882641, 5240.4329999999999927, 1, 5240.4809999999997672, 14.285743734869722488, 5240.4809999999997672, 3.6777373666425390297
5240.4809999999997672, 100.97056917880740912, 5240.4390000000003056, 1, 5240.4809999999997672, -16.542482345383273667, 5240.4809999999997672, -8.8045606248182224363, 5240.4809999999997672, 0, 5240.4390000000003056, 0, 5240.4809999999997672, 0, 5240.4809999999997672, 0, 5240.4809999999997672, 0, 5240.4390000000003056, 0, 5240.4809999999997672, 0, 5240.4809999999997672, 0, 5240.4809999999997672, 79.907000545539759173, 5240.4390000000003056, 1, 5240.4809999999997672, 15.816889954772392457, 5240.4809999999997672, 7.4704172491167710746
5240.4859999999998763, 104.3292353926925955, 5240.443000000000211, 1, 5240.4859999999998763, -17.920935573899217985, 5240.4859999999998763, -9.2487959079516102179, 5240.4859999999998763, 0, 5240.443000000000211, 0, 5240.4859999999998763, 0, 5240.4859999999998763, 0, 5240.4859999999998763, 0, 5240.443000000000211, 0, 5240.4859999999998763, 0, 5240.4859999999998763, 0, 5240.4859999999998763, 85.61387406718138493, 5240.443000000000211, 1, 5240.4859999999998763, 11.481846819161539486, 5240.4859999999998763, 7.40065487807375888
5240.4909999999999854, 106.44199531002703907, 5240.4480000000003201, 1, 5240.4909999999999854, -15.700273563478040373, 5240.4909999999999854, -8.2524681146353628947, 5240.4909999999999854, 0, 5240.4480000000003201, 0, 5240.4909999999999854, 0, 5240.4909999999999854, 0, 5240.4909999999999854, 0, 5240.4480000000003201, 0, 5240.4909999999999854, 0, 5240.4909999999999854, 0, 5240.4909999999999854, 81.928408198292700604, 5240.4480000000003201, 1, 5240.4909999999999854, 13.209360413716554561, 5240.4909999999999854, 10.975352633226499677
5240.5010000000002037, 107.84506340094068833, 5240.4530000000004293, 1, 5240.5010000000002037, -16.726325735916240944, 5240.5010000000002037, -8.7007104597047444372, 5240.5010000000002037, 0, 5240.4530000000004293, 0, 5240.5010000000002037, 0, 5240.5010000000002037, 0, 5240.5010000000002037, 0, 5240.4530000000004293, 0, 5240.5010000000002037, 0, 5240.5010000000002037, 0, 5240.5010000000002037, 88.406151657573076363, 5240.4530000000004293, 1, 5240.5010000000002037, 9.1198296444341000466, 5240.5010000000002037, 10.285101524930844619
5240.5010000000002037, 109.24250770558782619, 5240.4579999999996289, 1, 5240.5010000000002037, -14.16713150547458433, 5240.5010000000002037, -7.637945635881365547, 5240.5010000000002037, 0, 5240.4579999999996289, 0, 5240.5010000000002037, 0, 5240.5010000000002037, 0, 5240.5010000000002037, 0, 5240.4579999999996289, 0, 5240.5010000000002037, 0, 5240.5010000000002037, 0, 5240.5010000000002037, 84.090130452671928651, 5240.4579999999996289, 1, 5240.5010000000002037, 11.018402394988541459, 5240.5010000000002037, 13.871310990817150355
5240.5060000000003129, 110.33063856188933016, 5240.4639999999999418, 1, 5240.5060000000003129, -15.277389322965341023, 5240.5060000000003129, -7.8787013131202385807, 5240.5060000000003129, 0, 5240.4639999999999418, 0, 5240.5060000000003129, 0, 5240.5060000000003129, 0, 5240.5060000000003129, 0, 5240.4639999999999418, 0, 5240.5060000000003129, 0, 5240.5060000000003129, 0, 5240.5060000000003129, 89.387473867103395264, 5240.4639999999999418, 1, 5240.5060000000003129, 6.8606182004920066575, 5240.5060000000003129, 13.513850936156337923
5240.511000000000422, 109.97123008358866514, 5240.4679999999998472, 1, 5240.511000000000422, -12.284422123811431504, 5240.511000000000422, -7.0675437803380773971, 5240.511000000000422, 0, 5240.4679999999998472, 0, 5240.511000000000422, 0, 5240.511000000000422, 0, 5240.511000000000422, 0, 5240.4679999999998472, 0, 5240.511000000000422, 0, 5240.511000000000422, 0, 5240.511000000000422, 87.217930609806444409, 5240.4679999999998472, 1, 5240.511000000000422, 9.2536356923850480172, 5240.511000000000422, 15.971567760925523771
5240.5150000000003274, 109.79871398017183992, 5240.4729999999999563, 1, 5240.5150000000003274, -14.973473643134532551, 5240.5150000000003274, 6.213343793801321624, 5240.5150000000003274, 0, 5240.4729999999999563, 0, 5240.5150000000003274, 0, 5240.5150000000003274, 0, 5240.5150000000003274, 0, 5240.4729999999999563, 0, 5240.5150000000003274, 0, 5240.5150000000003274, 0, 5240.5150000000003274, 91.035157092991099148, 5240.4729999999999563, 1, 5240.5150000000003274, 5.810541953885418387, 5240.5150000000003274, 26.604528613995569231
5240.5259999999998399, 109.87893940356815392, 5240.4780000000000655, 1, 5240.5259999999998399, -11.283589843961935983, 5240.5259999999998399, -1.8353956906447947972, 5240.5259999999998399, 0, 5240.4780000000000655, 0, 5240.5259999999998399, 0, 5240.5259999999998399, 0, 5240.5259999999998399, 0, 5240.4780000000000655, 0, 5240.5259999999998399, 0, 5240.5259999999998399, 0, 5240.5259999999998399, 90.3259117748840481, 5240.4780000000000655, 1, 5240.5259999999998399, 8.6127889154664547533, 5240.5259999999998399, 20.019342743661766804
5240.5259999999998399, 109.37728709970926388, 5240.4830000000001746, 1, 5240.5259999999998399, -12.149470996360514974, 5240.5259999999998399, -2.3644099895203609663, 5240.5259999999998399, 0, 5240.4830000000001746, 0, 5240.5259999999998399, 0, 5240.5259999999998399, 0, 5240.5259999999998399, 0, 5240.4830000000001746, 0, 5240.5259999999998399, 0, 5240.5259999999998399, 0, 5240.5259999999998399, 96.868203264518058404, 5240.4830000000001746, 1, 5240.5259999999998399, 5.1308391811406748317, 5240.5259999999998399, 18.865856196339088058
5240.5309999999999491, 108.52032886812384049, 5240.4880000000002838, 1, 5240.5309999999999491, -8.8492102740184890308, 5240.5309999999999491, -1.825012172239382835, 5240.5309999999999491, 0, 5240.4880000000002838, 0, 5240.5309999999999491, 0, 5240.5309999999999491, 0, 5240.5309999999999491, 0, 5240.4880000000002838, 0, 5240.5309999999999491, 0, 5240.5309999999999491, 0, 5240.5309999999999491, 95.100203276680332465, 5240.4880000000002838, 1, 5240.5309999999999491, 7.9824920226310087656, 5240.5309999999999491, 20.707736947228220004
5240.5370000000002619, 108.08815785505098006, 5240.4939999999996871, 1, 5240.5370000000002619, -9.7992140083227035063, 5240.5370000000002619, -2.4657567623201259721, 5240.5370000000002619, 0, 5240.4939999999996871, 0, 5240.5370000000002619, 0, 5240.5370000000002619, 0, 5240.5370000000002619, 0, 5240.4939999999996871, 0, 5240.5370000000002619, 0, 5240.5370000000002619, 0, 5240.5370000000002619, 101.5462508659216212, 5240.4939999999996871, 1, 5240.5370000000002619, 4.4136516803536025577, 5240.5370000000002619, 19.368217991303815495
5240.5410000000001673, 107.96594187949632726, 5240.4989999999997963, 1, 5240.5410000000001673, -6.591360831543330967, 5240.5410000000001673, -1.801668033995724727, 5240.5410000000001673, 0, 5240.4989999999997963, 0, 5240.5410000000001673, 0, 5240.5410000000001673, 0, 5240.5410000000001673, 0, 5240.4989999999997963, 0, 5240.5410000000001673, 0, 5240.5410000000001673, 0, 5240.5410000000001673, 97.934210964247427, 5240.4989999999997963, 1, 5240.5410000000001673, 7.1532706553395168925, 5240.5410000000001673, 21.739009351983412444
5240.5460000000002765, 106.68899196802013307, 5240.5029999999997017, 1, 5240.5460000000002765, -7.5773043661935517434, 5240.5460000000002765, -2.5481423686799473671, 5240.5460000000002765, 0, 5240.5029999999997017, 0, 5240.5460000000002765, 0, 5240.5460000000002765, 0, 5240.5460000000002765, 0, 5240.5029999999997017, 0, 5240.5460000000002765, 0, 5240.5460000000002765, 0, 5240.5460000000002765, 104.86412195195481445, 5240.5029999999997017, 1, 5240.5460000000002765, 3.9018103469530074356, 5240.5460000000002765, 20.0436163602443429
5240.5510000000003856, 106.08084683155381356, 5240.5079999999998108, 1, 5240.5510000000003856, -4.2671841417295910404, 5240.5510000000003856, -2.2488380124021674078, 5240.5510000000003856, 0, 5240.5079999999998108, 0, 5240.5510000000003856, 0, 5240.5510000000003856, 0, 5240.5510000000003856, 0, 5240.5079999999998108, 0, 5240.5510000000003856, 0, 5240.5510000000003856, 0, 5240.5510000000003856, 103.27510450542325771, 5240.5079999999998108, 1, 5240.5510000000003856, 6.8535238839403573863, 5240.5510000000003856, 21.466220341354961931
5240.5559999999995853, 104.27845597245226372, 5240.51299999999992, 1, 5240.5559999999995853, -5.8747556631220785306, 5240.5559999999995853, 11.926385187238956576, 5240.5559999999995853, 0, 5240.51299999999992, 0, 5240.5559999999995853, 0, 5240.5559999999995853, 0, 5240.5559999999995853, 0, 5240.51299999999992, 0, 5240.5559999999995853, 0, 5240.5559999999995853, 0, 5240.5559999999995853, 104.76632504998549678, 5240.51299999999992, 1, 5240.5559999999995853, 3.3051745877659266526, 5240.5559999999995853, 37.054940160389243431
5240.556999999999789, 103.29541216216605903, 5240.5180000000000291, 1, 5240.556999999999789, -2.4020234587059632325, 5240.556999999999789, 12.104267321663783719, 5240.556999999999789, 0, 5240.5180000000000291, 0, 5240.556999999999789, 0, 5240.556999999999789, 0, 5240.556999999999789, 0, 5240.5180000000000291, 0, 5240.556999999999789, 0, 5240.556999999999789, 0, 5240.556999999999789, 102.33998188123516115, 5240.5180000000000291, 1, 5240.556999999999789, 6.4192421883609833699, 5240.556999999999789, 38.184790198137989137
5240.5659999999998035, 103.88421833410770034, 5240.5230000000001382, 1, 5240.5659999999998035, -4.8768245364189608537, 5240.5659999999998035, 1.7458136124793455224, 5240.5659999999998035, 0, 5240.5230000000001382, 0, 5240.5659999999998035, 0, 5240.5659999999998035, 0, 5240.5659999999998035, 0, 5240.5230000000001382, 0, 5240.5659999999998035, 0, 5240.5659999999998035, 0, 5240.5659999999998035, 112.30189113635100284, 5240.5230000000001382, 1, 5240.5659999999998035, 4.1345846933871523987, 5240.5659999999998035, 23.219282651684103769
5240.5709999999999127, 104.17579022528101973, 5240.5280000000002474, 1, 5240.5709999999999127, -1.1770450369953486813, 5240.5709999999999127, 2.1824858530131976408, 5240.5709999999999127, 0, 5240.5280000000002474, 0, 5240.5709999999999127, 0, 5240.5709999999999127, 0, 5240.5709999999999127, 0, 5240.5280000000002474, 0, 5240.5709999999999127, 0, 5240.5709999999999127, 0, 5240.5709999999999127, 108.11641671511736718, 5240.5280000000002474, 1, 5240.5709999999999127, 7.3060416157214946864, 5240.5709999999999127, 25.233837714794049134
5240.5760000000000218, 102.67640714132917878, 5240.5339999999996508, 1, 5240.5760000000000218, -1.5733854676464256173, 5240.5760000000000218, 1.4736635462514726669, 5240.5760000000000218, 0, 5240.5339999999996508, 0, 5240.5760000000000218, 0, 5240.5760000000000218, 0, 5240.5760000000000218, 0, 5240.5339999999996508, 0, 5240.5760000000000218, 0, 5240.5760000000000218, 0, 5240.5760000000000218, 114.04105038663008997, 5240.5339999999996508, 1, 5240.5760000000000218, 3.2544113399869059045, 5240.5760000000000218, 23.397351484726122806
5240.581000000000131, 102.1599256143446155, 5240.5379999999995562, 1, 5240.581000000000131, -0.66348594469992638878, 5240.581000000000131, 1.0992104480250688425, 5240.581000000000131, 0, 5240.5379999999995562, 0, 5240.581000000000131, 0, 5240.581000000000131, 0, 5240.581000000000131, 0, 5240.5379999999995562, 0, 5240.581000000000131, 0, 5240.581000000000131, 0, 5240.581000000000131, 111.64513841466985866, 5240.5379999999995562, 1, 5240.581000000000131, 7.8519378414651557208, 5240.581000000000131, 24.597950105327711867
5240.5860000000002401, 100.85922335988334453, 5240.5429999999996653, 1, 5240.5860000000002401, -3.2950753711208995433, 5240.5860000000002401, 0.66169633388103221705, 5240.5860000000002401, 0, 5240.5429999999996653, 0, 5240.5860000000002401, 0, 5240.5860000000002401, 0, 5240.5860000000002401, 0, 5240.5429999999996653, 0, 5240.5860000000002401, 0, 5240.5860000000002401, 0, 5240.5860000000002401, 115.36452503940421366, 5240.5429999999996653, 1, 5240.5860000000002401, 1.6216328298340600966, 5240.5860000000002401, 23.37754637148553627
5240.5910000000003492, 102.36058285515906618, 5240.5479999999997744, 1, 5240.5910000000003492, 4.2355790742451500108, 5240.5910000000003492, 0.4929989719184391106, 5240.5910000000003492, 0, 5240.5479999999997744, 0, 5240.5910000000003492, 0, 5240.5910000000003492, 0, 5240.5910000000003492, 0, 5240.5479999999997744, 0, 5240.5910000000003492, 0, 5240.5910000000003492, 0, 5240.5910000000003492, 112.37649087967017181, 5240.5479999999997744, 1, 5240.5910000000003492, 8.5218193798032828568, 5240.5910000000003492, 24.600281037725736155
5240.600999999999658, 98.972059912810195215, 5240.5529999999998836, 1, 5240.600999999999658, -2.9149932290570945703, 5240.600999999999658, -0.1687330361172101334, 5240.600999999999658, 0, 5240.5529999999998836, 0, 5240.600999999999658, 0, 5240.600999999999658, 0, 5240.600999999999658, 0, 5240.5529999999998836, 0, 5240.600999999999658, 0, 5240.600999999999658, 0, 5240.600999999999658, 117.26349782816646439, 5240.5529999999998836, 1, 5240.600999999999658, 0.22739737741764243228, 5240.600999999999658, 22.804670977132452947
5240.600999999999658, 102.04485036094669681, 5240.5579999999999927, 1, 5240.600999999999658, 5.8400970860335590373, 5240.600999999999658, -0.48008920505689189895, 5240.600999999999658, 0, 5240.5579999999999927, 0, 5240.600999999999658, 0, 5240.600999999999658, 0, 5240.600999999999658, 0, 5240.5579999999999927, 0, 5240.600999999999658, 0, 5240.600999999999658, 0, 5240.600999999999658, 114.0714417027422769, 5240.5579999999999927, 1, 5240.600999999999658, 8.5125041308302478171, 5240.600999999999658, 23.971846124213314511
5240.6059999999997672, 97.79130376106741096, 5240.5630000000001019, 1, 5240.6059999999997672, -0.67845087952920812846, 5240.6059999999997672, 15.785891372769526697, 5240.6059999999997672, 0, 5240.5630000000001019, 0, 5240.6059999999997672, 0, 5240.6059999999997672, 0, 5240.6059999999997672, 0, 5240.5630000000001019, 0, 5240.6059999999997672, 0, 5240.6059999999997672, 0, 5240.6059999999997672, 111.38731568651573411, 5240.5630000000001019, 1, 5240.6059999999997672, -1.3665421052980457617, 5240.6059999999997672, 46.351930583689203047
5240.6159999999999854, 99.0260643339643849, 5240.568000000000211, 1, 5240.6159999999999854, 6.3210744753507261962, 5240.6159999999999854, 15.719709894889732027, 5240.6159999999999854, 0, 5240.568000000000211, 0, 5240.6159999999999854, 0, 5240.6159999999999854, 0, 5240.6159999999999854, 0, 5240.568000000000211, 0, 5240.6159999999999854, 0, 5240.6159999999999854, 0, 5240.6159999999999854, 108.21290456052892637, 5240.568000000000211, 1, 5240.6159999999999854, 5.4896887613391855965, 5240.6159999999999854, 46.576363651948433642
5240.6159999999999854, 97.37148322305495185, 5240.5730000000003201, 1, 5240.6159999999999854, 1.9192865185978404963, 5240.6159999999999854, 14.34256800647036556, 5240.6159999999999854, 0, 5240.5730000000003201, 0, 5240.6159999999999854, 0, 5240.6159999999999854, 0, 5240.6159999999999854, 0, 5240.5730000000003201, 0, 5240.6159999999999854, 0, 5240.6159999999999854, 0, 5240.6159999999999854, 113.09006063059149483, 5240.5730000000003201, 1, 5240.6159999999999854, 0.1339407360012993542, 5240.6159999999999854, 45.506123665196000161
5240.6210000000000946, 97.954993266529868379, 5240.5789999999997235, 1, 5240.6210000000000946, 5.8491973546238149595, 5240.6210000000000946, 13.864914448219813892, 5240.6210000000000946, 0, 5240.5789999999997235, 0, 5240.6210000000000946, 0, 5240.6210000000000946, 0, 5240.6210000000000946, 0, 5240.5789999999997235, 0, 5240.6210000000000946, 0, 5240.6210000000000946, 0, 5240.6210000000000946, 111.89416291095281508, 5240.5789999999997235, 1, 5240.6210000000000946, 3.9854617605529196744, 5240.6210000000000946, 45.260639630501493968
5240.6260000000002037, 96.888184617903704066, 5240.5829999999996289, 1, 5240.6260000000002037, 4.1988739275941222573, 5240.6260000000002037, 12.478556072591281634, 5240.6260000000002037, 0, 5240.5829999999996289, 0, 5240.6260000000002037, 0, 5240.6260000000002037, 0, 5240.6260000000002037, 0, 5240.5829999999996289, 0, 5240.6260000000002037, 0, 5240.6260000000002037, 0, 5240.6260000000002037, 115.51886810091832558, 5240.5829999999996289, 1, 5240.6260000000002037, 1.7259451678657384832, 5240.6260000000002037, 44.111706315465333716
5240.636000000000422, 96.719203729662751812, 5240.5879999999997381, 1, 5240.636000000000422, 5.7033381570840120389, 5240.636000000000422, 11.455768569062129814, 5240.636000000000422, 0, 5240.5879999999997381, 0, 5240.636000000000422, 0, 5240.636000000000422, 0, 5240.636000000000422, 0, 5240.5879999999997381, 0, 5240.636000000000422, 0, 5240.636000000000422, 0, 5240.636000000000422, 117.12634012787609095, 5240.5879999999997381, 1, 5240.636000000000422, 3.4653731334531499009, 5240.636000000000422, 43.161533109693415611
5240.636000000000422, 96.172552228126633622, 5240.5929999999998472, 1, 5240.636000000000422, 6.0542527968186652387, 5240.636000000000422, 10.28723143087660219, 5240.636000000000422, 0, 5240.5929999999998472, 0, 5240.636000000000422, 0, 5240.636000000000422, 0, 5240.636000000000422, 0, 5240.5929999999998472, 0, 5240.636000000000422, 0, 5240.636000000000422, 0, 5240.636000000000422, 117.56133571881643718, 5240.5929999999998472, 1, 5240.636000000000422, 2.7299390775824137201, 5240.636000000000422, 42.145183393987885268
5240.6409999999996217, 95.09066234939572837, 5240.5979999999999563, 1, 5240.6409999999996217, 6.5872748539334207152, 5240.6409999999996217, 14.476763280132097123, 5240.6409999999996217, 0, 5240.5979999999999563, 0, 5240.6409999999996217, 0, 5240.6409999999996217, 0, 5240.6409999999996217, 0, 5240.5979999999999563, 0, 5240.6409999999996217, 0, 5240.6409999999996217, 0, 5240.6409999999996217, 116.40923424617039927, 5240.5979999999999563, 1, 5240.6409999999996217, 3.141976827035554809, 5240.6409999999996217, 47.880280974526982618
5240.6459999999997308, 94.458641630820238788, 5240.6030000000000655, 1, 5240.6459999999997308, 6.9659672161871544205, 5240.6459999999997308, 12.864349074842195364, 5240.6459999999997308, 0, 5240.6030000000000655, 0, 5240.6459999999997308, 0, 5240.6459999999997308, 0, 5240.6459999999997308, 0, 5240.6030000000000655, 0, 5240.6459999999997308, 0, 5240.6459999999997308, 0, 5240.6459999999997308, 118.26387442445266629, 5240.6030000000000655, 1, 5240.6459999999997308, 3.2230719838041359537, 5240.6459999999997308, 46.493542318704406568
5240.6509999999998399, 94.02555353938208782, 5240.6080000000001746, 1, 5240.6509999999998399, 7.4331369904672532911, 5240.6509999999998399, 11.279962194491865546, 5240.6509999999998399, 0, 5240.6080000000001746, 0, 5240.6509999999998399, 0, 5240.6509999999998399, 0, 5240.6509999999998399, 0, 5240.6080000000001746, 0, 5240.6509999999998399, 0, 5240.6509999999998399, 0, 5240.6509999999998399, 119.3042279581957672, 5240.6080000000001746, 1, 5240.6509999999998399, 3.336598290971294567, 5240.6509999999998399, 45.0320311196414238
5240.6559999999999491, 93.000340517870483836, 5240.6130000000002838, 1, 5240.6559999999999491, 7.4885687230716531104, 5240.6559999999999491, 9.889297244507147866, 5240.6559999999999491, 0, 5240.6130000000002838, 0, 5240.6559999999999491, 0, 5240.6559999999999491, 0, 5240.6559999999999491, 0, 5240.6130000000002838, 0, 5240.6559999999999491, 0, 5240.6559999999999491, 0, 5240.6559999999999491, 119.88046397463318726, 5240.6130000000002838, 1, 5240.6559999999999491, 2.9198587416398842365, 5240.6559999999999491, 43.652313664804893278
5240.6610000000000582, 93.597600088308226418, 5240.6180000000003929, 1, 5240.6610000000000582, 7.9460004298284632185, 5240.6610000000000582, 8.7663384459100512913, 5240.6610000000000582, 0, 5240.6180000000003929, 0, 5240.6610000000000582, 0, 5240.6610000000000582, 0, 5240.6610000000000582, 0, 5240.6180000000003929, 0, 5240.6610000000000582, 0, 5240.6610000000000582, 0, 5240.6610000000000582, 119.72521054669856255, 5240.6180000000003929, 1, 5240.6610000000000582, 3.2782678759952115222, 5240.6610000000000582, 42.238593483012074614
5240.6710000000002765, 94.5244346937521982, 5240.6229999999995925, 1, 5240.6710000000002765, 4.8194528407515990764, 5240.6710000000002765, 3.2551987215043496349, 5240.6710000000002765, 0, 5240.6229999999995925, 0, 5240.6710000000002765, 0, 5240.6710000000002765, 0, 5240.6710000000002765, 0, 5240.6229999999995925, 0, 5240.6710000000002765, 0, 5240.6710000000002765, 0, 5240.6710000000002765, 123.4683938265093559, 5240.6229999999995925, 1, 5240.6710000000002765, 6.9374456319421522466, 5240.6710000000002765, 25.708145717648157813
5240.6760000000003856, 93.255694198498588321, 5240.6279999999997017, 1, 5240.6760000000003856, 7.8546379955234471026, 5240.6760000000003856, 10.887599932258943625, 5240.6760000000003856, 0, 5240.6279999999997017, 0, 5240.6760000000003856, 0, 5240.6760000000003856, 0, 5240.6760000000003856, 0, 5240.6279999999997017, 0, 5240.6760000000003856, 0, 5240.6760000000003856, 0, 5240.6760000000003856, 114.17100011917938218, 5240.6279999999997017, 1, 5240.6760000000003856, 2.370883959104439942, 5240.6760000000003856, 45.592815249904695918
5240.6760000000003856, 95.536101624192411919, 5240.6329999999998108, 1, 5240.6760000000003856, 7.1119815284482443829, 5240.6760000000003856, 10.16037745607523135, 5240.6760000000003856, 0, 5240.6329999999998108, 0, 5240.6760000000003856, 0, 5240.6760000000003856, 0, 5240.6760000000003856, 350.86114537213336462, 5240.6329999999998108, 0, 5240.6760000000003856, -33.55525029220120814, 5240.6760000000003856, -94.03272563123343275, 5240.6760000000003856, 114.30407040637791738, 5240.6329999999998108, 1, 5240.6760000000003856, -0.58090692012840394742, 5240.6760000000003856, 43.904086523498008887
5240.6809999999995853, 87.22461460856501958, 5240.63799999999992, 1, 5240.6809999999995853, -6.6966576099669605782, 5240.6809999999995853, 22.121352350751479321, 5240.6809999999995853, 248.76973953783439697, 5240.63799999999992, 0, 5240.6809999999995853, 17.457610503019246551, 5240.6809999999995853, -19.680134418815029562, 5240.6809999999995853, 280.11522356205887263, 5240.63799999999992, 0, 5240.6809999999995853, -68.445421666386252468, 5240.6809999999995853, -49.303010699222781454, 5240.6809999999995853, 42.198858709747554485, 5240.63799999999992, 1, 5240.6809999999995853, -21.148218440768957294, 5240.6809999999995853, 31.501590495088699129
5240.6859999999996944, 45.74922146884449603, 5240.6430000000000291, 1, 5240.6859999999996944, 13.657702118584248652, 5240.6859999999996944, 20.897856716739752869, 5240.6859999999996944, 221.73536195903537305, 5240.6430000000000291, 0, 5240.6859999999996944, 40.166742324827922062, 5240.6859999999996944, -27.536670510350148788, 5240.6859999999996944, 149.51313191414979542, 5240.6430000000000291, 0, 5240.6859999999996944, -35.098937580241397427, 5240.6859999999996944, -2.7290035633891989164, 5240.6859999999996944, 7.2639932534369222594, 5240.6430000000000291, 1, 5240.6859999999996944, -5.0507282522396277358, 5240.6859999999996944, 6.3998704134325947734
5240.6970000000001164, 11.964156376917843616, 5240.6480000000001382, 1, 5240.6970000000001164, 8.3731735375206994831, 5240.6970000000001164, 7.9896265604725815734, 5240.6970000000001164, 96.262618770901056564, 5240.6480000000001382, 0, 5240.6970000000001164, 14.013463608210154021, 5240.6970000000001164, 23.673588257412504277, 5240.6970000000001164, 82.231975212437305345, 5240.6480000000001382, 0, 5240.6970000000001164, -20.180838131365042898, 5240.6970000000001164, 33.462610997867990648, 5240.6970000000001164, 18.154897041430238858, 5240.6480000000001382, 1, 5240.6970000000001164, -8.1288845461625633959, 5240.6970000000001164, 15.052485527665094622
5240.6999999999998181, 6.5767116043838882433, 5240.6530000000002474, 1, 5240.6999999999998181, 4.54994942406492342, 5240.6999999999998181, 4.2854087570321013345, 5240.6999999999998181, 53.895080698815561959, 5240.6530000000002474, 0, 5240.6999999999998181, 7.6891079472715926357, 5240.6999999999998181, 18.585936816802700378, 5240.6999999999998181, 75.163529675076730996, 5240.6530000000002474, 0, 5240.6999999999998181, -12.077635871328253003, 5240.6999999999998181, 18.374154851872855687, 5240.6999999999998181, 30.900897001683084397, 5240.6530000000002474, 1, 5240.6999999999998181, 0.39698150352426098131, 5240.6999999999998181, 23.617118361186296482
5240.706000000000131, 5.709018326371490204, 5240.6580000000003565, 1, 5240.706000000000131, 3.8778855395145024332, 5240.706000000000131, 3.3581392891780330601, 5240.706000000000131, 28.017208527008534702, 5240.6580000000003565, 0, 5240.706000000000131, 2.0164965980927584965, 5240.706000000000131, 12.463068738607759656, 5240.706000000000131, 57.53317111275900686, 5240.6580000000003565, 0, 5240.706000000000131, -5.5368258879721352628, 5240.706000000000131, 10.49180437798727894, 5240.706000000000131, 43.143760820359901231, 5240.6580000000003565, 1, 5240.706000000000131, 4.3611881516279016324, 5240.706000000000131, 21.605888950330545129
5240.706000000000131, 8.7769440532256801646, 5240.6629999999995562, 1, 5240.706000000000131, 5.7623041715194842638, 5240.706000000000131, 3.0533440275595045144, 5240.706000000000131, 17.031568696047816758, 5240.6629999999995562, 0, 5240.706000000000131, -1.0633691715327375782, 5240.706000000000131, 7.0793841365594722959, 5240.706000000000131, 41.622563543134184272, 5240.6629999999995562, 0, 5240.706000000000131, -1.0919105357697418412, 5240.706000000000131, 6.5980146202384855059, 5240.706000000000131, 47.946788426347850987, 5240.6629999999995562, 1, 5240.706000000000131, 6.0133301540688162135, 5240.706000000000131, 20.950225844682485388
5240.7160000000003492, 13.182905500786919362, 5240.6679999999996653, 1, 5240.7160000000003492, 8.0095836992368028007, 5240.7160000000003492, 3.3553491084452859994, 5240.7160000000003492, 18.05535246517010961, 5240.6679999999996653, 0, 5240.7160000000003492, -2.2979819580594700312, 5240.7160000000003492, 2.3704233195861341699, 5240.7160000000003492, 33.631484842057517426, 5240.6679999999996653, 0, 5240.7160000000003492, 0.43133507858402730939, 5240.7160000000003492, 4.5390141902692455744, 5240.7160000000003492, 51.398508306707583415, 5240.6679999999996653, 1, 5240.7160000000003492, 7.4574816375472083863, 5240.7160000000003492, 17.432876049120981321
5240.7209999999995489, 17.534994128860304841, 5240.6729999999997744, 1, 5240.7209999999995489, 9.4888211685970009768, 5240.7209999999995489, 3.7837664553680623314, 5240.7209999999995489, 23.841969675481454516, 5240.6729999999997744, 0, 5240.7209999999995489, -2.7296664994802668502, 5240.7209999999995489, -1.8251799277646298947, 5240.7209999999995489, 29.6122922421848358, 5240.6729999999997744, 0, 5240.7209999999995489, 0.58996105003881782469, 5240.7209999999995489, 3.8020829986495972008, 5240.7209999999995489, 52.71889040323550546, 5240.6729999999997744, 1, 5240.7209999999995489, 7.0386010950455144553, 5240.7209999999995489, 17.320999218856684365
5240.7209999999995489, 26.332507149984479611, 5240.6779999999998836, 1, 5240.7209999999995489, 6.868017731727212194, 5240.7209999999995489, 4.4103825245659873389, 5240.7209999999995489, 28.847331256888871565, 5240.6779999999998836, 0, 5240.7209999999995489, -2.6698271638877719703, 5240.7209999999995489, -6.1885582002081722663, 5240.7209999999995489, 26.041944209183167658, 5240.6779999999998836, 0, 5240.7209999999995489, 1.0940805239661592907, 5240.7209999999995489, 2.4674477888247459134, 5240.7209999999995489, 54.447981914393565717, 5240.6779999999998836, 1, 5240.7209999999995489, 7.0795383138546696955, 5240.7209999999995489, 17.054930251803419594
5240.7319999999999709, 34.839851163195554307, 5240.6829999999999927, 1, 5240.7319999999999709, 4.9594118201012902247, 5240.7319999999999709, 4.7722908549001825662, 5240.7319999999999709, 34.591313584190629626, 5240.6829999999999927, 1, 5240.7319999999999709, -1.7725941386938042221, 5240.7319999999999709, -9.6598149891604805362, 5240.7319999999999709, 25.233848091831191596, 5240.6829999999999927, 1, 5240.7319999999999709, 1.3779982976320770405, 5240.7319999999999709, 1.2662766375741831837, 5240.7319999999999709, 54.989507159004965331, 5240.6829999999999927, 1, 5240.7319999999999709, 7.1571241668907319422, 5240.7319999999999709, 16.706312631908289745
5240.7319999999999709, 40.683648416736872377, 5240.6880000000001019, 1, 5240.7319999999999709, 3.6609707761799192838, 5240.7319999999999709, 4.7806093367078847933, 5240.7319999999999709, 39.789456788274705445, 5240.6880000000001019, 1, 5240.7319999999999709, -0.8517664217617270106, 5240.7319999999999709, -12.397339978239115155, 5240.7319999999999709, 25.460515064629614557, 5240.6880000000001019, 1, 5240.7319999999999709, 1.3478728898903922229, 5240.7319999999999709, 0.23544649179560295238, 5240.7319999999999709, 54.266963599520444461, 5240.6880000000001019, 1, 5240.7319999999999709, 6.8599804595007185526, 5240.7319999999999709, 16.248721020467279175
5240.7359999999998763, 46.79777409906520802, 5240.693000000000211, 1, 5240.7359999999998763, 2.2169198062063832921, 5240.7359999999998763, 4.6491297226103291962, 5240.7359999999998763, 44.140432426188660031, 5240.693000000000211, 1, 5240.7359999999998763, 0.010769659930907870757, 5240.7359999999998763, -15.318688336888902413, 5240.7359999999998763, 26.157017744224795308, 5240.693000000000211, 1, 5240.7359999999998763, 1.2534607845532157455, 5240.7359999999998763, -1.4483321928649548482, 5240.7359999999998763, 55.12908393842112531, 5240.693000000000211, 1, 5240.7359999999998763, 6.8357330737191777104, 5240.7359999999998763, 15.685908644725653716
5240.7409999999999854, 50.562643218257925071, 5240.6980000000003201, 1, 5240.7409999999999854, 1.37678444223946439, 5240.7409999999999854, 4.3786323426763900102, 5240.7409999999999854, 47.548584370411276723, 5240.6980000000003201, 1, 5240.7409999999999854, 0.71165500359689337628, 5240.7409999999999854, -17.437572331153365468, 5240.7409999999999854, 26.082834981097079208, 5240.6980000000003201, 1, 5240.7409999999999854, 1.1811299134516721754, 5240.7409999999999854, -2.3794070126514430541, 5240.7409999999999854, 53.644588620302016579, 5240.6980000000003201, 1, 5240.7409999999999854, 6.307023495845582417, 5240.7409999999999854, 15.171565323092192301
5240.7460000000000946, 53.687965668154767229, 5240.7030000000004293, 1, 5240.7460000000000946, 0.64770685715430298401, 5240.7460000000000946, 3.9875636078339837809, 5240.7460000000000946, 50.609901928528017834, 5240.7030000000004293, 1, 5240.7460000000000946, 1.3894999094263273953, 5240.7460000000000946, -19.419473210749337966, 5240.7460000000000946, 26.720478204124617605, 5240.7030000000004293, 1, 5240.7460000000000946, 0.99210380627918570706, 5240.7460000000000946, -3.5352752897114658737, 5240.7460000000000946, 52.833985989885654533, 5240.7030000000004293, 1, 5240.7460000000000946, 5.9040521405949988321, 5240.7460000000000946, 14.57839426288103013
5240.7560000000003129, 54.320696701309628907, 5240.7079999999996289, 1, 5240.7560000000003129, 1.8149499747516602, 5240.7560000000003129, 11.109387475803755407, 5240.7560000000003129, 54.946880783858205177, 5240.7079999999996289, 1, 5240.7560000000003129, 1.8762863379066552216, 5240.7560000000003129, -14.136954807600162098, 5240.7560000000003129, 27.386754770271579673, 5240.7079999999996289, 1, 5240.7560000000003129, 0.80339735778794496568, 5240.7560000000003129, -0.57879180894495263487, 5240.7560000000003129, 47.499256815434002021, 5240.7079999999996289, 1, 5240.7560000000003129, 4.053944416636231729, 5240.7560000000003129, 23.991923269145132736
5240.761000000000422, 49.293690715087869592, 5240.7129999999997381, 1, 5240.761000000000422, 2.7740244149676556162, 5240.761000000000422, 4.5530802609067713149, 5240.761000000000422, 57.254969501426771217, 5240.7129999999997381, 1, 5240.761000000000422, 2.5682448648808571257, 5240.761000000000422, -15.265371765098951329, 5240.761000000000422, 27.732790159353434944, 5240.7129999999997381, 1, 5240.761000000000422, 0.65246571319700885638, 5240.761000000000422, -1.2665398567054477752, 5240.761000000000422, 39.368154673679910616, 5240.7129999999997381, 1, 5240.761000000000422, 1.9552709197305810918, 5240.761000000000422, 16.656495432256328115
5240.7659999999996217, 54.673839908776265872, 5240.7179999999998472, 1, 5240.7659999999996217, 1.9176694927688999748, 5240.7659999999996217, 15.794858377300979413, 5240.7659999999996217, 62.474305094613640676, 5240.7179999999998472, 1, 5240.7659999999996217, 2.8345113405463782108, 5240.7659999999996217, -16.456802014440349069, 5240.7659999999996217, 27.908842907305796643, 5240.7179999999998472, 1, 5240.7659999999996217, 0.18471765069930648484, 5240.7659999999996217, -1.0293027616861341045, 5240.7659999999996217, 38.622616420265089232, 5240.7179999999998472, 1, 5240.7659999999996217, 1.9945635617202235323, 5240.7659999999996217, 20.207512905678441939
5240.7659999999996217, 48.223113824013154272, 5240.7229999999999563, 1, 5240.7659999999996217, 0.74697371022068048685, 5240.7659999999996217, 31.179742185231180684, 5240.7659999999996217, 56.926153369900021062, 5240.7229999999999563, 1, 5240.7659999999996217, 1.17552886400123624, 5240.7659999999996217, -19.385062790835782209, 5240.7659999999996217, 41.836575888398385814, 5240.7229999999999563, 1, 5240.7659999999996217, -3.2342674735597403135, 5240.7659999999996217, -8.0009440926007080463, 5240.7659999999996217, 42.704954589401189935, 5240.7229999999999563, 1, 5240.7659999999996217, 3.5527046012261807029, 5240.7659999999996217, 30.599094487131047515
5240.7759999999998399, 0, 5240.7290000000002692, 1, 5240.7759999999998399, 0, 5240.7759999999998399, 0, 5240.7759999999998399, 59.595951299766781517, 5240.7290000000002692, 1, 5240.7759999999998399, 3.583247064412269367, 5240.7759999999998399, -23.453699391019448228, 5240.7759999999998399, 62.754584070008874619, 5240.7290000000002692, 1, 5240.7759999999998399, -7.3832032566041529975, 5240.7759999999998399, -15.648294246421006193, 5240.7759999999998399, 0.8116429363980833811, 5240.7290000000002692, 1, 5240.7759999999998399, -0.51833352426725842754, 5240.7759999999998399, 0.5980642736949188798
5240.7759999999998399, 0, 5240.7330000000001746, 1, 5240.7759999999998399, 0, 5240.7759999999998399, 0, 5240.7759999999998399, 74.608773414715685135, 5240.7330000000001746, 1, 5240.7759999999998399, 7.2371475632908657261, 5240.7759999999998399, -26.779665753438845144, 5240.7759999999998399, 74.368454721601764845, 5240.7330000000001746, 1, 5240.7759999999998399, -6.7476135849257152799, 5240.7759999999998399, -17.851207293413867916, 5240.7759999999998399, 0, 5240.7330000000001746, 1, 5240.7759999999998399, 0, 5240.7759999999998399, 0
5240.7849999999998545, 0, 5240.7380000000002838, 1, 5240.7849999999998545, 0, 5240.7849999999998545, 0, 5240.7849999999998545, 85.431309288629677212, 5240.7380000000002838, 1, 5240.7849999999998545, 9.5074108836890864893, 5240.7849999999998545, -27.269459318528731728, 5240.7849999999998545, 70.076355261465806734, 5240.7380000000002838, 1, 5240.7849999999998545, -7.3072142392850274462, 5240.7849999999998545, -14.431293354144639096, 5240.7849999999998545, 0, 5240.7380000000002838, 1, 5240.7849999999998545, 0, 5240.7849999999998545, 0
5240.7910000000001673, 0, 5240.7430000000003929, 1, 5240.7910000000001673, 0, 5240.7910000000001673, 0, 5240.7910000000001673, 98.585767910310892148, 5240.7430000000003929, 1, 5240.7910000000001673, 12.14861400844906214, 5240.7910000000001673, -24.856629325401890185, 5240.7910000000001673, 78.179433434513242673, 5240.7430000000003929, 1, 5240.7910000000001673, -4.4741712965688167358, 5240.7910000000001673, -11.577086418512685384, 5240.7910000000001673, 0, 5240.7430000000003929, 1, 5240.7910000000001673, 0, 5240.7910000000001673, 0
5240.7960000000002765, 0, 5240.7479999999995925, 1, 5240.7960000000002765, 0, 5240.7960000000002765, 0, 5240.7960000000002765, 107.11397103496393868, 5240.7479999999995925, 1, 5240.7960000000002765, 14.056742754489381042, 5240.7960000000002765, -22.995904565265135489, 5240.7960000000002765, 70.700150874430306658, 5240.7479999999995925, 1, 5240.7960000000002765, -4.4584046642102217461, 5240.7960000000002765, -6.6759720464759908509, 5240.7960000000002765, 0, 5240.7479999999995925, 1, 5240.7960000000002765, 0, 5240.7960000000002765, 0
5240.7960000000002765, 0, 5240.7529999999997017, 1, 5240.7960000000002765, 0, 5240.7960000000002765, 0, 5240.7960000000002765, 115.50590585994812898, 5240.7529999999997017, 1, 5240.7960000000002765, 15.791537009237604394, 5240.7960000000002765, -23.453763132406344027, 5240.7960000000002765, 72.6171882848764767, 5240.7529999999997017, 1, 5240.7960000000002765, -0.73374697118542164809, 5240.7960000000002765, -5.6432620744555919146, 5240.7960000000002765, 0, 5240.7529999999997017, 1, 5240.7960000000002765, 0, 5240.7960000000002765, 0
5240.8000000000001819, 0, 5240.7579999999998108, 0, 5240.8000000000001819, 0, 5240.8000000000001819, 0, 5240.8000000000001819, 120.41299550462474599, 5240.7579999999998108, 1, 5240.8000000000001819, 17.158237624949759237, 5240.8000000000001819, -22.120508192439430672, 5240.8000000000001819, 65.402459790307645449, 5240.7579999999998108, 1, 5240.8000000000001819, -0.65708395064304581101, 5240.8000000000001819, -1.6803187454953025792, 5240.8000000000001819, 0, 5240.7579999999998108, 0, 5240.8000000000001819, 0, 5240.8000000000001819, 0
5240.8109999999996944, 0, 5240.76299999999992, 0, 5240.8109999999996944, 0, 5240.8109999999996944, 0, 5240.8109999999996944, 124.62075127138066932, 5240.76299999999992, 1, 5240.8109999999996944, 18.126664438058355699, 5240.8109999999996944, -22.490951700657731749, 5240.8109999999996944, 69.010041926079594532, 5240.76299999999992, 1, 5240.8109999999996944, 2.4968639108184436104, 5240.8109999999996944, -1.5489583382094735953, 5240.8109999999996944, 0, 5240.76299999999992, 0, 5240.8109999999996944, 0, 5240.8109999999996944, 0
5240.8159999999998035, 0, 5240.7690000000002328, 0, 5240.8159999999998035, 0, 5240.8159999999998035, 0, 5240.8159999999998035, 126.22280566449623507, 5240.7690000000002328, 1, 5240.8159999999998035, 18.449951691267013842, 5240.8159999999998035, -21.082261143281215254, 5240.8159999999998035, 62.405004069657778132, 5240.7690000000002328, 1, 5240.8159999999998035, 1.9080331583467107226, 5240.8159999999998035, 1.8803877749622444071, 5240.8159999999998035, 0, 5240.7690000000002328, 0, 5240.8159999999998035, 0, 5240.8159999999998035, 0
5240.8209999999999127, 0, 5240.7730000000001382, 0, 5240.8209999999999127, 0, 5240.8209999999999127, 0, 5240.8209999999999127, 130.19751753836033004, 5240.7730000000001382, 1, 5240.8209999999999127, 19.539340363828998193, 5240.8209999999999127, -21.498249820094102347, 5240.8209999999999127, 67.733716122389438397, 5240.7730000000001382, 1, 5240.8209999999999127, 5.0279852438875956011, 5240.8209999999999127, 1.4717103048085817818, 5240.8209999999999127, 0, 5240.7730000000001382, 0, 5240.8209999999999127, 0, 5240.8209999999999127, 0
5240.8249999999998181, 0, 5240.7790000000004511, 0, 5240.8249999999998181, 0, 5240.8249999999998181, 0, 5240.8249999999998181, 131.40403183762967387, 5240.7790000000004511, 1, 5240.8249999999998181, 19.488167027721473801, 5240.8249999999998181, -19.701571484583418226, 5240.8249999999998181, 59.475919295253518726, 5240.7790000000004511, 1, 5240.8249999999998181, 4.3695135413528172208, 5240.8249999999998181, 5.4826606811265072849, 5240.8249999999998181, 0, 5240.7790000000004511, 0, 5240.8249999999998181, 0, 5240.8249999999998181, 0
5240.8249999999998181, 0, 5240.7830000000003565, 0, 5240.8249999999998181, 0, 5240.8249999999998181, 0, 5240.8249999999998181, 132.35246047519629542, 5240.7830000000003565, 1, 5240.8249999999998181, 19.587270124047957864, 5240.8249999999998181, -19.946209797241209571, 5240.8249999999998181, 64.844638419476297031, 5240.7830000000003565, 1, 5240.8249999999998181, 6.6119920336096598135, 5240.8249999999998181, 4.8086000613190265085, 5240.8249999999998181, 0, 5240.7830000000003565, 0, 5240.8249999999998181, 0, 5240.8249999999998181, 0
5240.8360000000002401, 0, 5240.7879999999995562, 0, 5240.8360000000002401, 0, 5240.8360000000002401, 0, 5240.8360000000002401, 132.6577281365821932, 5240.7879999999995562, 1, 5240.8360000000002401, 19.124810715556186835, 5240.8360000000002401, -12.162996402327998169, 5240.8360000000002401, 60.91399944363959662, 5240.7879999999995562, 1, 5240.8360000000002401, 5.2597041901190229041, 5240.8360000000002401, 10.196234470162263364, 5240.8360000000002401, 0, 5240.7879999999995562, 0, 5240.8360000000002401, 0, 5240.8360000000002401, 0
5240.8410000000003492, 0, 5240.793999999999869, 0, 5240.8410000000003492, 0, 5240.8410000000003492, 0, 5240.8410000000003492, 132.83603560295938451, 5240.793999999999869, 1, 5240.8410000000003492, 19.080735752737698618, 5240.8410000000003492, -11.736028152232904631, 5240.8410000000003492, 65.506927822517837967, 5240.793999999999869, 1, 5240.8410000000003492, 7.1569402717633510136, 5240.8410000000003492, 9.9280785212060003175, 5240.8410000000003492, 0, 5240.793999999999869, 0, 5240.8410000000003492, 0, 5240.8410000000003492, 0
5240.8459999999995489, 0, 5240.7979999999997744, 0, 5240.8459999999995489, 0, 5240.8459999999995489, 0, 5240.8459999999995489, 132.94822849173868917, 5240.7979999999997744, 1, 5240.8459999999995489, 18.877513244887182964, 5240.8459999999995489, -10.768508743210759349, 5240.8459999999995489, 62.106787874730933652, 5240.7979999999997744, 1, 5240.8459999999995489, 5.9637355112888448261, 5240.8459999999995489, 11.891629050661812528, 5240.8459999999995489, 0, 5240.7979999999997744, 0, 5240.8459999999995489, 0, 5240.8459999999995489, 0
5240.8500000000003638, 0, 5240.8029999999998836, 0, 5240.8500000000003638, 0, 5240.8500000000003638, 0, 5240.8500000000003638, 131.92307099959759853, 5240.8029999999998836, 1, 5240.8500000000003638, 18.071570134315518175, 5240.8500000000003638, -11.122197000690221103, 5240.8500000000003638, 68.309336213254397308, 5240.8029999999998836, 1, 5240.8500000000003638, 7.2052193231650099037, 5240.8500000000003638, 11.022092947053540257, 5240.8500000000003638, 0, 5240.8029999999998836, 0, 5240.8500000000003638, 0, 5240.8500000000003638, 0
5240.8500000000003638, 0, 5240.8079999999999927, 0, 5240.8500000000003638, 0, 5240.8500000000003638, 0, 5240.8500000000003638, 130.60068996438170075, 5240.8079999999999927, 1, 5240.8500000000003638, 17.405036539350440705, 5240.8500000000003638, -10.1530876707324893, 5240.8500000000003638, 65.702048477318697906, 5240.8079999999999927, 1, 5240.8500000000003638, 5.4746948324006545761, 5240.8500000000003638, 12.577597100578714162, 5240.8500000000003638, 0, 5240.8079999999999927, 0, 5240.8500000000003638, 0, 5240.8500000000003638, 0
5240.8609999999998763, 0, 5240.8130000000001019, 0, 5240.8609999999998763, 0, 5240.8609999999998763, 0, 5240.8609999999998763, 129.90103825546782446, 5240.8130000000001019, 1, 5240.8609999999998763, 16.74991484321274271, 5240.8609999999998763, -10.617208701008109983, 5240.8609999999998763, 72.443193041815163724, 5240.8130000000001019, 1, 5240.8609999999998763, 6.6671461740096278348, 5240.8609999999998763, 11.470862455687260706, 5240.8609999999998763, 0, 5240.8130000000001019, 0, 5240.8609999999998763, 0, 5240.8609999999998763, 0
5240.8659999999999854, 0, 5240.818000000000211, 0, 5240.8659999999999854, 0, 5240.8659999999999854, 0, 5240.8659999999999854, 128.13494611532701128, 5240.818000000000211, 1, 5240.8659999999999854, 15.849900402049797776, 5240.8659999999999854, -9.8064068980071610326, 5240.8659999999999854, 70.474767967026380688, 5240.818000000000211, 1, 5240.8659999999999854, 4.6549275714085034394, 5240.8659999999999854, 12.754414964025297508, 5240.8659999999999854, 0, 5240.818000000000211, 0, 5240.8659999999999854, 0, 5240.8659999999999854, 0
5240.8710000000000946, 0, 5240.8230000000003201, 0, 5240.8710000000000946, 0, 5240.8710000000000946, 0, 5240.8710000000000946, 128.34338687459657535, 5240.8230000000003201, 1, 5240.8710000000000946, 15.255327298764136401, 5240.8710000000000946, -2.32791900140038166, 5240.8710000000000946, 74.839725914656327177, 5240.8230000000003201, 1, 5240.8710000000000946, 6.1211829200632479342, 5240.8710000000000946, 16.566866902917176674, 5240.8710000000000946, 0, 5240.8230000000003201, 0, 5240.8710000000000946, 0, 5240.8710000000000946, 0
5240.8760000000002037, 0, 5240.8289999999997235, 0, 5240.8760000000002037, 0, 5240.8760000000002037, 0, 5240.8760000000002037, 126.20163516751540556, 5240.8289999999997235, 1, 5240.8760000000002037, 14.285906190992296416, 5240.8760000000002037, -1.7543448861673454076, 5240.8760000000002037, 73.173097206146195504, 5240.8289999999997235, 1, 5240.8760000000002037, 4.0396601395318141314, 5240.8760000000002037, 17.5436863252460995, 5240.8760000000002037, 0, 5240.8289999999997235, 0, 5240.8760000000002037, 0, 5240.8760000000002037, 0
5240.8810000000003129, 0, 5240.8350000000000364, 0, 5240.8810000000003129, 0, 5240.8810000000003129, 0, 5240.8810000000003129, 125.05668581099740777, 5240.8350000000000364, 1, 5240.8810000000003129, 13.455720931377991079, 5240.8810000000003129, -2.4762600030689156938, 5240.8810000000003129, 80.207289186531539826, 5240.8350000000000364, 1, 5240.8810000000003129, 4.9433160062047134531, 5240.8810000000003129, 16.5322929976294688, 5240.8810000000003129, 0, 5240.8350000000000364, 0, 5240.8810000000003129, 0, 5240.8810000000003129, 0
5240.886000000000422, 0, 5240.8379999999997381, 0, 5240.886000000000422, 0, 5240.886000000000422, 0, 5240.886000000000422, 123.63996644753426324, 5240.8379999999997381, 1, 5240.886000000000422, 12.613851881632129448, 5240.886000000000422, -1.7957339878499780639, 5240.886000000000422, 77.656641082183512026, 5240.8379999999997381, 1, 5240.886000000000422, 3.1967227370362163441, 5240.886000000000422, 17.666531387876307946, 5240.886000000000422, 0, 5240.8379999999997381, 0, 5240.886000000000422, 0, 5240.886000000000422, 0
5240.8900000000003274, 0, 5240.8429999999998472, 0, 5240.8900000000003274, 0, 5240.8900000000003274, 0, 5240.8900000000003274, 122.33259445007816169, 5240.8429999999998472, 1, 5240.8900000000003274, 11.759265451129305546, 5240.8900000000003274, -2.5232124112989282594, 5240.8900000000003274, 84.062213810667131497, 5240.8429999999998472, 1, 5240.8900000000003274, 4.095759724150025427, 5240.8900000000003274, 16.662342552937566609, 5240.8900000000003274, 0, 5240.8429999999998472, 0, 5240.8900000000003274, 0, 5240.8900000000003274, 0
5240.8959999999997308, 0, 5240.8479999999999563, 0, 5240.8959999999997308, 0, 5240.8959999999997308, 0, 5240.8959999999997308, 121.17518169817168427, 5240.8479999999999563, 1, 5240.8959999999997308, 10.893611863540831663, 5240.8959999999997308, -2.5501328918306569449, 5240.8959999999997308, 82.279776493234919599, 5240.8479999999999563, 1, 5240.8959999999997308, 2.3062137158336164511, 5240.8959999999997308, 17.079084399295972219, 5240.8959999999997308, 0, 5240.8479999999999563, 0, 5240.8959999999997308, 0, 5240.8959999999997308, 0
5240.9009999999998399, 0, 5240.8530000000000655, 0, 5240.9009999999998399, 0, 5240.9009999999998399, 0, 5240.9009999999998399, 120.1037806844088891, 5240.8530000000000655, 1, 5240.9009999999998399, 10.674717745134881142, 5240.9009999999998399, -4.3786031140157177788, 5240.9009999999998399, 89.427103270774665589, 5240.8530000000000655, 1, 5240.9009999999998399, 3.3792161040738109001, 5240.9009999999998399, 14.814951235769505899, 5240.9009999999998399, 0, 5240.8530000000000655, 0, 5240.9009999999998399, 0, 5240.9009999999998399, 0
5240.9059999999999491, 0, 5240.8590000000003783, 0, 5240.9059999999999491, 0, 5240.9059999999999491, 0, 5240.9059999999999491, 119.66497913662860242, 5240.8590000000003783, 1, 5240.9059999999999491, 8.6876329957772480128, 5240.9059999999999491, -1.019328801473527335, 5240.9059999999999491, 81.199429952014583023, 5240.8590000000003783, 1, 5240.9059999999999491, 1.8587241173971824626, 5240.9059999999999491, 19.127349042413776203, 5240.9059999999999491, 0, 5240.8590000000003783, 0, 5240.9059999999999491, 0, 5240.9059999999999491, 0
5240.9110000000000582, 0, 5240.8630000000002838, 0, 5240.9110000000000582, 0, 5240.9110000000000582, 0, 5240.9110000000000582, 116.74432593986486495, 5240.8630000000002838, 1, 5240.9110000000000582, 9.9898793851370761843, 5240.9110000000000582, 5.4876150308760927032, 5240.9110000000000582, 87.527151810626932615, 5240.8630000000002838, 1, 5240.9110000000000582, 4.3947774503790881795, 5240.9110000000000582, 23.206991450716714098, 5240.9110000000000582, 0, 5240.8630000000002838, 0, 5240.9110000000000582, 0, 5240.9110000000000582, 0
5240.9160000000001673, 0, 5240.8680000000003929, 0, 5240.9160000000001673, 0, 5240.9160000000001673, 0, 5240.9160000000001673, 116.9094578517081402, 5240.8680000000003929, 1, 5240.9160000000001673, 8.8243057987426816169, 5240.9160000000001673, -2.162654799869713429, 5240.9160000000001673, 86.292532197313661868, 5240.8680000000003929, 1, 5240.9160000000001673, -2.1791253547874096519, 5240.9160000000001673, 15.626721842406894325, 5240.9160000000001673, 0, 5240.8680000000003929, 0, 5240.9160000000001673, 0, 5240.9160000000001673, 0
5240.9210000000002765, 0, 5240.8729999999995925, 0, 5240.9210000000002765, 0, 5240.9210000000002765, 0, 5240.9210000000002765, 114.14937292758469312, 5240.8729999999995925, 1, 5240.9210000000002765, 11.248985544580481388, 5240.9210000000002765, -2.9708741314133249034, 5240.9210000000002765, 92.490919923509238743, 5240.8729999999995925, 1, 5240.9210000000002765, 1.4957715925700272308, 5240.9210000000002765, 14.109987400900976695, 5240.9210000000002765, 0, 5240.8729999999995925, 0, 5240.9210000000002765, 0, 5240.9210000000002765, 0
5240.9260000000003856, 0, 5240.8779999999997017, 0, 5240.9260000000003856, 0, 5240.9260000000003856, 0, 5240.9260000000003856, 114.4648595389098773, 5240.8779999999997017, 1, 5240.9260000000003856, 7.0638470682998271144, 5240.9260000000003856, -2.68596829010917304, 5240.9260000000003856, 89.522883963203284452, 5240.8779999999997017, 1, 5240.9260000000003856, -3.0159712069791777544, 5240.9260000000003856, 15.032969115292431184, 5240.9260000000003856, 0, 5240.8779999999997017, 0, 5240.9260000000003856, 0, 5240.9260000000003856, 0
5240.9309999999995853, 0, 5240.8829999999998108, 0, 5240.9309999999995853, 0, 5240.9309999999995853, 0, 5240.9309999999995853, 111.92902619577841961, 5240.8829999999998108, 1, 5240.9309999999995853, 10.182760021883362711, 5240.9309999999995853, -3.4161839430833111919, 5240.9309999999995853, 95.115499431386169249, 5240.8829999999998108, 1, 5240.9309999999995853, 1.2740828656673257591, 5240.9309999999995853, 13.609002275063154741, 5240.9309999999995853, 0, 5240.8829999999998108, 0, 5240.9309999999995853, 0, 5240.9309999999995853, 0
5240.9359999999996944, 0, 5240.88799999999992, 0, 5240.9359999999996944, 0, 5240.9359999999996944, 0, 5240.9359999999996944, 112.39990906118728731, 5240.88799999999992, 1, 5240.9359999999996944, 5.5942875428819780481, 5240.9359999999996944, -3.1091779418973430893, 5240.9359999999996944, 91.430579520089537482, 5240.88799999999992, 1, 5240.9359999999996944, -3.7578499350650771405, 5240.9359999999996944, 14.632196889435491016, 5240.9359999999996944, 0, 5240.88799999999992, 0, 5240.9359999999996944, 0, 5240.9359999999996944, 0
5240.9359999999996944, 0, 5240.8930000000000291, 0, 5240.9359999999996944, 0, 5240.9359999999996944, 0, 5240.9359999999996944, 109.97153717277939222, 5240.8930000000000291, 1, 5240.9359999999996944, 8.5501170997971343013, 5240.9359999999996944, -3.9526689693933292347, 5240.9359999999996944, 97.153858818047623913, 5240.8930000000000291, 1, 5240.9359999999996944, 0.41932244885163894033, 5240.9359999999996944, 13.061851977688405668, 5240.9359999999996944, 0, 5240.8930000000000291, 0, 5240.9359999999996944, 0, 5240.9359999999996944, 0
5240.9409999999998035, 0, 5240.8980000000001382, 0, 5240.9409999999998035, 0, 5240.9409999999998035, 0, 5240.9409999999998035, 109.6009288107318298, 5240.8980000000001382, 1, 5240.9409999999998035, 2.7993758765281739898, 5240.9409999999998035, 8.9883661428085375178, 5240.9409999999998035, 92.516142477733296801, 5240.8980000000001382, 1, 5240.9409999999998035, -1.1186751702812252063, 5240.9409999999998035, 27.212800415088622685, 5240.9409999999998035, 0, 5240.8980000000001382, 0, 5240.9409999999998035, 0, 5240.9409999999998035, 0
5240.9459999999999127, 0, 5240.9040000000004511, 0, 5240.9459999999999127, 0, 5240.9459999999999127, 0, 5240.9459999999999127, 107.74769192028415432, 5240.9040000000004511, 1, 5240.9459999999999127, 4.3101978800955169646, 5240.9459999999999127, 8.9036087284943405962, 5240.9459999999999127, 96.052028710690265711, 5240.9040000000004511, 1, 5240.9459999999999127, 1.4164058560979750911, 5240.9459999999999127, 27.327978907929370678, 5240.9459999999999127, 0, 5240.9040000000004511, 0, 5240.9459999999999127, 0, 5240.9459999999999127, 0
5240.956000000000131, 0, 5240.9080000000003565, 0, 5240.956000000000131, 0, 5240.956000000000131, 0, 5240.956000000000131, 107.17935106513563426, 5240.9080000000003565, 1, 5240.956000000000131, 2.2087903825099606259, 5240.956000000000131, 8.4207851019030499629, 5240.956000000000131, 96.155307242403608825, 5240.9080000000003565, 1, 5240.956000000000131, -0.72104421382504679805, 5240.956000000000131, 27.066069891996534125, 5240.956000000000131, 0, 5240.9080000000003565, 0, 5240.956000000000131, 0, 5240.956000000000131, 0
5240.956000000000131, 0, 5240.9129999999995562, 0, 5240.956000000000131, 0, 5240.956000000000131, 0, 5240.956000000000131, 105.59650593212347758, 5240.9129999999995562, 1, 5240.956000000000131, 2.3227128949187632045, 5240.956000000000131, 7.2412008966236030005, 5240.956000000000131, 99.668192471931263299, 5240.9129999999995562, 1, 5240.956000000000131, -0.13826426335655159217, 5240.956000000000131, 26.213513528392780927, 5240.956000000000131, 0, 5240.9129999999995562, 0, 5240.956000000000131, 0, 5240.956000000000131, 0
5240.9600000000000364, 0, 5240.9179999999996653, 0, 5240.9600000000000364, 0, 5240.9600000000000364, 0, 5240.9600000000000364, 104.69907699984517535, 5240.9179999999996653, 1, 5240.9600000000000364, 1.2448908106462128753, 5240.9600000000000364, 6.492303140600462541, 5240.9600000000000364, 99.925497871381054438, 5240.9179999999996653, 1, 5240.9600000000000364, -0.83078149199591710961, 5240.9600000000000364, 25.643380563051756837, 5240.9600000000000364, 0, 5240.9179999999996653, 0, 5240.9600000000000364, 0, 5240.9600000000000364, 0
5240.9650000000001455, 0, 5240.9239999999999782, 0, 5240.9650000000001455, 0, 5240.9650000000001455, 0, 5240.9650000000001455, 102.87055824578479246, 5240.9239999999999782, 1, 5240.9650000000001455, 0.48783130100476934654, 5240.9650000000001455, 4.8535170754686518535, 5240.9650000000001455, 104.4398224613753996, 5240.9239999999999782, 1, 5240.9650000000001455, -1.664368660162357072, 5240.9650000000001455, 24.394752536160815737, 5240.9650000000001455, 0, 5240.9239999999999782, 0, 5240.9650000000001455, 0, 5240.9650000000001455, 0
5240.9700000000002547, 0, 5240.9279999999998836, 0, 5240.9700000000002547, 0, 5240.9700000000002547, 0, 5240.9700000000002547, 101.95304448481273596, 5240.9279999999998836, 1, 5240.9700000000002547, -0.14019606572968007496, 5240.9700000000002547, 4.0349625167445850593, 5240.9700000000002547, 103.27131185910417344, 5240.9279999999998836, 1, 5240.9700000000002547, -1.3142939198019452096, 5240.9700000000002547, 23.649981411697154954, 5240.9700000000002547, 0, 5240.9279999999998836, 0, 5240.9700000000002547, 0, 5240.9700000000002547, 0
5240.975999999999658, 277.75645956746154752, 5240.9340000000001965, 0, 5240.975999999999658, -19.789977463606312824, 5240.975999999999658, -186.6016045974363351, 5240.975999999999658, 100.67826950425694577, 5240.9340000000001965, 1, 5240.975999999999658, -1.0968087956792860194, 5240.975999999999658, 2.4684241783075435706, 5240.975999999999658, 106.19586026471507978, 5240.9340000000001965, 1, 5240.975999999999658, -2.1298546956557169452, 5240.975999999999658, 22.415247729799574472, 5240.975999999999658, 0, 5240.9340000000001965, 0, 5240.975999999999658, 0, 5240.975999999999658, 0
5240.9859999999998763, 391.93611600038127563, 5240.9380000000001019, 0, 5240.9859999999998763, -95.884030370481980299, 5240.9859999999998763, -237.68860636682876475, 5240.9859999999998763, 80.738874590489132288, 5240.9380000000001019, 1, 5240.9859999999998763, -19.131808272698602735, 5240.9859999999998763, 4.2870694685387178424, 5240.9859999999998763, 94.937213236666138982, 5240.9380000000001019, 1, 5240.9859999999998763, -7.1274828586348633053, 5240.9859999999998763, 25.468635053438298144, 5240.9859999999998763, 0, 5240.9380000000001019, 0, 5240.9859999999998763, 0, 5240.9859999999998763, 0
5240.9859999999998763, 385.93258185420040718, 5240.943000000000211, 0, 5240.9859999999998763, -111.87219023094215231, 5240.9859999999998763, -211.35888701142573609, 5240.9859999999998763, 33.679212494830906621, 5240.943000000000211, 1, 5240.9859999999998763, -24.137949253679401806, 5240.9859999999998763, -2.3912833286141594868, 5240.9859999999998763, 82.001446704021788037, 5240.943000000000211, 1, 5240.9859999999998763, -11.688998172062165182, 5240.9859999999998763, 20.913334002350868701, 5240.9859999999998763, 0, 5240.943000000000211, 0, 5240.9859999999998763, 0, 5240.9859999999998763, 0
5240.9909999999999854, 381.51040886675195907, 5240.9480000000003201, 0, 5240.9909999999999854, -119.83380128162721689, 5240.9909999999999854, -196.2767957419869731, 5240.9909999999999854, 14.002917948655351665, 5240.9480000000003201, 1, 5240.9909999999999854, -10.212943244225726858, 5240.9909999999999854, -5.7071570055148201916, 5240.9909999999999854, 71.564574311011057262, 5240.9480000000003201, 1, 5240.9909999999999854, -15.917772054760495948, 5240.9909999999999854, 16.470413931083797365, 5240.9909999999999854, 0, 5240.9480000000003201, 0, 5240.9909999999999854, 0, 5240.9909999999999854, 0
5240.9960000000000946, 372.69741150032280075, 5240.9530000000004293, 0, 5240.9960000000000946, -126.05562574847279222, 5240.9960000000000946, -183.66675207113178203, 5240.9960000000000946, 1.4050774298243196014, 5240.9530000000004293, 1, 5240.9960000000000946, -1.0207714656810356058, 5240.9960000000000946, -0.89949853764885179253, 5240.9960000000000946, 68.051167248575822555, 5240.9530000000004293, 1, 5240.9960000000000946, -24.642787252480289339, 5240.9960000000000946, 12.102647179230370256, 5240.9960000000000946, 0, 5240.9530000000004293, 0, 5240.9960000000000946, 0, 5240.9960000000000946, 0
5241.0010000000002037, 336.81758519447942035, 5240.9589999999998327, 0, 5241.0010000000002037, -124.59965627598343474, 5241.0010000000002037, -150.39132316014749335, 5241.0010000000002037, 0, 5240.9589999999998327, 1, 5241.0010000000002037, 0, 5241.0010000000002037, 0, 5241.0010000000002037, 68.940895275463162761, 5240.9589999999998327, 1, 5241.0010000000002037, -31.259212239291013447, 5241.0010000000002037, 7.0897592032683789398, 5241.0010000000002037, 0, 5240.9589999999998327, 0, 5241.0010000000002037, 0, 5241.0010000000002037, 0
5241.0060000000003129, 222.41492255094794928, 5240.9629999999997381, 0, 5241.0060000000003129, -98.207591565319873439, 5241.0060000000003129, -92.120770955517627954, 5241.0060000000003129, 0, 5240.9629999999997381, 1, 5241.0060000000003129, 0, 5241.0060000000003129, 0, 5241.0060000000003129, 79.834051835939249031, 5240.9629999999997381, 1, 5241.0060000000003129, -32.893724898405352519, 5241.0060000000003129, -0.36343204385892846631, 5241.0060000000003129, 0, 5240.9629999999997381, 0, 5241.0060000000003129, 0, 5241.0060000000003129, 0
5241.0159999999996217, 97.114966331149048528, 5240.9679999999998472, 0, 5241.0159999999996217, -52.164776343266822778, 5241.0159999999996217, -46.082332848128203295, 5241.0159999999996217, 0, 5240.9679999999998472, 1, 5241.0159999999996217, 0, 5241.0159999999996217, 0, 5241.0159999999996217, 66.09825325222143988, 5240.9679999999998472, 1, 5241.0159999999996217, -24.807563878260605605, 5241.0159999999996217, -15.725331429686754348, 5241.0159999999996217, 0, 5240.9679999999998472, 0, 5241.0159999999996217, 0, 5241.0159999999996217, 0
5241.0209999999997308, 14.231975860796962863, 5240.9729999999999563, 0, 5241.0209999999997308, -10.711105992787611996, 5241.0209999999997308, 10.635572440539656114, 5241.0209999999997308, 0, 5240.9729999999999563, 1, 5241.0209999999997308, 0, 5241.0209999999997308, 0, 5241.0209999999997308, 65.546721776445735941, 5240.9729999999999563, 1, 5241.0209999999997308, -19.662767102900460259, 5241.0209999999997308, -21.409963728495377211, 5241.0209999999997308, 0, 5240.9729999999999563, 0, 5241.0209999999997308, 0, 5241.0209999999997308, 0
5241.0209999999997308, 1.9906626964383271616, 5240.9780000000000655, 0, 5241.0209999999997308, -1.4638257645636867377, 5241.0209999999997308, 1.4376393330646430879, 5241.0209999999997308, 0, 5240.9780000000000655, 1, 5241.0209999999997308, 0, 5241.0209999999997308, 0, 5241.0209999999997308, 51.344861413273356732, 5240.9780000000000655, 1, 5241.0209999999997308, -16.202374110282669051, 5241.0209999999997308, -24.749283615473203213, 5241.0209999999997308, 0, 5240.9780000000000655, 0, 5241.0209999999997308, 0, 5241.0209999999997308, 0
5241.0259999999998399, 0, 5240.9830000000001746, 0, 5241.0259999999998399, 0, 5241.0259999999998399, 0, 5241.0259999999998399, 0, 5240.9830000000001746, 1, 5241.0259999999998399, 0, 5241.0259999999998399, 0, 5241.0259999999998399, 33.334415492751020338, 5240.9830000000001746, 1, 5241.0259999999998399, -11.039497604785671214, 5241.0259999999998399, -18.696363297780006718, 5241.0259999999998399, 0, 5240.9830000000001746, 0, 5241.0259999999998399, 0, 5241.0259999999998399, 0
5241.0360000000000582, 0, 5240.9899999999997817, 0, 5241.0360000000000582, 0, 5241.0360000000000582, 0, 5241.0360000000000582, 0, 5240.9899999999997817, 1, 5241.0360000000000582, 0, 5241.0360000000000582, 0, 5241.0360000000000582, 33.412309782559589166, 5240.9899999999997817, 1, 5241.0360000000000582, -13.124158841289407462, 5241.0360000000000582, -19.035815664288858073, 5241.0360000000000582, 101.97987551223485525, 5240.9899999999997817, 0, 5241.0360000000000582, -7.5524293936517041814, 5241.0360000000000582, -5.0326122003108082481
5241.0410000000001673, 0, 5240.9930000000003929, 0, 5241.0410000000001673, 0, 5241.0410000000001673, 0, 5241.0410000000001673, 0, 5240.9930000000003929, 1, 5241.0410000000001673, 0, 5241.0410000000001673, 0, 5241.0410000000001673, 20.514501431837761203, 5240.9930000000003929, 1, 5241.0410000000001673, -2.5031171073037157271, 5241.0410000000001673, -11.679839340060041764, 5241.0410000000001673, 14.140497784506601775, 5240.9930000000003929, 0, 5241.0410000000001673, -2.5307763610382933983, 5241.0410000000001673, 6.0951082996142336157
5241.0450000000000728, 0, 5240.9979999999995925, 0, 5241.0450000000000728, 0, 5241.0450000000000728, 0, 5241.0450000000000728, 0, 5240.9979999999995925, 1, 5241.0450000000000728, 0, 5241.0450000000000728, 0, 5241.0450000000000728, 23.064768623578078888, 5240.9979999999995925, 1, 5241.0450000000000728, -4.4531086998297988444, 5241.0450000000000728, -13.286332349154911014, 5241.0450000000000728, 14.073998694677172239, 5240.9979999999995925, 0, 5241.0450000000000728, -4.9280361469875417768, 5241.0450000000000728, 8.4900452467914675481
5241.0450000000000728, 0, 5241.0029999999997017, 0, 5241.0450000000000728, 0, 5241.0450000000000728, 0, 5241.0450000000000728, 0, 5241.0029999999997017, 1, 5241.0450000000000728, 0, 5241.0450000000000728, 0, 5241.0450000000000728, 28.018087700980380816, 5241.0029999999997017, 1, 5241.0450000000000728, -0.36305105028969014702, 5241.0450000000000728, -16.157856054404589941, 5241.0450000000000728, 17.049956609070292757, 5241.0029999999997017, 0, 5241.0450000000000728, -1.8418220308828960885, 5241.0450000000000728, 8.6248993860848877091
5241.0510000000003856, 0, 5241.0079999999998108, 1, 5241.0510000000003856, 0, 5241.0510000000003856, 0, 5241.0510000000003856, 0, 5241.0079999999998108, 1, 5241.0510000000003856, 0, 5241.0510000000003856, 0, 5241.0510000000003856, 25.923252496487172891, 5241.0079999999998108, 1, 5241.0510000000003856, -2.1386095108844487278, 5241.0510000000003856, -15.140912151465871105, 5241.0510000000003856, 19.189265200859100702, 5241.0079999999998108, 1, 5241.0510000000003856, -3.1436473168335821171, 5241.0510000000003856, 9.2513771081189251078
5241.0600000000004002, 70.984369301171668099, 5241.01299999999992, 1, 5241.0600000000004002, -38.862089912852830764, 5241.0600000000004002, 0.33629853288099553765, 5241.0600000000004002, 0, 5241.01299999999992, 1, 5241.0600000000004002, 0, 5241.0600000000004002, 0, 5241.0600000000004002, 30.916868954063851049, 5241.01299999999992, 1, 5241.0600000000004002, 0.26990624446328759234, 5241.0600000000004002, -18.168328398435978244, 5241.0600000000004002, 25.716606855650926633, 5241.01299999999992, 1, 5241.0600000000004002, 0.018890111845021269332, 5241.0600000000004002, 9.5606136974532098805
5241.0609999999996944, 74.380088428634792308, 5241.0180000000000291, 1, 5241.0609999999996944, -40.270031646386350133, 5241.0609999999996944, -1.7859416921241049181, 5241.0609999999996944, 0, 5241.0180000000000291, 1, 5241.0609999999996944, 0, 5241.0609999999996944, 0, 5241.0609999999996944, 34.790188146704913663, 5241.0180000000000291, 1, 5241.0609999999996944, -0.46078635747135582301, 5241.0609999999996944, -20.679801433114217701, 5241.0609999999996944, 29.708441523139804019, 5241.0180000000000291, 1, 5241.0609999999996944, 2.0296557500695682208, 5241.0609999999996944, 9.979666135951791972
5241.069999999999709, 82.100964965099052506, 5241.0230000000001382, 1, 5241.069999999999709, -38.680929754886186345, 5241.069999999999709, -2.2769361189429346837, 5241.069999999999709, 0, 5241.0230000000001382, 1, 5241.069999999999709, 0, 5241.069999999999709, 0, 5241.069999999999709, 38.785815508128436591, 5241.0230000000001382, 1, 5241.069999999999709, 3.4905681836419208963, 5241.069999999999709, -23.215844395591190619, 5241.069999999999709, 32.69580342521162919, 5241.0230000000001382, 1, 5241.069999999999709, 5.9903105944416354944, 5241.069999999999709, 10.837003756769600926
5241.0709999999999127, 89.287731016338440782, 5241.0280000000002474, 1, 5241.0709999999999127, -40.903903108333295791, 5241.0709999999999127, -2.0438244338415358925, 5241.0709999999999127, 0, 5241.0280000000002474, 1, 5241.0709999999999127, 0, 5241.0709999999999127, 0, 5241.0709999999999127, 36.654673199130996863, 5241.0280000000002474, 1, 5241.0709999999999127, -0.74513721080440242783, 5241.0709999999999127, -22.305290933890152161, 5241.0709999999999127, 35.506409886828919298, 5241.0280000000002474, 1, 5241.0709999999999127, 4.2238971562735549981, 5241.0709999999999127, 12.644555730429681617
5241.0760000000000218, 92.990733088298725306, 5241.0330000000003565, 1, 5241.0760000000000218, -39.487740897135651608, 5241.0760000000000218, -1.6088665379730144878, 5241.0760000000000218, 0, 5241.0330000000003565, 1, 5241.0760000000000218, 0, 5241.0760000000000218, 0, 5241.0760000000000218, 39.922951497614498351, 5241.0330000000003565, 1, 5241.0760000000000218, 2.1508279506936136549, 5241.0760000000000218, -24.493290843422727221, 5241.0760000000000218, 38.88636613283919985, 5241.0330000000003565, 1, 5241.0760000000000218, 7.0033380044803816844, 5241.0760000000000218, 13.451591838116424782
5241.081000000000131, 97.643174952924113086, 5241.0379999999995562, 1, 5241.081000000000131, -41.224999262002675948, 5241.081000000000131, -0.87877079271471103539, 5241.081000000000131, 89.917316888981190459, 5241.0379999999995562, 1, 5241.081000000000131, 4.4789595826035295545, 5241.081000000000131, -23.170086857852403739, 5241.081000000000131, 37.250718698381426464, 5241.0379999999995562, 1, 5241.081000000000131, -2.2070936409976100734, 5241.081000000000131, -23.220213174736908712, 5241.081000000000131, 41.667780645035094267, 5241.0379999999995562, 1, 5241.081000000000131, 4.9429311665511495022, 5241.081000000000131, 15.190076673811930164
5241.0860000000002401, 90.881252823639002258, 5241.0429999999996653, 1, 5241.0860000000002401, -28.952549978087603222, 5241.0860000000002401, -1.1775868608668957904, 5241.0860000000002401, 112.79319880252606367, 5241.0429999999996653, 1, 5241.0860000000002401, 14.82469672444945985, 5241.0860000000002401, 28.098586110281395634, 5241.0860000000002401, 87.276217980319287904, 5241.0429999999996653, 1, 5241.0860000000002401, -4.1219463413579164879, 5241.0860000000002401, 18.374490597828042837, 5241.0860000000002401, 43.973307104295898284, 5241.0429999999996653, 1, 5241.0860000000002401, 12.717489619662126543, 5241.0860000000002401, 13.774384441986347483
5241.0910000000003492, 42.445325401802300291, 5241.0479999999997744, 1, 5241.0910000000003492, -15.811855621385642934, 5241.0910000000003492, -7.0546142653425114588, 5241.0910000000003492, 154.82566031936889317, 5241.0479999999997744, 1, 5241.0910000000003492, 25.222569329047203723, 5241.0910000000003492, 93.833398990306719156, 5241.0910000000003492, 183.93456605723469011, 5241.0479999999997744, 1, 5241.0910000000003492, -20.382388896087647367, 5241.0910000000003492, 101.44062549486275771, 5241.0910000000003492, 91.833042398117058269, 5241.0479999999997744, 1, 5241.0910000000003492, 22.527262339687563752, 5241.0910000000003492, -14.396876214848688846
5241.0959999999995489, 18.192901556960993759, 5241.0529999999998836, 1, 5241.0959999999995489, -11.521510312031347567, 5241.0959999999995489, -5.603978841113122833, 5241.0959999999995489, 18.971352244809200016, 5241.0529999999998836, 1, 5241.0959999999995489, 2.4377202812968858936, 5241.0959999999995489, 16.994358394818188884, 5241.0959999999995489, 68.457612016098636332, 5241.0529999999998836, 1, 5241.0959999999995489, -2.3064240280375658543, 5241.0959999999995489, 56.800107985707967373, 5241.0959999999995489, 94.10248302132288245, 5241.0529999999998836, 1, 5241.0959999999995489, 20.858708032564322821, 5241.0959999999995489, -15.440922426282853053
5241.100999999999658, 35.018527870129211976, 5241.0579999999999927, 1, 5241.100999999999658, -17.732287415235990835, 5241.100999999999658, -6.4960135807690200238, 5241.100999999999658, 0, 5241.0579999999999927, 1, 5241.100999999999658, 0, 5241.100999999999658, 0, 5241.100999999999658, 0, 5241.0579999999999927, 1, 5241.100999999999658, 0, 5241.100999999999658, 0, 5241.100999999999658, 87.402553751215975808, 5241.0579999999999927, 1, 5241.100999999999658, 18.623528799138277634, 5241.100999999999658, -10.779368633760839202
5241.1059999999997672, 56.114973880707736953, 5241.0630000000001019, 1, 5241.1059999999997672, -15.971977142083170875, 5241.1059999999997672, -6.5450473804091195973, 5241.1059999999997672, 0, 5241.0630000000001019, 1, 5241.1059999999997672, 0, 5241.1059999999997672, 0, 5241.1059999999997672, 0, 5241.0630000000001019, 1, 5241.1059999999997672, 0, 5241.1059999999997672, 0, 5241.1059999999997672, 74.994774844428974347, 5241.0630000000001019, 1, 5241.1059999999997672, 21.825992454328297043, 5241.1059999999997672, -3.1564075370496453843
5241.1109999999998763, 71.334755098593717548, 5241.068000000000211, 1, 5241.1109999999998763, -17.665056682736945959, 5241.1109999999998763, -7.667665987307128006, 5241.1109999999998763, 0, 5241.068000000000211, 1, 5241.1109999999998763, 0, 5241.1109999999998763, 0, 5241.1109999999998763, 0, 5241.068000000000211, 1, 5241.1109999999998763, 0, 5241.1109999999998763, 0, 5241.1109999999998763, 77.710651779048902199, 5241.068000000000211, 1, 5241.1109999999998763, 18.780558462747585224, 5241.1109999999998763, -0.9785086263662705619
5241.1210000000000946, 81.397622593477109376, 5241.0730000000003201, 1, 5241.1210000000000946, -17.329968521361656997, 5241.1210000000000946, -7.08579910640622046, 5241.1210000000000946, 0, 5241.0730000000003201, 1, 5241.1210000000000946, 0, 5241.1210000000000946, 0, 5241.1210000000000946, 0, 5241.0730000000003201, 1, 5241.1210000000000946, 0, 5241.1210000000000946, 0, 5241.1210000000000946, 74.39725265463889059, 5241.0730000000003201, 1, 5241.1210000000000946, 20.53328510775295257, 5241.1210000000000946, 3.3478189548757910643
5241.125, 89.302620936209564206, 5241.0780000000004293, 1, 5241.125, -19.461660029855824661, 5241.125, -7.7218982152853854473, 5241.125, 0, 5241.0780000000004293, 1, 5241.125, 0, 5241.125, 0, 5241.125, 0, 5241.0780000000004293, 1, 5241.125, 0, 5241.125, 0, 5241.125, 79.984052424274224791, 5241.0780000000004293, 1, 5241.125, 16.423457862830971976, 5241.125, 4.0374402723629998491
5241.1260000000002037, 94.40532797128739162, 5241.0829999999996289, 1, 5241.1260000000002037, -18.202028851818930377, 5241.1260000000002037, -6.8950297517623084786, 5241.1260000000002037, 0, 5241.0829999999996289, 0, 5241.1260000000002037, 0, 5241.1260000000002037, 0, 5241.1260000000002037, 0, 5241.0829999999996289, 0, 5241.1260000000002037, 0, 5241.1260000000002037, 0, 5241.1260000000002037, 76.86217217700490778, 5241.0829999999996289, 1, 5241.1260000000002037, 17.980164996093122909, 5241.1260000000002037, 7.7273397238377015128
5241.1310000000003129, 100.11489949750327355, 5241.0879999999997381, 1, 5241.1310000000003129, -20.429134870566883819, 5241.1310000000003129, -2.5467516641379503994, 5241.1310000000003129, 0, 5241.0879999999997381, 0, 5241.1310000000003129, 0, 5241.1310000000003129, 0, 5241.1310000000003129, 0, 5241.0879999999997381, 0, 5241.1310000000003129, 0, 5241.1310000000003129, 0, 5241.1310000000003129, 82.855681229063293358, 5241.0879999999997381, 1, 5241.1310000000003129, 13.631993659870271784, 5241.1310000000003129, 11.87868015315440573
5241.136000000000422, 103.43393062276716421, 5241.0940000000000509, 1, 5241.136000000000422, -18.482597994075668169, 5241.136000000000422, -0.47209919808360467641, 5241.136000000000422, 0, 5241.0940000000000509, 0, 5241.136000000000422, 0, 5241.136000000000422, 0, 5241.136000000000422, 0, 5241.0940000000000509, 0, 5241.136000000000422, 0, 5241.136000000000422, 0, 5241.136000000000422, 77.765598561816219103, 5241.0940000000000509, 1, 5241.136000000000422, 15.095344219399928321, 5241.136000000000422, 16.249983634670272181
5241.1409999999996217, 105.89463046568923232, 5241.0979999999999563, 1, 5241.1409999999996217, -19.816733345631593721, 5241.1409999999996217, -0.75381212250290730026, 5241.1409999999996217, 0, 5241.0979999999999563, 0, 5241.1409999999996217, 0, 5241.1409999999996217, 0, 5241.1409999999996217, 0, 5241.0979999999999563, 0, 5241.1409999999996217, 0, 5241.1409999999996217, 0, 5241.1409999999996217, 84.020901737787028196, 5241.0979999999999563, 1, 5241.1409999999996217, 10.949272012841818835, 5241.1409999999996217, 16.313137095245537012
5241.1459999999997308, 107.46011677962860631, 5241.1030000000000655, 1, 5241.1459999999997308, -17.4830933803407369, 5241.1459999999997308, 0.3086351182447160113, 5241.1459999999997308, 0, 5241.1030000000000655, 0, 5241.1459999999997308, 0, 5241.1459999999997308, 0, 5241.1459999999997308, 0, 5241.1030000000000655, 0, 5241.1459999999997308, 0, 5241.1459999999997308, 0, 5241.1459999999997308, 80.399251789592767636, 5241.1030000000000655, 1, 5241.1459999999997308, 12.795615494039996207, 5241.1459999999997308, 19.332656988106663221
5241.1509999999998399, 108.42683701297960397, 5241.1080000000001746, 1, 5241.1509999999998399, -18.436721837957772863, 5241.1509999999998399, -0.11686732546340294903, 5241.1509999999998399, 0, 5241.1080000000001746, 0, 5241.1509999999998399, 0, 5241.1509999999998399, 0, 5241.1509999999998399, 0, 5241.1080000000001746, 0, 5241.1509999999998399, 0, 5241.1509999999998399, 0, 5241.1509999999998399, 87.204705696989122998, 5241.1080000000001746, 1, 5241.1509999999998399, 8.904273902941657326, 5241.1509999999998399, 18.952302911189789825
5241.1559999999999491, 109.81945402292527092, 5241.1130000000002838, 1, 5241.1559999999999491, -15.918625338820062254, 5241.1559999999999491, 1.0532075807605139062, 5241.1559999999999491, 0, 5241.1130000000002838, 0, 5241.1559999999999491, 0, 5241.1559999999999491, 0, 5241.1559999999999491, 0, 5241.1130000000002838, 0, 5241.1559999999999491, 0, 5241.1559999999999491, 0, 5241.1559999999999491, 82.333675363371128242, 5241.1130000000002838, 1, 5241.1559999999999491, 10.773285796678230497, 5241.1559999999999491, 22.172527528937671093
5241.1610000000000582, 109.83142217333684698, 5241.1180000000003929, 1, 5241.1610000000000582, -16.732280716055168313, 5241.1610000000000582, 0.60473388937177929847, 5241.1610000000000582, 0, 5241.1180000000003929, 0, 5241.1610000000000582, 0, 5241.1610000000000582, 0, 5241.1610000000000582, 0, 5241.1180000000003929, 0, 5241.1610000000000582, 0, 5241.1610000000000582, 0, 5241.1610000000000582, 89.081057176843117418, 5241.1180000000003929, 1, 5241.1610000000000582, 7.0972607269410614705, 5241.1610000000000582, 21.615540036062078855
5241.1660000000001673, 109.47749913505367658, 5241.1229999999995925, 1, 5241.1660000000001673, -12.302437857359461049, 5241.1660000000001673, -5.394854308089016115, 5241.1660000000001673, 0, 5241.1229999999995925, 0, 5241.1660000000001673, 0, 5241.1660000000001673, 0, 5241.1660000000001673, 0, 5241.1229999999995925, 0, 5241.1660000000001673, 0, 5241.1660000000001673, 0, 5241.1660000000001673, 86.616675265697736563, 5241.1229999999995925, 1, 5241.1660000000001673, 9.6090875715471515406, 5241.1660000000001673, 24.999778452702955178
5241.1710000000002765, 109.49346635803527761, 5241.1279999999997017, 1, 5241.1710000000002765, -14.635153760248599042, 5241.1710000000002765, 5.7274195666152891704, 5241.1710000000002765, 0, 5241.1279999999997017, 0, 5241.1710000000002765, 0, 5241.1710000000002765, 0, 5241.1710000000002765, 0, 5241.1279999999997017, 0, 5241.1710000000002765, 0, 5241.1710000000002765, 0, 5241.1710000000002765, 92.391696153070938635, 5241.1279999999997017, 1, 5241.1710000000002765, 5.8445937488064734211, 5241.1710000000002765, 27.220587140619564082
5241.1750000000001819, 109.35398437134662686, 5241.1329999999998108, 1, 5241.1750000000001819, -10.759016569680825981, 5241.1750000000001819, -1.9740329132572043136, 5241.1750000000001819, 0, 5241.1329999999998108, 0, 5241.1750000000001819, 0, 5241.1750000000001819, 0, 5241.1750000000001819, 0, 5241.1329999999998108, 0, 5241.1750000000001819, 0, 5241.1750000000001819, 0, 5241.1750000000001819, 90.395439755050205122, 5241.1329999999998108, 1, 5241.1750000000001819, 8.7447958048797431729, 5241.1750000000001819, 20.850891802803616315
5241.180000000000291, 109.37300845373952995, 5241.13799999999992, 1, 5241.180000000000291, -11.944002557561690381, 5241.180000000000291, -2.7257883064900596537, 5241.180000000000291, 0, 5241.13799999999992, 0, 5241.180000000000291, 0, 5241.180000000000291, 0, 5241.180000000000291, 0, 5241.13799999999992, 0, 5241.180000000000291, 0, 5241.180000000000291, 0, 5241.180000000000291, 98.115343393706325514, 5241.13799999999992, 1, 5241.180000000000291, 4.9466774289314159319, 5241.180000000000291, 19.189943428994880037
5241.1859999999996944, 108.23869231102008825, 5241.1430000000000291, 1, 5241.1859999999996944, -8.4710088992097194449, 5241.1859999999996944, -2.4148130691910481005, 5241.1859999999996944, 0, 5241.1430000000000291, 0, 5241.1859999999996944, 0, 5241.1859999999996944, 0, 5241.1859999999996944, 0, 5241.1430000000000291, 0, 5241.1859999999996944, 0, 5241.1859999999996944, 0, 5241.1859999999996944, 95.868773108493655855, 5241.1430000000000291, 1, 5241.1859999999996944, 8.083498816604727466, 5241.1859999999996944, 20.900728944270362319
5241.1909999999998035, 107.18260408616228574, 5241.149000000000342, 1, 5241.1909999999998035, -9.3971288789900189187, 5241.1909999999998035, -2.959943532548400924, 5241.1909999999998035, 0, 5241.149000000000342, 0, 5241.1909999999998035, 0, 5241.1909999999998035, 0, 5241.1909999999998035, 0, 5241.149000000000342, 0, 5241.1909999999998035, 0, 5241.1909999999998035, 0, 5241.1909999999998035, 102.8046217170645491, 5241.149000000000342, 1, 5241.1909999999998035, 4.6929090429734428014, 5241.1909999999998035, 19.407616846102229147
5241.194999999999709, 106.36746831638735955, 5241.1530000000002474, 1, 5241.194999999999709, -5.9684580930661716991, 5241.194999999999709, -0.085784901601925866998, 5241.194999999999709, 0, 5241.1530000000002474, 0, 5241.194999999999709, 0, 5241.194999999999709, 0, 5241.194999999999709, 0, 5241.1530000000002474, 0, 5241.194999999999709, 0, 5241.194999999999709, 0, 5241.194999999999709, 98.043284097774701991, 5241.1530000000002474, 1, 5241.194999999999709, 7.0134161033270920882, 5241.194999999999709, 24.0433285116148312
5241.2010000000000218, 104.3181878820629862, 5241.1580000000003565, 1, 5241.2010000000000218, -6.7221493006723180841, 5241.2010000000000218, -1.4691862395918846573, 5241.2010000000000218, 0, 5241.1580000000003565, 0, 5241.2010000000000218, 0, 5241.2010000000000218, 0, 5241.2010000000000218, 0, 5241.1580000000003565, 0, 5241.2010000000000218, 0, 5241.2010000000000218, 0, 5241.2010000000000218, 105.89921303128775776, 5241.1580000000003565, 1, 5241.2010000000000218, 4.4412221887764236072, 5241.2010000000000218, 21.422299898538824436
5241.206000000000131, 105.70936421674934991, 5241.1629999999995562, 1, 5241.206000000000131, -3.9422259188137749319, 5241.206000000000131, -2.4248387998657037201, 5241.206000000000131, 0, 5241.1629999999995562, 0, 5241.206000000000131, 0, 5241.206000000000131, 0, 5241.206000000000131, 0, 5241.1629999999995562, 0, 5241.206000000000131, 0, 5241.206000000000131, 0, 5241.206000000000131, 105.76383200601746637, 5241.1629999999995562, 1, 5241.206000000000131, 7.1885969113604701874, 5241.206000000000131, 21.489480295072567628
5241.2110000000002401, 103.21976478872684879, 5241.168999999999869, 1, 5241.2110000000002401, -5.466921588655466735, 5241.2110000000002401, 12.047807836297515394, 5241.2110000000002401, 0, 5241.168999999999869, 0, 5241.2110000000002401, 0, 5241.2110000000002401, 0, 5241.2110000000002401, 0, 5241.168999999999869, 0, 5241.2110000000002401, 0, 5241.2110000000002401, 0, 5241.2110000000002401, 106.48170036826800811, 5241.168999999999869, 1, 5241.2110000000002401, 3.9289306445736174034, 5241.2110000000002401, 38.133190912894434632
5241.2150000000001455, 103.3611450605048816, 5241.1739999999999782, 1, 5241.2150000000001455, -1.9960553588309120077, 5241.2150000000001455, 12.012511474934491673, 5241.2150000000001455, 0, 5241.1739999999999782, 0, 5241.2150000000001455, 0, 5241.2150000000001455, 0, 5241.2150000000001455, 0, 5241.1739999999999782, 0, 5241.2150000000001455, 0, 5241.2150000000001455, 0, 5241.2150000000001455, 104.1332884317694436, 5241.1739999999999782, 1, 5241.2150000000001455, 6.9980262438705969075, 5241.2150000000001455, 38.98727569420562844
5241.2200000000002547, 101.86494131046995903, 5241.1779999999998836, 1, 5241.2200000000002547, -3.9813262092146213256, 5241.2200000000002547, 10.835084797579106919, 5241.2200000000002547, 0, 5241.1779999999998836, 0, 5241.2200000000002547, 0, 5241.2200000000002547, 0, 5241.2200000000002547, 0, 5241.1779999999998836, 0, 5241.2200000000002547, 0, 5241.2200000000002547, 0, 5241.2200000000002547, 109.69279647956946633, 5241.1779999999998836, 1, 5241.2200000000002547, 3.0341810901185106708, 5241.2200000000002547, 38.060711232049179387
5241.2250000000003638, 102.62999221686530404, 5241.1829999999999927, 1, 5241.2250000000003638, 0.31404745647073423198, 5241.2250000000003638, 10.974415086535458386, 5241.2250000000003638, 0, 5241.1829999999999927, 0, 5241.2250000000003638, 0, 5241.2250000000003638, 0, 5241.2250000000003638, 0, 5241.1829999999999927, 0, 5241.2250000000003638, 0, 5241.2250000000003638, 0, 5241.2250000000003638, 106.27977180032870308, 5241.1829999999999927, 1, 5241.2250000000003638, 6.8168306822627551256, 5241.2250000000003638, 39.055223587378080197
5241.2299999999995634, 101.47673523116674232, 5241.1880000000001019, 1, 5241.2299999999995634, -2.8520390820110184116, 5241.2299999999995634, 10.081215910758970722, 5241.2299999999995634, 0, 5241.1880000000001019, 0, 5241.2299999999995634, 0, 5241.2299999999995634, 0, 5241.2299999999995634, 0, 5241.1880000000001019, 0, 5241.2299999999995634, 0, 5241.2299999999995634, 0, 5241.2299999999995634, 110.10881541391327687, 5241.1880000000001019, 1, 5241.2299999999995634, 1.836542472305703555, 5241.2299999999995634, 38.351496847706151527
5241.2349999999996726, 102.29806744377471261, 5241.193000000000211, 1, 5241.2349999999996726, 2.5653436478435271972, 5241.2349999999996726, 10.084585979213635198, 5241.2349999999996726, 0, 5241.193000000000211, 0, 5241.2349999999996726, 0, 5241.2349999999996726, 0, 5241.2349999999996726, 0, 5241.193000000000211, 0, 5241.2349999999996726, 0, 5241.2349999999996726, 0, 5241.2349999999996726, 107.39178602581007738, 5241.193000000000211, 1, 5241.2349999999996726, 6.6530569702872890403, 5241.2349999999996726, 39.1769932229367015
5241.2399999999997817, 100.35684142447856004, 5241.1999999999998181, 1, 5241.2399999999997817, -2.5678594488732535694, 5241.2399999999997817, 9.3003239375805222267, 5241.2399999999997817, 0, 5241.1999999999998181, 0, 5241.2399999999997817, 0, 5241.2399999999997817, 0, 5241.2399999999997817, 0, 5241.1999999999998181, 0, 5241.2399999999997817, 0, 5241.2399999999997817, 0, 5241.2399999999997817, 110.86368514436117039, 5241.1999999999998181, 1, 5241.2399999999997817, 0.17674704279605635282, 5241.2399999999997817, 38.420330729955168181
5241.2449999999998909, 101.79066775601189931, 5241.2030000000004293, 1, 5241.2449999999998909, 4.689007813784624723, 5241.2449999999998909, 9.152179117885218318, 5241.2449999999998909, 0, 5241.2030000000004293, 0, 5241.2449999999998909, 0, 5241.2449999999998909, 0, 5241.2449999999998909, 0, 5241.2030000000004293, 0, 5241.2449999999998909, 0, 5241.2449999999998909, 0, 5241.2449999999998909, 108.25348984049426804, 5241.2030000000004293, 1, 5241.2449999999998909, 6.7805024221469434309, 5241.2449999999998909, 39.044054679580639799
5241.2510000000002037, 98.660211176798441102, 5241.2079999999996289, 1, 5241.2510000000002037, -1.6782960683464800411, 5241.2510000000002037, 14.730913961754147579, 5241.2510000000002037, 0, 5241.2079999999996289, 0, 5241.2510000000002037, 0, 5241.2510000000002037, 0, 5241.2510000000002037, 0, 5241.2079999999996289, 0, 5241.2510000000002037, 0, 5241.2510000000002037, 0, 5241.2510000000002037, 109.72472843875260651, 5241.2079999999996289, 1, 5241.2510000000002037, -0.67222587323584781505, 5241.2510000000002037, 45.299705472465909395
5241.2550000000001091, 100.19110761216130356, 5241.2129999999997381, 1, 5241.2550000000001091, 5.3924335001901804176, 5241.2550000000001091, 14.592218096878134759, 5241.2550000000001091, 0, 5241.2129999999997381, 0, 5241.2550000000001091, 0, 5241.2550000000001091, 0, 5241.2550000000001091, 0, 5241.2129999999997381, 0, 5241.2550000000001091, 0, 5241.2550000000001091, 0, 5241.2550000000001091, 107.22404503640208873, 5241.2129999999997381, 1, 5241.2550000000001091, 5.9117904353558818897, 5241.2550000000001091, 45.557084634224949582
5241.2600000000002183, 98.273049135303722323, 5241.2179999999998472, 1, 5241.2600000000002183, 0.45710967523771350862, 5241.2600000000002183, 13.46696594834252636, 5241.2600000000002183, 0, 5241.2179999999998472, 0, 5241.2600000000002183, 0, 5241.2600000000002183, 0, 5241.2600000000002183, 0, 5241.2179999999998472, 0, 5241.2600000000002183, 0, 5241.2600000000002183, 0, 5241.2600000000002183, 111.10900338753343419, 5241.2179999999998472, 1, 5241.2600000000002183, 0.13536322468076389391, 5241.2600000000002183, 44.702644637400624106
5241.2650000000003274, 99.09808036564544409, 5241.2229999999999563, 1, 5241.2650000000003274, 5.0580821188679028211, 5241.2650000000003274, 13.027385788141707224, 5241.2650000000003274, 0, 5241.2229999999999563, 0, 5241.2650000000003274, 0, 5241.2650000000003274, 0, 5241.2650000000003274, 0, 5241.2229999999999563, 0, 5241.2650000000003274, 0, 5241.2650000000003274, 0, 5241.2650000000003274, 110.00974583522290118, 5241.2229999999999563, 1, 5241.2650000000003274, 4.3871216613969057363, 5241.2650000000003274, 44.56494850370712868
5241.2700000000004366, 97.882598091850383071, 5241.2280000000000655, 1, 5241.2700000000004366, 2.8401716633140945412, 5241.2700000000004366, 11.822900100256461542, 5241.2700000000004366, 0, 5241.2280000000000655, 0, 5241.2700000000004366, 0, 5241.2700000000004366, 0, 5241.2700000000004366, 0, 5241.2280000000000655, 0, 5241.2700000000004366, 0, 5241.2700000000004366, 0, 5241.2700000000004366, 113.24260861193673122, 5241.2280000000000655, 1, 5241.2700000000004366, 1.5609905870092153357, 5241.2700000000004366, 43.589828010258116819
5241.2749999999996362, 97.955436265019898201, 5241.2340000000003783, 1, 5241.2749999999996362, 5.0061170625053730276, 5241.2749999999996362, 10.996443287598140159, 5241.2749999999996362, 0, 5241.2340000000003783, 0, 5241.2749999999996362, 0, 5241.2749999999996362, 0, 5241.2749999999996362, 0, 5241.2340000000003783, 0, 5241.2749999999996362, 0, 5241.2749999999996362, 0, 5241.2749999999996362, 113.5654125012229656, 5241.2340000000003783, 1, 5241.2749999999996362, 3.4600448889950210507, 5241.2749999999996362, 42.983525804443623031
5241.2799999999997453, 97.164785860523849692, 5241.2380000000002838, 1, 5241.2799999999997453, 4.6147640905098050723, 5241.2799999999997453, 9.673023991045319292, 5241.2799999999997453, 0, 5241.2380000000002838, 0, 5241.2799999999997453, 0, 5241.2799999999997453, 0, 5241.2799999999997453, 0, 5241.2380000000002838, 0, 5241.2799999999997453, 0, 5241.2799999999997453, 0, 5241.2799999999997453, 116.1702372278300146, 5241.2380000000002838, 1, 5241.2799999999997453, 2.6146632173101211905, 5241.2799999999997453, 41.835337276838188814
5241.2839999999996508, 96.792066181644230483, 5241.2430000000003929, 1, 5241.2839999999996508, 5.6138225095655949204, 5241.2839999999996508, 8.4926381268292061577, 5241.2839999999996508, 0, 5241.2430000000003929, 0, 5241.2839999999996508, 0, 5241.2839999999996508, 0, 5241.2839999999996508, 0, 5241.2430000000003929, 0, 5241.2839999999996508, 0, 5241.2839999999996508, 0, 5241.2839999999996508, 117.22848374098799695, 5241.2430000000003929, 1, 5241.2839999999996508, 3.3482174705204852394, 5241.2839999999996508, 40.801467161008190487
5241.2910000000001673, 95.422938422785691159, 5241.2479999999995925, 1, 5241.2910000000001673, 5.8953353126104142135, 5241.2910000000001673, 13.469608136640161433, 5241.2910000000001673, 0, 5241.2479999999995925, 0, 5241.2910000000001673, 0, 5241.2910000000001673, 0, 5241.2910000000001673, 0, 5241.2479999999995925, 0, 5241.2910000000001673, 0, 5241.2910000000001673, 0, 5241.2910000000001673, 116.28254799469226555, 5241.2479999999995925, 1, 5241.2910000000001673, 3.222002561193791248, 5241.2910000000001673, 47.365560736230072791
5241.2950000000000728, 94.97096976363371823, 5241.2529999999997017, 1, 5241.2950000000000728, 6.5091784730452717511, 5241.2950000000000728, 12.006617590419253361, 5241.2950000000000728, 0, 5241.2529999999997017, 0, 5241.2950000000000728, 0, 5241.2950000000000728, 0, 5241.2950000000000728, 0, 5241.2529999999997017, 0, 5241.2950000000000728, 0, 5241.2950000000000728, 0, 5241.2950000000000728, 117.3459452731744932, 5241.2529999999997017, 1, 5241.2950000000000728, 3.5086781309250865135, 5241.2950000000000728, 46.075722848378035224
5241.3010000000003856, 94.534411319478934388, 5241.2579999999998108, 1, 5241.3010000000003856, 6.7441558348173789028, 5241.3010000000003856, 10.656570821739066446, 5241.3010000000003856, 0, 5241.2579999999998108, 0, 5241.3010000000003856, 0, 5241.3010000000003856, 0, 5241.3010000000003856, 0, 5241.2579999999998108, 0, 5241.3010000000003856, 0, 5241.3010000000003856, 0, 5241.3010000000003856, 116.9915437967270293, 5241.2579999999998108, 1, 5241.3010000000003856, 3.0441772461619440726, 5241.3010000000003856, 44.716132867817371732
5241.305000000000291, 94.431970872934954286, 5241.26299999999992, 1, 5241.305000000000291, 7.2236444985126357921, 5241.305000000000291, 9.1711234782583659353, 5241.305000000000291, 0, 5241.26299999999992, 0, 5241.305000000000291, 0, 5241.305000000000291, 0, 5241.305000000000291, 0, 5241.26299999999992, 0, 5241.305000000000291, 0, 5241.305000000000291, 0, 5241.305000000000291, 117.36597905617959725, 5241.26299999999992, 1, 5241.305000000000291, 3.2126029606779193948, 5241.305000000000291, 43.30642127846917333
5241.3100000000004002, 93.969692086223957972, 5241.2680000000000291, 1, 5241.3100000000004002, 7.477735241593609139, 5241.3100000000004002, 7.3273756736626154407, 5241.3100000000004002, 0, 5241.2680000000000291, 0, 5241.3100000000004002, 0, 5241.3100000000004002, 0, 5241.3100000000004002, 0, 5241.2680000000000291, 0, 5241.3100000000004002, 0, 5241.3100000000004002, 0, 5241.3100000000004002, 118.99146210974842575, 5241.2680000000000291, 1, 5241.3100000000004002, 3.2467955301568829363, 5241.3100000000004002, 41.554173617715058242
5241.3149999999995998, 94.063201117263929518, 5241.2730000000001382, 1, 5241.3149999999995998, 7.7005747137748494779, 5241.3149999999995998, 5.3585727051996769887, 5241.3149999999995998, 0, 5241.2730000000001382, 0, 5241.3149999999995998, 0, 5241.3149999999995998, 0, 5241.3149999999995998, 0, 5241.2730000000001382, 0, 5241.3149999999995998, 0, 5241.3149999999995998, 0, 5241.3149999999995998, 121.10679255525683118, 5241.2730000000001382, 1, 5241.3149999999995998, 3.4116490354659418927, 5241.3149999999995998, 39.678450529489040832
5241.319999999999709, 94.901587329511528424, 5241.2780000000002474, 1, 5241.319999999999709, 4.3578735282776692728, 5241.319999999999709, 0.54513364311114997918, 5241.319999999999709, 0, 5241.2780000000002474, 0, 5241.319999999999709, 0, 5241.319999999999709, 0, 5241.319999999999709, 0, 5241.2780000000002474, 0, 5241.319999999999709, 0, 5241.319999999999709, 0, 5241.319999999999709, 122.80066838261194562, 5241.2780000000002474, 1, 5241.319999999999709, 7.041656119399723579, 5241.319999999999709, 23.715343807522117459
5241.3260000000000218, 95.09582790150408016, 5241.2830000000003565, 1, 5241.3260000000000218, 6.6409207631710431841, 5241.3260000000000218, 7.9335185037366997562, 5241.3260000000000218, 0, 5241.2830000000003565, 0, 5241.3260000000000218, 0, 5241.3260000000000218, 0, 5241.3260000000000218, 331.37630422437678135, 5241.2830000000003565, 0, 5241.3260000000000218, -28.360624852685774044, 5241.3260000000000218, -112.31076899142948378, 5241.3260000000000218, 112.8234422383825688, 5241.2830000000003565, 1, 5241.3260000000000218, -0.27721502166868861039, 5241.3260000000000218, 42.227871125624481863
5241.3299999999999272, 84.266487938829172322, 5241.2879999999995562, 1, 5241.3299999999999272, -0.026367299069828511321, 5241.3299999999999272, 17.7389508424839768, 5241.3299999999999272, 298.00332092110932081, 5241.2879999999995562, 0, 5241.3299999999999272, 42.626653953577154255, 5241.3299999999999272, -49.731148792029785, 5241.3299999999999272, 290.11203643663043295, 5241.2879999999995562, 0, 5241.3299999999999272, -67.172517444760742933, 5241.3299999999999272, -55.604828477297601808, 5241.3299999999999272, 43.825087199511969516, 5241.2879999999995562, 1, 5241.3299999999999272, -21.592885264659699374, 5241.3299999999999272, 32.405678385675521724
5241.3350000000000364, 34.24274508425185104, 5241.2929999999996653, 1, 5241.3350000000000364, 14.873235903466794028, 5241.3350000000000364, 15.294260145352602365, 5241.3350000000000364, 227.07546212563835297, 5241.2929999999996653, 0, 5241.3350000000000364, 44.849353508734367324, 5241.3350000000000364, -45.572187967035873157, 5241.3350000000000364, 167.28727630253291636, 5241.2929999999996653, 0, 5241.3350000000000364, -36.403137601016183567, 5241.3350000000000364, -28.829995414345560789, 5241.3350000000000364, 8.6782443953465726594, 5241.2929999999996653, 1, 5241.3350000000000364, -5.9362705270273652403, 5241.3350000000000364, 7.493904528687984623
5241.3410000000003492, 8.0768684001689408092, 5241.2979999999997744, 1, 5241.3410000000003492, 5.6364743054019834645, 5241.3410000000003492, 5.2329264519423199786, 5241.3410000000003492, 79.838393973381855062, 5241.2979999999997744, 0, 5241.3410000000003492, 11.196272356773322443, 5241.3410000000003492, 29.919894413194960237, 5241.3410000000003492, 69.910684898338260496, 5241.2979999999997744, 0, 5241.3410000000003492, -16.749619101253351516, 5241.3410000000003492, 40.642922290172961652, 5241.3410000000003492, 18.674210051124767062, 5241.2979999999997744, 1, 5241.3410000000003492, -7.1305783701435201394, 5241.3410000000003492, 15.054944411801162829
5241.3500000000003638, 4.4359038438866829068, 5241.3029999999998836, 1, 5241.3500000000003638, 3.0569569299188859013, 5241.3500000000003638, 2.8016834947971660519, 5241.3500000000003638, 43.058345950403527524, 5241.3029999999998836, 0, 5241.3500000000003638, 6.2364237926530270428, 5241.3500000000003638, 21.968197521209642531, 5241.3500000000003638, 66.926921165068151254, 5241.3029999999998836, 0, 5241.3500000000003638, -9.137420343577387527, 5241.3500000000003638, 20.173818159458587473, 5241.3500000000003638, 35.598606416104530581, 5241.3029999999998836, 1, 5241.3500000000003638, 2.5079085866212067479, 5241.3500000000003638, 24.163822327544288271
5241.3500000000003638, 4.8226501222419031478, 5241.3079999999999927, 1, 5241.3500000000003638, 3.1700175822206806409, 5241.3500000000003638, 1.3163035591165481719, 5241.3500000000003638, 22.997190347547277867, 5241.3079999999999927, 0, 5241.3500000000003638, 1.8914660184353362382, 5241.3500000000003638, 14.067651784952660776, 5241.3500000000003638, 53.227176228033471261, 5241.3079999999999927, 0, 5241.3500000000003638, -3.5643928002666855903, 5241.3500000000003638, 10.438319687162547211, 5241.3500000000003638, 48.424584234975988295, 5241.3079999999999927, 1, 5241.3500000000003638, 5.9736934828995940094, 5241.3500000000003638, 21.018763085126852985
5241.3549999999995634, 8.3901074263921078256, 5241.3130000000001019, 1, 5241.3549999999995634, 5.4148117095215244632, 5241.3549999999995634, 1.233662482099021851, 5241.3549999999995634, 14.892254380418911808, 5241.3130000000001019, 0, 5241.3549999999995634, -0.61267741428268807091, 5241.3549999999995634, 8.1494590116405767333, 5241.3549999999995634, 38.318069086167739101, 5241.3130000000001019, 0, 5241.3549999999995634, 0.36108955752558319352, 5241.3549999999995634, 6.0572830849843537493, 5241.3549999999995634, 51.6608105584819981, 5241.3130000000001019, 1, 5241.3549999999995634, 6.9702115985098798134, 5241.3549999999995634, 20.564513225840578059
5241.3599999999996726, 12.038288725314554739, 5241.318000000000211, 1, 5241.3599999999996726, 7.2590027037077771155, 5241.3599999999996726, 1.6262795827615592614, 5241.3599999999996726, 20.613212674351338194, 5241.318000000000211, 0, 5241.3599999999996726, -1.2933738528921325805, 5241.3599999999996726, 4.2249624664754774628, 5241.3599999999996726, 35.074924392307451626, 5241.318000000000211, 0, 5241.3599999999996726, 0.55518772551826078843, 5241.3599999999996726, 5.7098452695593717721, 5241.3599999999996726, 52.919240090703624446, 5241.318000000000211, 1, 5241.3599999999996726, 7.8552390962825899834, 5241.3599999999996726, 16.702678193265914075
5241.3649999999997817, 17.214487843938119482, 5241.3230000000003201, 1, 5241.3649999999997817, 9.7911843225734305207, 5241.3649999999997817, 3.3436220874572946116, 5241.3649999999997817, 22.674828677634337737, 5241.3230000000003201, 0, 5241.3649999999997817, -2.1358625448328134588, 5241.3649999999997817, 0.13352575340097772028, 5241.3649999999997817, 27.111011440096184799, 5241.3230000000003201, 0, 5241.3649999999997817, 1.4981473644853489091, 5241.3649999999997817, 5.7096489455217991349, 5241.3649999999997817, 52.46581768901337739, 5241.3230000000003201, 1, 5241.3649999999997817, 6.2901697544080859004, 5241.3649999999997817, 24.258745313263197829
5241.3699999999998909, 24.254408051431951776, 5241.3280000000004293, 1, 5241.3699999999998909, 7.5591547424415184153, 5241.3699999999998909, 4.5214911706408535963, 5241.3699999999998909, 30.492689176100782333, 5241.3280000000004293, 0, 5241.3699999999998909, -1.8230160806643116445, 5241.3699999999998909, -3.4561763037725050651, 5241.3699999999998909, 25.105263936821607729, 5241.3280000000004293, 0, 5241.3699999999998909, 1.5180505115251325954, 5241.3699999999998909, 4.8266033662657932268, 5241.3699999999998909, 52.716060057364693137, 5241.3280000000004293, 1, 5241.3699999999998909, 5.8971669672129616302, 5241.3699999999998909, 24.157699623498800179
5241.375, 33.083850573513878146, 5241.3329999999996289, 1, 5241.375, 5.7783288505900225474, 5241.375, 5.5543915084137758242, 5241.375, 36.644588998060889651, 5241.3329999999996289, 1, 5241.375, -0.948715105159167571, 5241.375, -6.693514548725595148, 5241.375, 24.696826578128661112, 5241.3329999999996289, 1, 5241.375, 1.7537509432403666221, 5241.375, 3.3979356426577762562, 5241.375, 53.079952443833398945, 5241.3329999999996289, 1, 5241.375, 5.9334110405553088796, 5241.375, 23.859126791984724747
5241.3800000000001091, 40.637023856547813239, 5241.3379999999997381, 1, 5241.3800000000001091, 4.2434899459665231802, 5241.3800000000001091, 6.2101339234282448842, 5241.3800000000001091, 41.959104894704140065, 5241.3379999999997381, 1, 5241.3800000000001091, -0.085913407353646956133, 5241.3800000000001091, -9.4173558911601489285, 5241.3800000000001091, 24.985737150159707198, 5241.3379999999997381, 1, 5241.3800000000001091, 1.7666860952026726128, 5241.3800000000001091, 2.0558868987227718605, 5241.3800000000001091, 52.991877509893384968, 5241.3379999999997381, 1, 5241.3800000000001091, 5.7837226508720815943, 5241.3800000000001091, 23.400388050163609677
5241.3850000000002183, 46.231171451442875764, 5241.3429999999998472, 1, 5241.3850000000002183, 3.0941434638860445538, 5241.3850000000002183, 6.5070735349252633029, 5241.3850000000002183, 46.450323070550396665, 5241.3429999999998472, 1, 5241.3850000000002183, 0.70641255329992969081, 5241.3850000000002183, -11.805631781592037299, 5241.3850000000002183, 25.526743000843168829, 5241.3429999999998472, 1, 5241.3850000000002183, 1.675624087677000551, 5241.3850000000002183, 0.75258216358856699912, 5241.3850000000002183, 52.655173846501774904, 5241.3429999999998472, 1, 5241.3850000000002183, 5.5291164064070716933, 5241.3850000000002183, 22.848161391193361425
5241.3900000000003274, 49.657861198224523491, 5241.3490000000001601, 1, 5241.3900000000003274, 2.3792860423492050437, 5241.3900000000003274, 6.4505828227735229063, 5241.3900000000003274, 49.882074473289762295, 5241.3490000000001601, 1, 5241.3900000000003274, 1.333673831109313701, 5241.3900000000003274, -13.59537646505675923, 5241.3900000000003274, 26.057698960580825798, 5241.3490000000001601, 1, 5241.3900000000003274, 1.5066070712109900231, 5241.3900000000003274, -0.2232527931506798069, 5241.3900000000003274, 51.29261812825545519, 5241.3490000000001601, 1, 5241.3900000000003274, 5.0663626057764119537, 5241.3900000000003274, 22.115033282595202735
5241.3950000000004366, 52.372612420288405133, 5241.3530000000000655, 1, 5241.3950000000004366, 1.7660695122376321997, 5241.3950000000004366, 7.1094739657595766857, 5241.3950000000004366, 52.786434747200630113, 5241.3530000000000655, 1, 5241.3950000000004366, 1.8659134763102525056, 5241.3950000000004366, -14.628791344737830826, 5241.3950000000004366, 26.598501698276315608, 5241.3530000000000655, 1, 5241.3950000000004366, 1.3066631210390975415, 5241.3950000000004366, -3.197290903923912353, 5241.3950000000004366, 52.275375405035973131, 5241.3530000000000655, 1, 5241.3950000000004366, 5.8967987670634967046, 5241.3950000000004366, 15.22340396852628075
5241.3999999999996362, 53.875260292256768935, 5241.3590000000003783, 1, 5241.3999999999996362, 1.331996302411028843, 5241.3999999999996362, 9.7486029477009541466, 5241.3999999999996362, 55.541662880215270093, 5241.3590000000003783, 1, 5241.3999999999996362, 2.2773788884017278633, 5241.3999999999996362, -13.799473604478734501, 5241.3999999999996362, 27.405533709272013709, 5241.3590000000003783, 1, 5241.3999999999996362, 1.1419291101052544413, 5241.3999999999996362, -0.7929769184431680884, 5241.3999999999996362, 47.273722185035666143, 5241.3590000000003783, 1, 5241.3999999999996362, 4.2063172878300809643, 5241.3999999999996362, 23.975835149372969113
5241.4049999999997453, 48.999480570703326521, 5241.3630000000002838, 1, 5241.4049999999997453, 2.2225324515714648399, 5241.4049999999997453, 3.2682452494432485679, 5241.4049999999997453, 57.764550734153246481, 5241.3630000000002838, 1, 5241.4049999999997453, 2.9007057264918989503, 5241.4049999999997453, -14.94222096609315642, 5241.4049999999997453, 27.822592374950680494, 5241.3630000000002838, 1, 5241.4049999999997453, 0.98673448139730046691, 5241.4049999999997453, -1.4908899375404942589, 5241.4049999999997453, 39.166110169311508571, 5241.3630000000002838, 1, 5241.4049999999997453, 2.1371601794209178493, 5241.4049999999997453, 16.654110895310950013
5241.4110000000000582, 50.753218108363576277, 5241.3680000000003929, 1, 5241.4110000000000582, 1.8290340797239796888, 5241.4110000000000582, 5.7514603677060129883, 5241.4110000000000582, 63.370896143093773389, 5241.3680000000003929, 1, 5241.4110000000000582, 3.5146936621071631635, 5241.4110000000000582, -15.883779842344985411, 5241.4110000000000582, 26.631278446736779131, 5241.3680000000003929, 1, 5241.4110000000000582, 0.91837497871983908571, 5241.4110000000000582, -0.60703563992337983279, 5241.4110000000000582, 33.040682919662401673, 5241.3680000000003929, 1, 5241.4110000000000582, 1.0441989645417262267, 5241.4110000000000582, 13.756948223139467302
5241.4160000000001673, 51.566524387757482373, 5241.3729999999995925, 1, 5241.4160000000001673, -0.26196986163259178282, 5241.4160000000001673, 33.010188824600106727, 5241.4160000000001673, 58.989791371334177938, 5241.3729999999995925, 1, 5241.4160000000001673, 1.3828754217012908523, 5241.4160000000001673, -18.853800854053179847, 5241.4160000000001673, 40.592233832626433809, 5241.3729999999995925, 1, 5241.4160000000001673, -2.7267307798483999548, 5241.4160000000001673, -7.3226191456376881206, 5241.4160000000001673, 43.673125217585031521, 5241.3729999999995925, 1, 5241.4160000000001673, 3.9999535946828816968, 5241.4160000000001673, 31.266291157187247052
5241.4210000000002765, 0, 5241.3779999999997017, 1, 5241.4210000000002765, 0, 5241.4210000000002765, 0, 5241.4210000000002765, 60.938050935964923838, 5241.3779999999997017, 1, 5241.4210000000002765, 3.7552990014205192004, 5241.4210000000002765, -23.423111550334745345, 5241.4210000000002765, 65.111431665347311082, 5241.3779999999997017, 1, 5241.4210000000002765, -7.0212711545388035717, 5241.4210000000002765, -16.614459005397723246, 5241.4210000000002765, 0.68572307516504515945, 5241.3779999999997017, 1, 5241.4210000000002765, -0.43602042929409390304, 5241.4210000000002765, 0.50469230905736939263
5241.4260000000003856, 0, 5241.3829999999998108, 1, 5241.4260000000003856, 0, 5241.4260000000003856, 0, 5241.4260000000003856, 73.882787118424872119, 5241.3829999999998108, 1, 5241.4260000000003856, 7.2747304089509743363, 5241.4260000000003856, -25.632505855750757462, 5241.4260000000003856, 71.045942776793808093, 5241.3829999999998108, 1, 5241.4260000000003856, -7.6860209024323111748, 5241.4260000000003856, -16.782645426367267305, 5241.4260000000003856, 0, 5241.3829999999998108, 1, 5241.4260000000003856, 0, 5241.4260000000003856, 0
5241.4369999999998981, 0, 5241.38799999999992, 1, 5241.4369999999998981, 0, 5241.4369999999998981, 0, 5241.4369999999998981, 88.600723528895144909, 5241.38799999999992, 1, 5241.4369999999998981, 9.4911436118627836578, 5241.4369999999998981, -24.473209584136462524, 5241.4369999999998981, 77.366911560458845543, 5241.38799999999992, 1, 5241.4369999999998981, -5.5206494032970656605, 5241.4369999999998981, -13.888179399026956418, 5241.4369999999998981, 0, 5241.38799999999992, 1, 5241.4369999999998981, 0, 5241.4369999999998981, 0
5241.4409999999998035, 0, 5241.3930000000000291, 1, 5241.4409999999998035, 0, 5241.4409999999998035, 0, 5241.4409999999998035, 97.585053724635301364, 5241.3930000000000291, 1, 5241.4409999999998035, 11.800366790944934792, 5241.4409999999998035, -23.517851745236029615, 5241.4409999999998035, 73.029005725115524683, 5241.3930000000000291, 1, 5241.4409999999998035, -6.1199402566950551474, 5241.4409999999998035, -9.9907759694210049872, 5241.4409999999998035, 0, 5241.3930000000000291, 1, 5241.4409999999998035, 0, 5241.4409999999998035, 0
5241.4459999999999127, 0, 5241.3980000000001382, 1, 5241.4459999999999127, 0, 5241.4459999999999127, 0, 5241.4459999999999127, 107.89205514444415712, 5241.3980000000001382, 1, 5241.4459999999999127, 13.763678454450712252, 5241.4459999999999127, -23.662189593779203278, 5241.4459999999999127, 75.754851701557257115, 5241.3980000000001382, 1, 5241.4459999999999127, -2.4154096684762453862, 5241.4459999999999127, -8.5993093404268350355, 5241.4459999999999127, 0, 5241.3980000000001382, 1, 5241.4459999999999127, 0, 5241.4459999999999127, 0
5241.4510000000000218, 0, 5241.4030000000002474, 1, 5241.4510000000000218, 0, 5241.4510000000000218, 0, 5241.4510000000000218, 113.68104027773699727, 5241.4030000000002474, 1, 5241.4510000000000218, 15.286972163684845682, 5241.4510000000000218, -22.628312319206322911, 5241.4510000000000218, 69.308907330132200286, 5241.4030000000002474, 1, 5241.4510000000000218, -2.5876878149538877771, 5241.4510000000000218, -4.7970289001044079669, 5241.4510000000000218, 0, 5241.4030000000002474, 1, 5241.4510000000000218, 0, 5241.4510000000000218, 0
5241.456000000000131, 0, 5241.4080000000003565, 0, 5241.456000000000131, 0, 5241.456000000000131, 0, 5241.456000000000131, 119.86505774840523486, 5241.4080000000003565, 1, 5241.456000000000131, 16.567979024962024681, 5241.456000000000131, -23.025569377941025095, 5241.456000000000131, 71.802367037510265391, 5241.4080000000003565, 1, 5241.456000000000131, 0.94618421026774779392, 5241.456000000000131, -4.1361200620607689871, 5241.456000000000131, 0, 5241.4080000000003565, 0, 5241.456000000000131, 0, 5241.456000000000131, 0
5241.4600000000000364, 0, 5241.4129999999995562, 0, 5241.4600000000000364, 0, 5241.4600000000000364, 0, 5241.4600000000000364, 123.26895424837329074, 5241.4129999999995562, 1, 5241.4600000000000364, 17.522418131606464442, 5241.4600000000000364, -21.642457734285613924, 5241.4600000000000364, 64.952777911111951425, 5241.4129999999995562, 1, 5241.4600000000000364, 0.81481565954355994474, 5241.4600000000000364, -0.34078667664749673349, 5241.4600000000000364, 0, 5241.4129999999995562, 0, 5241.4600000000000364, 0, 5241.4600000000000364, 0
5241.4660000000003492, 0, 5241.4179999999996653, 0, 5241.4660000000003492, 0, 5241.4660000000003492, 0, 5241.4660000000003492, 126.86629397711352851, 5241.4179999999996653, 1, 5241.4660000000003492, 18.213810281057817519, 5241.4660000000003492, -21.865514317537623867, 5241.4660000000003492, 68.224058779464414215, 5241.4179999999996653, 1, 5241.4660000000003492, 3.8676437035893251881, 5241.4660000000003492, -0.12151218926391038622, 5241.4660000000003492, 0, 5241.4179999999996653, 0, 5241.4660000000003492, 0, 5241.4660000000003492, 0
5241.4709999999995489, 0, 5241.4229999999997744, 0, 5241.4709999999995489, 0, 5241.4709999999995489, 0, 5241.4709999999995489, 127.83942868294666084, 5241.4229999999997744, 1, 5241.4709999999995489, 18.387709752973371735, 5241.4709999999995489, -20.510678241141803824, 5241.4709999999995489, 62.713381495598980564, 5241.4229999999997744, 1, 5241.4709999999995489, 3.1702117657069632806, 5241.4709999999995489, 2.9868894800333194439, 5241.4709999999995489, 0, 5241.4229999999997744, 0, 5241.4709999999995489, 0, 5241.4709999999995489, 0
5241.4780000000000655, 0, 5241.4279999999998836, 0, 5241.4780000000000655, 0, 5241.4780000000000655, 0, 5241.4780000000000655, 131.30103191354396586, 5241.4279999999998836, 1, 5241.4780000000000655, 18.930824508554181307, 5241.4780000000000655, -13.887766889169363083, 5241.4780000000000655, 66.543487630124161569, 5241.4279999999998836, 1, 5241.4780000000000655, 5.8874950338306435427, 5241.4780000000000655, 6.3045908937601424782, 5241.4780000000000655, 0, 5241.4279999999998836, 0, 5241.4780000000000655, 0, 5241.4780000000000655, 0
5241.4780000000000655, 0, 5241.4329999999999927, 0, 5241.4780000000000655, 0, 5241.4780000000000655, 0, 5241.4780000000000655, 131.56763393210266599, 5241.4329999999999927, 1, 5241.4780000000000655, 18.776138338712893727, 5241.4780000000000655, -12.387767573465197302, 5241.4780000000000655, 60.728843987479606881, 5241.4329999999999927, 1, 5241.4780000000000655, 5.004936796918259212, 5241.4780000000000655, 9.1283718624050393942, 5241.4780000000000655, 0, 5241.4329999999999927, 0, 5241.4780000000000655, 0, 5241.4780000000000655, 0
5241.4859999999998763, 0, 5241.4380000000001019, 0, 5241.4859999999998763, 0, 5241.4859999999998763, 0, 5241.4859999999998763, 131.81725917853671604, 5241.4380000000001019, 1, 5241.4859999999998763, 18.467341593175962799, 5241.4859999999998763, -11.726848570581552167, 5241.4859999999998763, 66.842972046152965504, 5241.4380000000001019, 1, 5241.4859999999998763, 6.841470217234174811, 5241.4859999999998763, 8.8755570631906905987, 5241.4859999999998763, 0, 5241.4380000000001019, 0, 5241.4859999999998763, 0, 5241.4859999999998763, 0
5241.4859999999998763, 0, 5241.443000000000211, 0, 5241.4859999999998763, 0, 5241.4859999999998763, 0, 5241.4859999999998763, 131.64325265721873848, 5241.443000000000211, 1, 5241.4859999999998763, 18.328770388199039587, 5241.4859999999998763, -10.409514104430201087, 5241.4859999999998763, 62.302037081588288459, 5241.443000000000211, 1, 5241.4859999999998763, 5.672102836685533056, 5241.4859999999998763, 11.157197457749511216, 5241.4859999999998763, 0, 5241.443000000000211, 0, 5241.4859999999998763, 0, 5241.4859999999998763, 0
5241.4909999999999854, 0, 5241.4480000000003201, 0, 5241.4909999999999854, 0, 5241.4909999999999854, 0, 5241.4909999999999854, 131.37509403053678625, 5241.4480000000003201, 1, 5241.4909999999999854, 17.679985028376901113, 5241.4909999999999854, -10.721472561661627765, 5241.4909999999999854, 68.326846001289140986, 5241.4480000000003201, 1, 5241.4909999999999854, 7.1690770946766333438, 5241.4909999999999854, 10.434238321671731597, 5241.4909999999999854, 0, 5241.4480000000003201, 0, 5241.4909999999999854, 0, 5241.4909999999999854, 0
5241.4960000000000946, 0, 5241.4530000000004293, 0, 5241.4960000000000946, 0, 5241.4960000000000946, 0, 5241.4960000000000946, 130.59460390528374774, 5241.4530000000004293, 1, 5241.4960000000000946, 17.328439998825462709, 5241.4960000000000946, -9.552983301657810955, 5241.4960000000000946, 64.667081926578049433, 5241.4530000000004293, 1, 5241.4960000000000946, 5.7647215537332971991, 5241.4960000000000946, 12.359416060775718194, 5241.4960000000000946, 0, 5241.4530000000004293, 0, 5241.4960000000000946, 0, 5241.4960000000000946, 0
5241.5, 0, 5241.4579999999996289, 0, 5241.5, 0, 5241.5, 0, 5241.5, 129.84542304335431595, 5241.4579999999996289, 1, 5241.5, 16.549317207537644236, 5241.5, -10.001306958195890218, 5241.5, 71.47792000851342209, 5241.4579999999996289, 1, 5241.5, 6.9845110603487459144, 5241.5, 11.308361432143758663, 5241.5, 0, 5241.4579999999996289, 0, 5241.5, 0, 5241.5, 0
5241.5050000000001091, 0, 5241.4629999999997381, 0, 5241.5050000000001091, 0, 5241.5050000000001091, 0, 5241.5050000000001091, 128.90049950962747971, 5241.4629999999997381, 1, 5241.5050000000001091, 16.012985397325021353, 5241.5050000000001091, -8.8627535652887914353, 5241.5050000000001091, 67.669208231353763949, 5241.4629999999997381, 1, 5241.5050000000001091, 5.4045053110506371397, 5241.5050000000001091, 13.191876449061304299, 5241.5050000000001091, 0, 5241.4629999999997381, 0, 5241.5050000000001091, 0, 5241.5050000000001091, 0
5241.511000000000422, 0, 5241.4679999999998472, 0, 5241.511000000000422, 0, 5241.511000000000422, 0, 5241.511000000000422, 127.3920131811437102, 5241.4679999999998472, 1, 5241.511000000000422, 15.088577832819021651, 5241.511000000000422, -9.5629357642570624876, 5241.511000000000422, 75.834363594434947231, 5241.4679999999998472, 1, 5241.511000000000422, 6.32048662931232208, 5241.511000000000422, 11.601095001235336213, 5241.511000000000422, 0, 5241.4679999999998472, 0, 5241.511000000000422, 0, 5241.511000000000422, 0
5241.5150000000003274, 0, 5241.4729999999999563, 0, 5241.5150000000003274, 0, 5241.5150000000003274, 0, 5241.5150000000003274, 125.99650109651258845, 5241.4729999999999563, 1, 5241.5150000000003274, 16.128559421550850317, 5241.5150000000003274, -10.597123413093783029, 5241.5150000000003274, 72.920201893504611235, 5241.4729999999999563, 1, 5241.5150000000003274, 2.8775388722104535688, 5241.5150000000003274, 10.901069911241570765, 5241.5150000000003274, 0, 5241.4729999999999563, 0, 5241.5150000000003274, 0, 5241.5150000000003274, 0
5241.5200000000004366, 0, 5241.4780000000000655, 0, 5241.5200000000004366, 0, 5241.5200000000004366, 0, 5241.5200000000004366, 125.41105823324275548, 5241.4780000000000655, 1, 5241.5200000000004366, 15.303650641746839867, 5241.5200000000004366, -12.39425175305066773, 5241.5200000000004366, 80.917832931604834812, 5241.4780000000000655, 1, 5241.5200000000004366, 3.4122796754087159066, 5241.5200000000004366, 8.0487244764657148721, 5241.5200000000004366, 0, 5241.4780000000000655, 0, 5241.5200000000004366, 0, 5241.5200000000004366, 0
5241.5309999999999491, 0, 5241.4830000000001746, 0, 5241.5309999999999491, 0, 5241.5309999999999491, 0, 5241.5309999999999491, 124.03839570768140277, 5241.4830000000001746, 1, 5241.5309999999999491, 14.650084431287902831, 5241.5309999999999491, -13.445770411660582511, 5241.5309999999999491, 80.592228147509075598, 5241.4830000000001746, 1, 5241.5309999999999491, 1.3330787697289123717, 5241.5309999999999491, 7.2703103810939140317, 5241.5309999999999491, 0, 5241.4830000000001746, 0, 5241.5309999999999491, 0, 5241.5309999999999491, 0
5241.5360000000000582, 0, 5241.4880000000002838, 0, 5241.5360000000000582, 0, 5241.5360000000000582, 0, 5241.5360000000000582, 122.91163571850333369, 5241.4880000000002838, 1, 5241.5360000000000582, 13.864818628639090647, 5241.5360000000000582, -11.555252023744756684, 5241.5360000000000582, 82.71268894042481179, 5241.4880000000002838, 1, 5241.5360000000000582, 3.3046996428830035519, 5241.5360000000000582, 8.8343524602032488247, 5241.5360000000000582, 0, 5241.4880000000002838, 0, 5241.5360000000000582, 0, 5241.5360000000000582, 0
5241.5360000000000582, 0, 5241.4930000000003929, 0, 5241.5360000000000582, 0, 5241.5360000000000582, 0, 5241.5360000000000582, 120.44047446226258558, 5241.4930000000003929, 1, 5241.5360000000000582, 12.393024491650493246, 5241.5360000000000582, -8.2840424889736397063, 5241.5360000000000582, 77.289360565825958815, 5241.4930000000003929, 1, 5241.5360000000000582, 1.7793461947881796803, 5241.5360000000000582, 13.087650057038345608, 5241.5360000000000582, 0, 5241.4930000000003929, 0, 5241.5360000000000582, 0, 5241.5360000000000582, 0
5241.5460000000002765, 0, 5241.4989999999997963, 0, 5241.5460000000002765, 0, 5241.5460000000002765, 0, 5241.5460000000002765, 119.45848227978569867, 5241.4989999999997963, 1, 5241.5460000000002765, 12.115524441023188373, 5241.5460000000002765, -9.8788571555543143177, 5241.5460000000002765, 86.965036509751172389, 5241.4989999999997963, 1, 5241.5460000000002765, 2.4154947935567205874, 5241.5460000000002765, 9.8441527705255253977, 5241.5460000000002765, 0, 5241.4989999999997963, 0, 5241.5460000000002765, 0, 5241.5460000000002765, 0
5241.5510000000003856, 0, 5241.5029999999997017, 0, 5241.5510000000003856, 0, 5241.5510000000003856, 0, 5241.5510000000003856, 118.82599606416162885, 5241.5029999999997017, 1, 5241.5510000000003856, 9.1173160318163528615, 5241.5510000000003856, 5.4832977961260453981, 5241.5510000000003856, 82.279495283152499496, 5241.5029999999997017, 1, 5241.5510000000003856, 2.1236148461445907287, 5241.5510000000003856, 22.734534204988197104, 5241.5510000000003856, 0, 5241.5029999999997017, 0, 5241.5510000000003856, 0, 5241.5510000000003856, 0
5241.5559999999995853, 0, 5241.5090000000000146, 0, 5241.5559999999995853, 0, 5241.5559999999995853, 0, 5241.5559999999995853, 116.82426622938683636, 5241.5090000000000146, 1, 5241.5559999999995853, 9.4926238364845261231, 5241.5559999999995853, 4.4132392775531528173, 5241.5559999999995853, 88.897469660455840312, 5241.5090000000000146, 1, 5241.5559999999995853, 3.8907685197191881343, 5241.5559999999995853, 21.647076767556455934, 5241.5559999999995853, 0, 5241.5090000000000146, 0, 5241.5559999999995853, 0, 5241.5559999999995853, 0
5241.5609999999996944, 0, 5241.51299999999992, 0, 5241.5609999999996944, 0, 5241.5609999999996944, 0, 5241.5609999999996944, 116.26174703031730928, 5241.51299999999992, 1, 5241.5609999999996944, 8.8710325522804378551, 5241.5609999999996944, -3.4494313974621562124, 5241.5609999999996944, 88.354716687438752842, 5241.51299999999992, 1, 5241.5609999999996944, -1.86339918599045129, 5241.5609999999996944, 14.079665515478104965, 5241.5609999999996944, 0, 5241.51299999999992, 0, 5241.5609999999996944, 0, 5241.5609999999996944, 0
5241.5659999999998035, 0, 5241.5190000000002328, 0, 5241.5659999999998035, 0, 5241.5659999999998035, 0, 5241.5659999999998035, 114.25884844292060905, 5241.5190000000002328, 1, 5241.5659999999998035, 10.989481691522314577, 5241.5659999999998035, -4.0187481568013794231, 5241.5659999999998035, 92.938337384279861908, 5241.5190000000002328, 1, 5241.5659999999998035, 1.3916324465714378089, 5241.5659999999998035, 12.897771135303720769, 5241.5659999999998035, 0, 5241.5190000000002328, 0, 5241.5659999999998035, 0, 5241.5659999999998035, 0
5241.5659999999998035, 0, 5241.524000000000342, 0, 5241.5659999999998035, 0, 5241.5659999999998035, 0, 5241.5659999999998035, 114.65168504323098375, 5241.524000000000342, 1, 5241.5659999999998035, 6.3299960233373777641, 5241.5659999999998035, -3.7992684811107153564, 5241.5659999999998035, 90.342192149563729231, 5241.524000000000342, 1, 5241.5659999999998035, -3.1754170240107852941, 5241.5659999999998035, 13.831160427671285618, 5241.5659999999998035, 0, 5241.524000000000342, 0, 5241.5659999999998035, 0, 5241.5659999999998035, 0
5241.5760000000000218, 0, 5241.5280000000002474, 0, 5241.5760000000000218, 0, 5241.5760000000000218, 0, 5241.5760000000000218, 111.81128768051490852, 5241.5280000000002474, 1, 5241.5760000000000218, 10.554505277639083971, 5241.5760000000000218, -4.1874294199028483376, 5241.5760000000000218, 94.624058420760846388, 5241.5280000000002474, 1, 5241.5760000000000218, 1.8622478420236525665, 5241.5760000000000218, 12.750029258419274925, 5241.5760000000000218, 0, 5241.5280000000002474, 0, 5241.5760000000000218, 0, 5241.5760000000000218, 0
5241.5760000000000218, 0, 5241.5349999999998545, 0, 5241.5760000000000218, 0, 5241.5760000000000218, 0, 5241.5760000000000218, 112.07196322004686806, 5241.5349999999998545, 1, 5241.5760000000000218, 7.3344642611688497524, 5241.5760000000000218, -4.2088232977490491749, 5241.5760000000000218, 93.65553143871917996, 5241.5349999999998545, 1, 5241.5760000000000218, -1.0512456642921963468, 5241.5760000000000218, 13.105707238273915038, 5241.5760000000000218, 0, 5241.5349999999998545, 0, 5241.5760000000000218, 0, 5241.5760000000000218, 0
5241.581000000000131, 0, 5241.5379999999995562, 0, 5241.581000000000131, 0, 5241.581000000000131, 0, 5241.581000000000131, 110.90096329051149837, 5241.5379999999995562, 1, 5241.581000000000131, 6.5383722401477371022, 5241.581000000000131, -4.3741935896157002617, 5241.581000000000131, 94.273625858796975763, 5241.5379999999995562, 1, 5241.581000000000131, -1.5737826735071542839, 5241.581000000000131, 12.953046738724410147, 5241.581000000000131, 0, 5241.5379999999995562, 0, 5241.581000000000131, 0, 5241.581000000000131, 0
5241.5860000000002401, 0, 5241.5429999999996653, 0, 5241.5860000000002401, 0, 5241.5860000000002401, 0, 5241.5860000000002401, 109.41769066892567253, 5241.5429999999996653, 1, 5241.5860000000002401, 5.868601762914234854, 5241.5860000000002401, -4.6714597330656957297, 5241.5860000000002401, 95.476306888883783586, 5241.5429999999996653, 1, 5241.5860000000002401, -1.8349227137856818359, 5241.5860000000002401, 12.542614779060301089, 5241.5860000000002401, 0, 5241.5429999999996653, 0, 5241.5860000000002401, 0, 5241.5860000000002401, 0
5241.5959999999995489, 0, 5241.5479999999997744, 0, 5241.5959999999995489, 0, 5241.5959999999995489, 0, 5241.5959999999995489, 109.09987274791991751, 5241.5479999999997744, 1, 5241.5959999999995489, 5.7184250833043925866, 5241.5959999999995489, 1.8261122354653736011, 5241.5959999999995489, 96.516844896129185827, 5241.5479999999997744, 1, 5241.5959999999995489, -2.6799952147273189418, 5241.5959999999995489, 17.235776090920602144, 5241.5959999999995489, 0, 5241.5479999999997744, 0, 5241.5959999999995489, 0, 5241.5959999999995489, 0
5241.600999999999658, 0, 5241.5529999999998836, 0, 5241.600999999999658, 0, 5241.600999999999658, 0, 5241.600999999999658, 107.83971656377551085, 5241.5529999999998836, 1, 5241.600999999999658, 4.3792400664093840135, 5241.600999999999658, 1.203859002352494656, 5241.600999999999658, 97.833041717969479123, 5241.5529999999998836, 1, 5241.600999999999658, -3.6330290857493574563, 5241.600999999999658, 16.659552700955408966, 5241.600999999999658, 0, 5241.5529999999998836, 0, 5241.600999999999658, 0, 5241.600999999999658, 0
5241.6059999999997672, 0, 5241.5579999999999927, 0, 5241.6059999999997672, 0, 5241.6059999999997672, 0, 5241.6059999999997672, 106.18802627116983217, 5241.5579999999999927, 1, 5241.6059999999997672, 5.1367619580518137923, 5241.6059999999997672, 0.4738547276353060056, 5241.6059999999997672, 100.08402465583174035, 5241.5579999999999927, 1, 5241.6059999999997672, -2.3826995051797155156, 5241.6059999999997672, 15.813823978636229128, 5241.6059999999997672, 0, 5241.5579999999999927, 0, 5241.6059999999997672, 0, 5241.6059999999997672, 0
5241.6059999999997672, 0, 5241.5630000000001019, 0, 5241.6059999999997672, 0, 5241.6059999999997672, 0, 5241.6059999999997672, 105.20792144365582033, 5241.5630000000001019, 1, 5241.6059999999997672, 3.5087928240706185434, 5241.6059999999997672, -0.33103758866099752822, 5241.6059999999997672, 101.67222997674193152, 5241.5630000000001019, 1, 5241.6059999999997672, -4.2354540189679399376, 5241.6059999999997672, 15.038510168158950364, 5241.6059999999997672, 0, 5241.5630000000001019, 0, 5241.6059999999997672, 0, 5241.6059999999997672, 0
5241.6109999999998763, 0, 5241.568000000000211, 0, 5241.6109999999998763, 0, 5241.6109999999998763, 0, 5241.6109999999998763, 103.78010347134744507, 5241.568000000000211, 1, 5241.6109999999998763, 3.2532931437578147538, 5241.6109999999998763, -1.3852428068483675361, 5241.6109999999998763, 104.07194409168302229, 5241.568000000000211, 1, 5241.6109999999998763, -3.7578680284448324755, 5241.6109999999998763, 13.816479052370645775, 5241.6109999999998763, 0, 5241.568000000000211, 0, 5241.6109999999998763, 0, 5241.6109999999998763, 0
5241.6210000000000946, 0, 5241.5730000000003201, 0, 5241.6210000000000946, 0, 5241.6210000000000946, 0, 5241.6210000000000946, 101.8970154069699845, 5241.5730000000003201, 1, 5241.6210000000000946, 2.3365882882348407712, 5241.6210000000000946, -2.4186066011057363312, 5241.6210000000000946, 105.36004527605439307, 5241.5730000000003201, 1, 5241.6210000000000946, -4.6788108146387852315, 5241.6210000000000946, 12.718221366617683543, 5241.6210000000000946, 0, 5241.5730000000003201, 0, 5241.6210000000000946, 0, 5241.6210000000000946, 0
5241.6210000000000946, 0, 5241.5780000000004293, 0, 5241.6210000000000946, 0, 5241.6210000000000946, 0, 5241.6210000000000946, 101.71434423958361037, 5241.5780000000004293, 1, 5241.6210000000000946, 1.4069234248934554543, 5241.6210000000000946, -5.3075778731008966815, 5241.6210000000000946, 107.89887270790876528, 5241.5780000000004293, 1, 5241.6210000000000946, -5.3967870146461418557, 5241.6210000000000946, 9.8261914150164955117, 5241.6210000000000946, 0, 5241.5780000000004293, 0, 5241.6210000000000946, 0, 5241.6210000000000946, 0
5241.6310000000003129, 316.542230942892445, 5241.5839999999998327, 0, 5241.6310000000003129, -41.102893571990797739, 5241.6310000000003129, -211.51117360417265445, 5241.6310000000003129, 99.937393869600271046, 5241.5839999999998327, 1, 5241.6310000000003129, 0.76010366134128304338, 5241.6310000000003129, 1.8403821574798016059, 5241.6310000000003129, 107.48410719053066487, 5241.5839999999998327, 1, 5241.6310000000003129, -4.8930445748143718276, 5241.6310000000003129, 16.507967825917965854, 5241.6310000000003129, 0, 5241.5839999999998327, 0, 5241.6310000000003129, 0, 5241.6310000000003129, 0
5241.6310000000003129, 382.11998394928787093, 5241.5879999999997381, 0, 5241.6310000000003129, -102.14760623770813197, 5241.6310000000003129, -257.46345977363500879, 5241.6310000000003129, 71.311841616862935211, 5241.5879999999997381, 1, 5241.6310000000003129, -22.742021866647640138, 5241.6310000000003129, -1.2943662534568076694, 5241.6310000000003129, 92.538211359200857942, 5241.5879999999997381, 1, 5241.6310000000003129, -12.063356083429168208, 5241.6310000000003129, 14.277580617242094263, 5241.6310000000003129, 0, 5241.5879999999997381, 0, 5241.6310000000003129, 0, 5241.6310000000003129, 0
5241.636000000000422, 383.84223025401541918, 5241.5929999999998472, 0, 5241.636000000000422, -113.38116633846435377, 5241.636000000000422, -204.08539819151957317, 5241.636000000000422, 28.645178641027246869, 5241.5929999999998472, 1, 5241.636000000000422, -21.085185722892290983, 5241.636000000000422, -2.2668709790674892446, 5241.636000000000422, 80.751638240435880789, 5241.5929999999998472, 1, 5241.636000000000422, -12.210498701011120559, 5241.636000000000422, 20.553994907029046857, 5241.636000000000422, 0, 5241.5929999999998472, 0, 5241.636000000000422, 0, 5241.636000000000422, 0
5241.6409999999996217, 381.31747254591948604, 5241.5979999999999563, 0, 5241.6409999999996217, -121.49810563165928556, 5241.6409999999996217, -196.09767480232613934, 5241.6409999999996217, 11.281558689493060399, 5241.5979999999999563, 1, 5241.6409999999996217, -8.2411695470248034212, 5241.6409999999996217, -4.9709794708231598293, 5241.6409999999996217, 71.985936511866810861, 5241.5979999999999563, 1, 5241.6409999999996217, -17.818313251904321248, 5241.6409999999996217, 15.995495677404594659, 5241.6409999999996217, 0, 5241.5979999999999563, 0, 5241.6409999999996217, 0, 5241.6409999999996217, 0
5241.6469999999999345, 373.82562236620822205, 5241.6030000000000655, 0, 5241.6469999999999345, -128.44300210083383718, 5241.6469999999999345, -185.37895104351144937, 5241.6469999999999345, 0.25195711369380136002, 5241.6030000000000655, 1, 5241.6469999999999345, -0.18320915938599499628, 5241.6469999999999345, -0.16086655779785419274, 5241.6469999999999345, 65.886379607906107481, 5241.6030000000000655, 1, 5241.6469999999999345, -25.119132743527046614, 5241.6469999999999345, 11.520524443945138415, 5241.6469999999999345, 0, 5241.6030000000000655, 0, 5241.6469999999999345, 0, 5241.6469999999999345, 0
5241.6509999999998399, 317.64487605505621559, 5241.6090000000003783, 0, 5241.6509999999998399, -121.15203044649905451, 5241.6509999999998399, -139.82987316929447275, 5241.6509999999998399, 0, 5241.6090000000003783, 1, 5241.6509999999998399, 0, 5241.6509999999998399, 0, 5241.6509999999998399, 69.91210788389236086, 5241.6090000000003783, 1, 5241.6509999999998399, -32.122020679378401553, 5241.6509999999998399, 6.5902669122691044379, 5241.6509999999998399, 0, 5241.6090000000003783, 0, 5241.6509999999998399, 0, 5241.6509999999998399, 0
5241.6559999999999491, 221.85098689299906027, 5241.613999999999578, 0, 5241.6559999999999491, -97.661990386092398353, 5241.6559999999999491, -95.37647347324819691, 5241.6559999999999491, 0, 5241.613999999999578, 1, 5241.6559999999999491, 0, 5241.6559999999999491, 0, 5241.6559999999999491, 78.367717219436897835, 5241.613999999999578, 1, 5241.6559999999999491, -32.322154401186118378, 5241.6559999999999491, -0.51935949293703131957, 5241.6559999999999491, 0, 5241.613999999999578, 0, 5241.6559999999999491, 0, 5241.6559999999999491, 0
5241.6610000000000582, 95.080821797127640593, 5241.6180000000003929, 0, 5241.6610000000000582, -51.707358481758234348, 5241.6610000000000582, -48.025499466134156989, 5241.6610000000000582, 0, 5241.6180000000003929, 1, 5241.6610000000000582, 0, 5241.6610000000000582, 0, 5241.6610000000000582, 65.768571751178455997, 5241.6180000000003929, 1, 5241.6610000000000582, -24.155336704531915615, 5241.6610000000000582, -15.896611261225764622, 5241.6610000000000582, 0, 5241.6180000000003929, 0, 5241.6610000000000582, 0, 5241.6610000000000582, 0
5241.6660000000001673, 14.000646811288341098, 5241.6229999999995925, 0, 5241.6660000000001673, -9.5582529151613879748, 5241.6660000000001673, 7.3472844733051516641, 5241.6660000000001673, 0, 5241.6229999999995925, 1, 5241.6660000000001673, 0, 5241.6660000000001673, 0, 5241.6660000000001673, 61.126819871821012953, 5241.6229999999995925, 1, 5241.6660000000001673, -18.886845893868240864, 5241.6660000000001673, -23.397074301318745881, 5241.6660000000001673, 0, 5241.6229999999995925, 0, 5241.6660000000001673, 0, 5241.6660000000001673, 0
5241.6710000000002765, 1.4099683090395549456, 5241.6279999999997017, 0, 5241.6710000000002765, -0.94434465391419764035, 5241.6710000000002765, 0.71192787807424628976, 5241.6710000000002765, 0, 5241.6279999999997017, 1, 5241.6710000000002765, 0, 5241.6710000000002765, 0, 5241.6710000000002765, 49.656056509850976965, 5241.6279999999997017, 1, 5241.6710000000002765, -15.593181851648671099, 5241.6710000000002765, -25.699198837052595223, 5241.6710000000002765, 0, 5241.6279999999997017, 0, 5241.6710000000002765, 0, 5241.6710000000002765, 0
5241.6760000000003856, 0, 5241.6329999999998108, 0, 5241.6760000000003856, 0, 5241.6760000000003856, 0, 5241.6760000000003856, 0, 5241.6329999999998108, 1, 5241.6760000000003856, 0, 5241.6760000000003856, 0, 5241.6760000000003856, 36.096901499591126594, 5241.6329999999998108, 1, 5241.6760000000003856, -13.077889008262340909, 5241.6760000000003856, -20.227029931192728185, 5241.6760000000003856, 0, 5241.6329999999998108, 0, 5241.6760000000003856, 0, 5241.6760000000003856, 0
5241.6809999999995853, 0, 5241.63799999999992, 0, 5241.6809999999995853, 0, 5241.6809999999995853, 0, 5241.6809999999995853, 0, 5241.63799999999992, 1, 5241.6809999999995853, 0, 5241.6809999999995853, 0, 5241.6809999999995853, 30.855147837961915513, 5241.63799999999992, 1, 5241.6809999999995853, -11.293078348289746771, 5241.6809999999995853, -17.516919043104010711, 5241.6809999999995853, 0, 5241.63799999999992, 0, 5241.6809999999995853, 0, 5241.6809999999995853, 0
5241.6859999999996944, 0, 5241.6430000000000291, 0, 5241.6859999999996944, 0, 5241.6859999999996944, 0, 5241.6859999999996944, 0, 5241.6430000000000291, 1, 5241.6859999999996944, 0, 5241.6859999999996944, 0, 5241.6859999999996944, 21.664226784449425622, 5241.6430000000000291, 1, 5241.6859999999996944, -4.0973132550463962076, 5241.6859999999996944, -12.339130090733448242, 5241.6859999999996944, 49.787522868556571609, 5241.6430000000000291, 0, 5241.6859999999996944, -2.882757611458028002, 5241.6859999999996944, -0.39041269882882190245
5241.6959999999999127, 0, 5241.6480000000001382, 0, 5241.6959999999999127, 0, 5241.6959999999999127, 0, 5241.6959999999999127, 0, 5241.6480000000001382, 1, 5241.6959999999999127, 0, 5241.6959999999999127, 0, 5241.6959999999999127, 21.288558592499224886, 5241.6480000000001382, 1, 5241.6959999999999127, -4.7076553762100905587, 5241.6959999999999127, -12.253218433246374275, 5241.6959999999999127, 13.19582909683915517, 5241.6480000000001382, 0, 5241.6959999999999127, -5.0145580721898985743, 5241.6959999999999127, 8.0457029858814745893
5241.7010000000000218, 0, 5241.6530000000002474, 0, 5241.7010000000000218, 0, 5241.7010000000000218, 0, 5241.7010000000000218, 0, 5241.6530000000002474, 1, 5241.7010000000000218, 0, 5241.7010000000000218, 0, 5241.7010000000000218, 27.37231260523178733, 5241.6530000000002474, 1, 5241.7010000000000218, -0.54057418074106033945, 5241.7010000000000218, -15.744162634093081365, 5241.7010000000000218, 16.171424188471210215, 5241.6530000000002474, 0, 5241.7010000000000218, -2.1567482638202988277, 5241.7010000000000218, 7.8590003395206498027
5241.706000000000131, 0, 5241.6580000000003565, 1, 5241.706000000000131, 0, 5241.706000000000131, 0, 5241.706000000000131, 0, 5241.6580000000003565, 1, 5241.706000000000131, 0, 5241.706000000000131, 0, 5241.706000000000131, 27.169345583248414755, 5241.6580000000003565, 1, 5241.706000000000131, -1.1507546402483581627, 5241.706000000000131, -15.808079454505731931, 5241.706000000000131, 19.580785206470167736, 5241.6580000000003565, 1, 5241.706000000000131, -2.0227574192363713124, 5241.706000000000131, 8.666534840379087612
5241.706000000000131, 0, 5241.6629999999995562, 1, 5241.706000000000131, 0, 5241.706000000000131, 0, 5241.706000000000131, 0, 5241.6629999999995562, 1, 5241.706000000000131, 0, 5241.706000000000131, 0, 5241.706000000000131, 27.203104562635623154, 5241.6629999999995562, 1, 5241.706000000000131, -0.24195126962336566123, 5241.706000000000131, -15.95900539492129333, 5241.706000000000131, 24.454387341682640056, 5241.6629999999995562, 1, 5241.706000000000131, -0.88272889886821170879, 5241.706000000000131, 10.072895039354248681
5241.7110000000002401, 95.726269718279723975, 5241.6679999999996653, 1, 5241.7110000000002401, -51.523354445078823005, 5241.7110000000002401, -0.73371970010054354816, 5241.7110000000002401, 0, 5241.6679999999996653, 1, 5241.7110000000002401, 0, 5241.7110000000002401, 0, 5241.7110000000002401, 29.963192253077405525, 5241.6679999999996653, 1, 5241.7110000000002401, -1.9945400683250040785, 5241.7110000000002401, -17.789817002594471518, 5241.7110000000002401, 30.812753589908790985, 5241.6679999999996653, 1, 5241.7110000000002401, -0.43176474077042820143, 5241.7110000000002401, 10.649972199431546827
5241.7139999999999418, 85.482123097999675565, 5241.6729999999997744, 1, 5241.7139999999999418, -40.701208835189667923, 5241.7139999999999418, -2.8447904065179017152, 5241.7139999999999418, 0, 5241.6729999999997744, 1, 5241.7139999999999418, 0, 5241.7139999999999418, 0, 5241.7139999999999418, 37.794575776265865841, 5241.6729999999997744, 1, 5241.7139999999999418, 3.5089901752538663615, 5241.7139999999999418, -22.517280408839965844, 5241.7139999999999418, 34.815965340194203748, 5241.6729999999997744, 1, 5241.7139999999999418, 5.7761931107268056351, 5241.7139999999999418, 10.481177554455999967
5241.7200000000002547, 93.06989767908248723, 5241.6779999999998836, 1, 5241.7200000000002547, -42.66917158711968483, 5241.7200000000002547, -2.8600531634031653994, 5241.7200000000002547, 0, 5241.6779999999998836, 1, 5241.7200000000002547, 0, 5241.7200000000002547, 0, 5241.7200000000002547, 35.936867771194982879, 5241.6779999999998836, 1, 5241.7200000000002547, -0.22321038790796271511, 5241.7200000000002547, -21.762102149050274846, 5241.7200000000002547, 37.742296097123222864, 5241.6779999999998836, 1, 5241.7200000000002547, 4.5772972623382415236, 5241.7200000000002547, 12.144192572650920781
5241.7250000000003638, 96.248240618481048614, 5241.6829999999999927, 1, 5241.7250000000003638, -41.018040436657997816, 5241.7250000000003638, -2.3123183967831408836, 5241.7250000000003638, 0, 5241.6829999999999927, 1, 5241.7250000000003638, 0, 5241.7250000000003638, 0, 5241.7250000000003638, 39.301809471693808007, 5241.6829999999999927, 1, 5241.7250000000003638, 2.7034078140268298363, 5241.7250000000003638, -23.995222360506112125, 5241.7250000000003638, 40.62414007347912559, 5241.6829999999999927, 1, 5241.7250000000003638, 7.4029131400386543049, 5241.7250000000003638, 13.113942963650305984
5241.7299999999995634, 100.48186459561694051, 5241.6880000000001019, 1, 5241.7299999999995634, -41.680494522924576017, 5241.7299999999995634, -1.7071584865018465393, 5241.7299999999995634, 0, 5241.6880000000001019, 1, 5241.7299999999995634, 0, 5241.7299999999995634, 0, 5241.7299999999995634, 60.505881990088404621, 5241.6880000000001019, 1, 5241.7299999999995634, -6.0262413156822374205, 5241.7299999999995634, -1.6759710423606968277, 5241.7299999999995634, 43.329024198116542266, 5241.6880000000001019, 1, 5241.7299999999995634, 6.39833172710197573, 5241.7299999999995634, 14.952035991028653328
5241.7349999999996726, 72.372340349743126353, 5241.693000000000211, 1, 5241.7349999999996726, -26.686494049450452337, 5241.7349999999996726, -7.4188769125000604276, 5241.7349999999996726, 192.88957186105534447, 5241.693000000000211, 1, 5241.7349999999996726, 20.151829246515465144, 5241.7349999999996726, 120.1998298884141434, 5241.7349999999996726, 203.305609670094384, 5241.693000000000211, 1, 5241.7349999999996726, -29.830849888096665268, 5241.7349999999996726, 114.71871145699611816, 5241.7349999999996726, 79.709469953984111612, 5241.693000000000211, 1, 5241.7349999999996726, 16.145508356506116598, 5241.7349999999996726, -5.2860415730379415322
5241.7399999999997817, 25.749238011486692557, 5241.6980000000003201, 1, 5241.7399999999997817, -13.722596296132373084, 5241.7399999999997817, -6.6048086944434665213, 5241.7399999999997817, 98.901706381106720301, 5241.6980000000003201, 1, 5241.7399999999997817, 17.168218669005980814, 5241.7399999999997817, 89.232049160558744916, 5241.7399999999997817, 142.06688453527829097, 5241.6980000000003201, 1, 5241.7399999999997817, -14.067685460370903172, 5241.7399999999997817, 117.30986037367193831, 5241.7399999999997817, 85.779909454695996374, 5241.6980000000003201, 1, 5241.7399999999997817, 21.359186291831655069, 5241.7399999999997817, -14.999693697574173257
5241.7510000000002037, 12.264968231447529234, 5241.7039999999997235, 1, 5241.7510000000002037, -7.643745951286784468, 5241.7510000000002037, -6.0796563655585753594, 5241.7510000000002037, 5.0711656832659972594, 5241.7039999999997235, 1, 5241.7510000000002037, -0.27275502284542307851, 5241.7510000000002037, 4.3743825991473466175, 5241.7510000000002037, 38.415649487147277341, 5241.7039999999997235, 1, 5241.7510000000002037, 5.5988675198868227412, 5241.7510000000002037, 30.564033339750853457, 5241.7510000000002037, 84.882686509694792676, 5241.7039999999997235, 1, 5241.7510000000002037, 18.113559608555060976, 5241.7510000000002037, -15.860352462865044743
5241.7510000000002037, 30.772173786917893068, 5241.7079999999996289, 1, 5241.7510000000002037, -17.859349055395394856, 5241.7510000000002037, -7.1690879422590665371, 5241.7510000000002037, 0, 5241.7079999999996289, 1, 5241.7510000000002037, 0, 5241.7510000000002037, 0, 5241.7510000000002037, 0, 5241.7079999999996289, 1, 5241.7510000000002037, 0, 5241.7510000000002037, 0, 5241.7510000000002037, 77.315713734738409357, 5241.7079999999996289, 1, 5241.7510000000002037, 17.961396384283677463, 5241.7510000000002037, -9.8475592233347697402
5241.7560000000003129, 58.172227816888792518, 5241.7129999999997381, 1, 5241.7560000000003129, -19.007509179735777138, 5241.7560000000003129, -9.6272402274619004459, 5241.7560000000003129, 0, 5241.7129999999997381, 1, 5241.7560000000003129, 0, 5241.7560000000003129, 0, 5241.7560000000003129, 0, 5241.7129999999997381, 1, 5241.7560000000003129, 0, 5241.7560000000003129, 0, 5241.7560000000003129, 73.941220096310033227, 5241.7129999999997381, 1, 5241.7560000000003129, 17.353554863293542354, 5241.7560000000003129, -6.3623181121538152638
5241.761000000000422, 72.792756829524449813, 5241.7179999999998472, 1, 5241.761000000000422, -18.764238604193980819, 5241.761000000000422, -10.059561989630662282, 5241.761000000000422, 0, 5241.7179999999998472, 1, 5241.761000000000422, 0, 5241.761000000000422, 0, 5241.761000000000422, 0, 5241.7179999999998472, 1, 5241.761000000000422, 0, 5241.761000000000422, 0, 5241.761000000000422, 70.632565260765659332, 5241.7179999999998472, 1, 5241.761000000000422, 20.275618120839563829, 5241.761000000000422, -1.9381268659216814854
5241.7659999999996217, 83.813090780851752015, 5241.7229999999999563, 1, 5241.7659999999996217, -20.551435025670635071, 5241.7659999999996217, -11.322266602365893107, 5241.7659999999996217, 0, 5241.7229999999999563, 1, 5241.7659999999996217, 0, 5241.7659999999996217, 0, 5241.7659999999996217, 0, 5241.7229999999999563, 1, 5241.7659999999996217, 0, 5241.7659999999996217, 0, 5241.7659999999996217, 76.446686605867853359, 5241.7229999999999563, 1, 5241.7659999999996217, 17.122538323367649582, 5241.7659999999996217, -1.3167594767476202833
5241.7709999999997308, 91.831159871253504434, 5241.7290000000002692, 1, 5241.7709999999997308, -19.819377156516576832, 5241.7709999999997308, -6.8386413342372733837, 5241.7709999999997308, 0, 5241.7290000000002692, 0, 5241.7709999999997308, 0, 5241.7709999999997308, 0, 5241.7709999999997308, 0, 5241.7290000000002692, 0, 5241.7709999999997308, 0, 5241.7709999999997308, 0, 5241.7709999999997308, 73.162789572312760811, 5241.7290000000002692, 1, 5241.7709999999997308, 18.842904458833313441, 5241.7709999999997308, 5.7684884924603210266
5241.7770000000000437, 97.965366727084472132, 5241.7330000000001746, 1, 5241.7770000000000437, -19.144813916314110003, 5241.7770000000000437, -12.30981275470882963, 5241.7770000000000437, 0, 5241.7330000000001746, 0, 5241.7770000000000437, 0, 5241.7770000000000437, 0, 5241.7770000000000437, 0, 5241.7330000000001746, 0, 5241.7770000000000437, 0, 5241.7770000000000437, 0, 5241.7770000000000437, 77.266821780767827477, 5241.7330000000001746, 1, 5241.7770000000000437, 15.820650580082187275, 5241.7770000000000437, 2.5109895098173637962
5241.7809999999999491, 103.43889794810138483, 5241.7380000000002838, 1, 5241.7809999999999491, -19.349243224372941086, 5241.7809999999999491, -12.092609280154505313, 5241.7809999999999491, 0, 5241.7380000000002838, 0, 5241.7809999999999491, 0, 5241.7809999999999491, 0, 5241.7809999999999491, 0, 5241.7380000000002838, 0, 5241.7809999999999491, 0, 5241.7809999999999491, 0, 5241.7809999999999491, 77.29265426066504574, 5241.7380000000002838, 1, 5241.7809999999999491, 14.21924319114259383, 5241.7809999999999491, 4.9615342413522753873
5241.7910000000001673, 106.06860422570929359, 5241.7430000000003929, 1, 5241.7910000000001673, -19.969564472332791638, 5241.7910000000001673, -12.262278774913056623, 5241.7910000000001673, 0, 5241.7430000000003929, 0, 5241.7910000000001673, 0, 5241.7910000000001673, 0, 5241.7910000000001673, 0, 5241.7430000000003929, 0, 5241.7910000000001673, 0, 5241.7910000000001673, 0, 5241.7910000000001673, 80.914596384883324731, 5241.7430000000003929, 1, 5241.7910000000001673, 11.604746497561162499, 5241.7910000000001673, 5.4324056524771791032
5241.7910000000001673, 108.4653929608242322, 5241.7479999999995925, 1, 5241.7910000000001673, -17.883182037627459948, 5241.7910000000001673, -11.299496915350545123, 5241.7910000000001673, 0, 5241.7479999999995925, 0, 5241.7910000000001673, 0, 5241.7910000000001673, 0, 5241.7910000000001673, 0, 5241.7479999999995925, 0, 5241.7910000000001673, 0, 5241.7910000000001673, 0, 5241.7910000000001673, 77.1829305280427036, 5241.7479999999995925, 1, 5241.7910000000001673, 13.285452293361407428, 5241.7910000000001673, 9.0103905263898482758
5241.7960000000002765, 110.46283714983326263, 5241.7529999999997017, 1, 5241.7960000000002765, -19.072913216234763212, 5241.7960000000002765, -11.669309205161340515, 5241.7960000000002765, 0, 5241.7529999999997017, 0, 5241.7960000000002765, 0, 5241.7960000000002765, 0, 5241.7960000000002765, 0, 5241.7529999999997017, 0, 5241.7960000000002765, 0, 5241.7960000000002765, 0, 5241.7960000000002765, 80.662902635271422014, 5241.7529999999997017, 1, 5241.7960000000002765, 10.523490727782425225, 5241.7960000000002765, 9.7339650987937531568
5241.8059999999995853, 111.81768941508610737, 5241.7579999999998108, 1, 5241.8059999999995853, -18.523784470878947417, 5241.8059999999995853, 1.2905692974239215687, 5241.8059999999995853, 0, 5241.7579999999998108, 0, 5241.8059999999995853, 0, 5241.8059999999995853, 0, 5241.8059999999995853, 0, 5241.7579999999998108, 0, 5241.8059999999995853, 0, 5241.8059999999995853, 0, 5241.8059999999995853, 79.879851503464720963, 5241.7579999999998108, 1, 5241.8059999999995853, 9.611248210746850873, 5241.8059999999995853, 20.232779104141037863
5241.8059999999995853, 112.62293985446025602, 5241.76299999999992, 1, 5241.8059999999995853, -19.52280168115945358, 5241.8059999999995853, 1.018162397072799763, 5241.8059999999995853, 0, 5241.76299999999992, 0, 5241.8059999999995853, 0, 5241.8059999999995853, 0, 5241.8059999999995853, 0, 5241.76299999999992, 0, 5241.8059999999995853, 0, 5241.8059999999995853, 0, 5241.8059999999995853, 83.458992373598562153, 5241.76299999999992, 1, 5241.8059999999995853, 7.3396934213193976149, 5241.8059999999995853, 20.71805590487149118
5241.8109999999996944, 112.44678706834685045, 5241.7680000000000291, 1, 5241.8109999999996944, -15.460365841548945554, 5241.8109999999996944, -5.8996972407001280203, 5241.8109999999996944, 0, 5241.7680000000000291, 0, 5241.8109999999996944, 0, 5241.8109999999996944, 0, 5241.8109999999996944, 0, 5241.7680000000000291, 0, 5241.8109999999996944, 0, 5241.8109999999996944, 0, 5241.8109999999996944, 82.323676380680637976, 5241.7680000000000291, 1, 5241.8109999999996944, 9.8350006721823675093, 5241.8109999999996944, 16.140292048249719414
5241.8220000000001164, 113.07487320266452002, 5241.774000000000342, 1, 5241.8220000000001164, -16.560026627715583203, 5241.8220000000001164, -6.2705385919224880809, 5241.8220000000001164, 0, 5241.774000000000342, 0, 5241.8220000000001164, 0, 5241.8220000000001164, 0, 5241.8220000000001164, 0, 5241.774000000000342, 0, 5241.8220000000001164, 0, 5241.8220000000001164, 0, 5241.8220000000001164, 88.345232474146655477, 5241.774000000000342, 1, 5241.8220000000001164, 5.8969054273163212798, 5241.8220000000001164, 15.408665979494102771
5241.8220000000001164, 112.58374800527246862, 5241.7780000000002474, 1, 5241.8220000000001164, -13.372418214896436339, 5241.8220000000001164, -5.4874279352287942402, 5241.8220000000001164, 0, 5241.7780000000002474, 0, 5241.8220000000001164, 0, 5241.8220000000001164, 0, 5241.8220000000001164, 0, 5241.7780000000002474, 0, 5241.8220000000001164, 0, 5241.8220000000001164, 0, 5241.8220000000001164, 85.653163680628011889, 5241.7780000000002474, 1, 5241.8220000000001164, 8.481890670841483626, 5241.8220000000001164, 17.820883563634275504
5241.8280000000004293, 112.59782232417623504, 5241.7830000000003565, 1, 5241.8280000000004293, -14.299970538418429911, 5241.8280000000004293, -5.8786132522759260155, 5241.8280000000004293, 0, 5241.7830000000003565, 0, 5241.8280000000004293, 0, 5241.8280000000004293, 0, 5241.8280000000004293, 0, 5241.7830000000003565, 0, 5241.8280000000004293, 0, 5241.8280000000004293, 0, 5241.8280000000004293, 91.434929663705901248, 5241.7830000000003565, 1, 5241.8280000000004293, 4.7488587873243606197, 5241.8280000000004293, 16.983244478320401072
5241.8280000000004293, 111.80931092814974193, 5241.7879999999995562, 1, 5241.8280000000004293, -11.153563555166368104, 5241.8280000000004293, -5.2673157856783063835, 5241.8280000000004293, 0, 5241.7879999999995562, 0, 5241.8280000000004293, 0, 5241.8280000000004293, 0, 5241.8280000000004293, 0, 5241.7879999999995562, 0, 5241.8280000000004293, 0, 5241.8280000000004293, 0, 5241.8280000000004293, 89.41733664583712482, 5241.7879999999995562, 1, 5241.8280000000004293, 7.4783257882219524859, 5241.8280000000004293, 18.923072142873849089
5241.8350000000000364, 111.11037699538854895, 5241.7929999999996653, 1, 5241.8350000000000364, -11.978350200338974574, 5241.8350000000000364, -5.8540022392056485501, 5241.8350000000000364, 0, 5241.7929999999996653, 0, 5241.8350000000000364, 0, 5241.8350000000000364, 0, 5241.8350000000000364, 0, 5241.7929999999996653, 0, 5241.8350000000000364, 0, 5241.8350000000000364, 0, 5241.8350000000000364, 95.983957139592860131, 5241.7929999999996653, 1, 5241.8350000000000364, 4.1943834999577367384, 5241.8350000000000364, 17.589373340753603259
5241.8410000000003492, 110.03011916855268737, 5241.7979999999997744, 1, 5241.8410000000003492, -8.6956067694181022887, 5241.8410000000003492, -5.4217264772741771139, 5241.8410000000003492, 0, 5241.7979999999997744, 0, 5241.8410000000003492, 0, 5241.8410000000003492, 0, 5241.8410000000003492, 0, 5241.7979999999997744, 0, 5241.8410000000003492, 0, 5241.8410000000003492, 0, 5241.8410000000003492, 94.702322722338294625, 5241.7979999999997744, 1, 5241.8410000000003492, 7.1401711954318303199, 5241.8410000000003492, 19.105370863741875098
5241.8459999999995489, 109.62005926462776983, 5241.8029999999998836, 1, 5241.8459999999995489, -9.5936932128556904331, 5241.8459999999995489, -6.0533056622889773735, 5241.8459999999995489, 0, 5241.8029999999998836, 0, 5241.8459999999995489, 0, 5241.8459999999995489, 0, 5241.8459999999995489, 0, 5241.8029999999998836, 0, 5241.8459999999995489, 0, 5241.8459999999995489, 0, 5241.8459999999995489, 100.50307619174408558, 5241.8029999999998836, 1, 5241.8459999999995489, 3.7329792628094282669, 5241.8459999999995489, 17.81165549989201935
5241.850999999999658, 108.50926336880910128, 5241.8079999999999927, 1, 5241.850999999999658, -6.3167191461633178662, 5241.850999999999658, -5.6819792737909082803, 5241.850999999999658, 0, 5241.8079999999999927, 0, 5241.850999999999658, 0, 5241.850999999999658, 0, 5241.850999999999658, 0, 5241.8079999999999927, 0, 5241.850999999999658, 0, 5241.850999999999658, 0, 5241.850999999999658, 98.996686773043876428, 5241.8079999999999927, 1, 5241.850999999999658, 6.7300799965456761242, 5241.850999999999658, 19.27070871987587708
5241.8559999999997672, 107.58790703390860699, 5241.8130000000001019, 1, 5241.8559999999997672, -8.6501754320660744213, 5241.8559999999997672, -0.45659471678688134944, 5241.8559999999997672, 0, 5241.8130000000001019, 0, 5241.8559999999997672, 0, 5241.8559999999997672, 0, 5241.8559999999997672, 0, 5241.8130000000001019, 0, 5241.8559999999997672, 0, 5241.8559999999997672, 0, 5241.8559999999997672, 104.42653261402122666, 5241.8130000000001019, 1, 5241.8559999999997672, 4.5322484375639664478, 5241.8559999999997672, 21.484020114608220808
5241.86200000000008, 106.99811770576752679, 5241.8190000000004147, 1, 5241.86200000000008, -5.084049944494803519, 5241.86200000000008, 9.8776322358332393492, 5241.86200000000008, 0, 5241.8190000000004147, 0, 5241.86200000000008, 0, 5241.86200000000008, 0, 5241.86200000000008, 0, 5241.8190000000004147, 0, 5241.86200000000008, 0, 5241.86200000000008, 0, 5241.86200000000008, 97.915202161310062934, 5241.8190000000004147, 1, 5241.86200000000008, 6.2612540354128984887, 5241.86200000000008, 35.834090193865058893
5241.8659999999999854, 106.09632538309428185, 5241.8230000000003201, 1, 5241.8659999999999854, -4.9165634901033552495, 5241.8659999999999854, 9.2607984841011301569, 5241.8659999999999854, 0, 5241.8230000000003201, 0, 5241.8659999999999854, 0, 5241.8659999999999854, 0, 5241.8659999999999854, 0, 5241.8230000000003201, 0, 5241.8659999999999854, 0, 5241.8659999999999854, 0, 5241.8659999999999854, 101.35838011220124599, 5241.8230000000003201, 1, 5241.8659999999999854, 4.5850721607236639699, 5241.8659999999999854, 35.705866220935007505
5241.8720000000002983, 104.75051869736543608, 5241.8280000000004293, 1, 5241.8720000000002983, -5.5299953960865124714, 5241.8720000000002983, 8.5123290031410689949, 5241.8720000000002983, 0, 5241.8280000000004293, 0, 5241.8720000000002983, 0, 5241.8720000000002983, 0, 5241.8720000000002983, 0, 5241.8280000000004293, 0, 5241.8720000000002983, 0, 5241.8720000000002983, 0, 5241.8720000000002983, 105.48053504094062305, 5241.8280000000004293, 1, 5241.8720000000002983, 2.3928487210234981042, 5241.8720000000002983, 35.300942598983063192
5241.8770000000004075, 104.87978730696735852, 5241.8329999999996289, 1, 5241.8770000000004075, -0.89472724735303299504, 5241.8770000000004075, 8.6122039296399179875, 5241.8770000000004075, 0, 5241.8329999999996289, 0, 5241.8770000000004075, 0, 5241.8770000000004075, 0, 5241.8770000000004075, 0, 5241.8329999999996289, 0, 5241.8770000000004075, 0, 5241.8770000000004075, 0, 5241.8770000000004075, 103.09615799511101386, 5241.8329999999996289, 1, 5241.8770000000004075, 6.5400008693278923744, 5241.8770000000004075, 36.276607859269688561
5241.8819999999996071, 103.05821840554824576, 5241.8379999999997381, 1, 5241.8819999999996071, -4.9215062109650711264, 5241.8819999999996071, 7.7335182368475159365, 5241.8819999999996071, 0, 5241.8379999999997381, 0, 5241.8819999999996071, 0, 5241.8819999999996071, 0, 5241.8819999999996071, 0, 5241.8379999999997381, 0, 5241.8819999999996071, 0, 5241.8819999999996071, 0, 5241.8819999999996071, 108.17463312264237629, 5241.8379999999997381, 1, 5241.8819999999996071, 0.8669564932684924452, 5241.8819999999996071, 35.399343099902210952
5241.8869999999997162, 104.2039747884178098, 5241.8429999999998472, 1, 5241.8869999999997162, 2.0768556168823719688, 5241.8869999999997162, 7.8729171233346306735, 5241.8869999999997162, 0, 5241.8429999999998472, 0, 5241.8869999999997162, 0, 5241.8869999999997162, 0, 5241.8869999999997162, 0, 5241.8429999999998472, 0, 5241.8869999999997162, 0, 5241.8869999999997162, 0, 5241.8869999999997162, 104.57976217899732774, 5241.8429999999998472, 1, 5241.8869999999997162, 7.2499556939687277435, 5241.8869999999997162, 36.483138602338925693
5241.8909999999996217, 101.69537428651179312, 5241.8479999999999563, 1, 5241.8909999999996217, -4.4935067777629242869, 5241.8909999999996217, 7.0170809711320174529, 5241.8909999999996217, 0, 5241.8479999999999563, 0, 5241.8909999999996217, 0, 5241.8909999999996217, 0, 5241.8909999999996217, 0, 5241.8479999999999563, 0, 5241.8909999999996217, 0, 5241.8909999999996217, 0, 5241.8909999999996217, 109.60517554050314004, 5241.8479999999999563, 1, 5241.8909999999996217, -0.7418632041274852984, 5241.8909999999996217, 35.487487302770617248
5241.8959999999997308, 102.87105864118734644, 5241.8540000000002692, 1, 5241.8959999999997308, 4.1386291009444304834, 5241.8959999999997308, 13.75869523823597973, 5241.8959999999997308, 0, 5241.8540000000002692, 0, 5241.8959999999997308, 0, 5241.8959999999997308, 0, 5241.8959999999997308, 0, 5241.8540000000002692, 0, 5241.8959999999997308, 0, 5241.8959999999997308, 0, 5241.8959999999997308, 103.46757277218152637, 5241.8540000000002692, 1, 5241.8959999999997308, 7.3382195563840326713, 5241.8959999999997308, 43.22950832727289594
5241.9020000000000437, 100.60759136276499248, 5241.8590000000003783, 1, 5241.9020000000000437, -4.8881161022208594602, 5241.9020000000000437, 3.7017489607742746216, 5241.9020000000000437, 0, 5241.8590000000003783, 0, 5241.9020000000000437, 0, 5241.9020000000000437, 0, 5241.9020000000000437, 0, 5241.8590000000003783, 0, 5241.9020000000000437, 0, 5241.9020000000000437, 0, 5241.9020000000000437, 113.3380843384984189, 5241.8590000000003783, 1, 5241.9020000000000437, 1.2201228877354226565, 5241.9020000000000437, 26.405204426001276374
5241.9070000000001528, 102.4193635218820333, 5241.8630000000002838, 1, 5241.9070000000001528, 2.9933376237415210142, 5241.9070000000001528, 3.47981505249009615, 5241.9070000000001528, 0, 5241.8630000000002838, 0, 5241.9070000000001528, 0, 5241.9070000000001528, 0, 5241.9070000000001528, 0, 5241.8630000000002838, 0, 5241.9070000000001528, 0, 5241.9070000000001528, 0, 5241.9070000000001528, 110.55612480065269665, 5241.8630000000002838, 1, 5241.9070000000001528, 8.5911815470235861625, 5241.9070000000001528, 27.169090285214416269
5241.9110000000000582, 100.03589243040445922, 5241.8680000000003929, 1, 5241.9110000000000582, -2.3526099464246179593, 5241.9110000000000582, 2.5474246969725768963, 5241.9110000000000582, 0, 5241.8680000000003929, 0, 5241.9110000000000582, 0, 5241.9110000000000582, 0, 5241.9110000000000582, 0, 5241.8680000000003929, 0, 5241.9110000000000582, 0, 5241.9110000000000582, 0, 5241.9110000000000582, 114.89540444058324908, 5241.8680000000003929, 1, 5241.9110000000000582, 2.4316961273347255101, 5241.9110000000000582, 25.652660345879823467
5241.918999999999869, 100.80305727575746744, 5241.8729999999995925, 1, 5241.918999999999869, 2.6653590162672493591, 5241.918999999999869, 2.0355826834759014332, 5241.918999999999869, 0, 5241.8729999999995925, 0, 5241.918999999999869, 0, 5241.918999999999869, 0, 5241.918999999999869, 0, 5241.8729999999995925, 0, 5241.918999999999869, 0, 5241.918999999999869, 0, 5241.918999999999869, 113.84202276115517805, 5241.8729999999995925, 1, 5241.918999999999869, 7.2432614813963756006, 5241.918999999999869, 25.684472949610231751
5241.9210000000002765, 99.92897255618262875, 5241.8779999999997017, 1, 5241.9210000000002765, 0.95362215911918912781, 5241.9210000000002765, 1.320840126690789873, 5241.9210000000002765, 0, 5241.8779999999997017, 0, 5241.9210000000002765, 0, 5241.9210000000002765, 0, 5241.9210000000002765, 0, 5241.8779999999997017, 0, 5241.9210000000002765, 0, 5241.9210000000002765, 0, 5241.9210000000002765, 116.11276233035889049, 5241.8779999999997017, 1, 5241.9210000000002765, 3.8175581844689991939, 5241.9210000000002765, 24.552588114986903634
5241.9269999999996799, 99.068557561087487784, 5241.8829999999998108, 1, 5241.9269999999996799, 1.7502115297195017796, 5241.9269999999996799, 0.20978132560296103293, 5241.9269999999996799, 0, 5241.8829999999998108, 0, 5241.9269999999996799, 0, 5241.9269999999996799, 0, 5241.9269999999996799, 0, 5241.8829999999998108, 0, 5241.9269999999996799, 0, 5241.9269999999996799, 0, 5241.9269999999996799, 117.57597979629608176, 5241.8829999999998108, 1, 5241.9269999999996799, 6.2055669690798334059, 5241.9269999999996799, 23.601710883833007415
5241.9309999999995853, 97.19329789349434634, 5241.88799999999992, 1, 5241.9309999999995853, 3.921535774997740198, 5241.9309999999995853, 13.268833874752225199, 5241.9309999999995853, 0, 5241.88799999999992, 0, 5241.9309999999995853, 0, 5241.9309999999995853, 0, 5241.9309999999995853, 0, 5241.88799999999992, 0, 5241.9309999999995853, 0, 5241.9309999999995853, 0, 5241.9309999999995853, 113.22607041863817301, 5241.88799999999992, 1, 5241.9309999999995853, 2.9483026831973182524, 5241.9309999999995853, 45.64222796960685713
5241.9359999999996944, 96.959556248230484243, 5241.8940000000002328, 1, 5241.9359999999996944, 4.9606132107326352809, 5241.9359999999996944, 13.189229628193459121, 5241.9359999999996944, 0, 5241.8940000000002328, 0, 5241.9359999999996944, 0, 5241.9359999999996944, 0, 5241.9359999999996944, 0, 5241.8940000000002328, 0, 5241.9359999999996944, 0, 5241.9359999999996944, 0, 5241.9359999999996944, 112.40015029297717319, 5241.8940000000002328, 1, 5241.9359999999996944, 3.4412753896831347333, 5241.9359999999996944, 45.833377570037008297
5241.9409999999998035, 96.380307779256355616, 5241.8980000000001382, 1, 5241.9409999999998035, 5.1301997538116808073, 5241.9409999999998035, 11.826643138238026154, 5241.9409999999998035, 0, 5241.8980000000001382, 0, 5241.9409999999998035, 0, 5241.9409999999998035, 0, 5241.9409999999998035, 0, 5241.8980000000001382, 0, 5241.9409999999998035, 0, 5241.9409999999998035, 0, 5241.9409999999998035, 114.08083896585074513, 5241.8980000000001382, 1, 5241.9409999999998035, 2.978138253005007563, 5241.9409999999998035, 44.712786080923592635
5241.9459999999999127, 95.474925934915390258, 5241.9030000000002474, 1, 5241.9459999999999127, 6.041864898349794899, 5241.9459999999999127, 10.052054984426170847, 5241.9459999999999127, 0, 5241.9030000000002474, 0, 5241.9459999999999127, 0, 5241.9459999999999127, 0, 5241.9459999999999127, 0, 5241.9030000000002474, 0, 5241.9459999999999127, 0, 5241.9459999999999127, 0, 5241.9459999999999127, 117.14104287335237586, 5241.9030000000002474, 1, 5241.9459999999999127, 4.0461699187136943578, 5241.9459999999999127, 43.312413755727774856
5241.9520000000002256, 94.232313059055130111, 5241.9080000000003565, 1, 5241.9520000000002256, 6.5877667622368036859, 5241.9520000000002256, 7.8927421198144287473, 5241.9520000000002256, 0, 5241.9080000000003565, 0, 5241.9520000000002256, 0, 5241.9520000000002256, 0, 5241.9520000000002256, 0, 5241.9080000000003565, 0, 5241.9520000000002256, 0, 5241.9520000000002256, 0, 5241.9520000000002256, 122.11588370825076311, 5241.9080000000003565, 1, 5241.9520000000002256, 4.4144678736503006888, 5241.9520000000002256, 41.374099210154120954
5241.956000000000131, 94.567017440567084918, 5241.9129999999995562, 1, 5241.956000000000131, 6.7974610487266904357, 5241.956000000000131, 7.3032927683693813492, 5241.956000000000131, 0, 5241.9129999999995562, 0, 5241.956000000000131, 0, 5241.956000000000131, 0, 5241.956000000000131, 0, 5241.9129999999995562, 0, 5241.956000000000131, 0, 5241.956000000000131, 0, 5241.956000000000131, 115.13246471044242014, 5241.9129999999995562, 1, 5241.956000000000131, 3.3422851486408680088, 5241.956000000000131, 40.601451768034742429
5241.9620000000004438, 93.822319257901483525, 5241.9179999999996653, 1, 5241.9620000000004438, 7.313879850932243798, 5241.9620000000004438, 4.7130623721918070146, 5241.9620000000004438, 0, 5241.9179999999996653, 0, 5241.9620000000004438, 0, 5241.9620000000004438, 0, 5241.9620000000004438, 0, 5241.9179999999996653, 0, 5241.9620000000004438, 0, 5241.9620000000004438, 0, 5241.9620000000004438, 121.93853040402835575, 5241.9179999999996653, 1, 5241.9620000000004438, 4.0901636205178988348, 5241.9620000000004438, 38.435327688933568879
5241.9669999999996435, 94.054776151245263804, 5241.9229999999997744, 1, 5241.9669999999996435, 7.4759706505192395909, 5241.9669999999996435, 8.6479734826212961707, 5241.9669999999996435, 0, 5241.9229999999997744, 0, 5241.9669999999996435, 0, 5241.9669999999996435, 0, 5241.9669999999996435, 0, 5241.9229999999997744, 0, 5241.9669999999996435, 0, 5241.9669999999996435, 0, 5241.9669999999996435, 116.39768147813848032, 5241.9229999999997744, 1, 5241.9669999999996435, 3.794432216761432386, 5241.9669999999996435, 43.342656913317789247
5241.9719999999997526, 94.740266464223097387, 5241.9279999999998836, 1, 5241.9719999999997526, 7.2097168761016394711, 5241.9719999999997526, 6.7140527852648759222, 5241.9719999999997526, 0, 5241.9279999999998836, 0, 5241.9719999999997526, 0, 5241.9719999999997526, 0, 5241.9719999999997526, 0, 5241.9279999999998836, 0, 5241.9719999999997526, 0, 5241.9719999999997526, 0, 5241.9719999999997526, 118.49717252480847662, 5241.9279999999998836, 1, 5241.9719999999997526, 2.8162000529256379089, 5241.9719999999997526, 41.481121575415983216
5241.9819999999999709, 84.574129003172132002, 5241.9329999999999927, 1, 5241.9819999999999709, 20.199273041506344839, 5241.9819999999999709, 3.9341693141345999152, 5241.9819999999999709, 327.25584697661071232, 5241.9329999999999927, 0, 5241.9819999999999709, 70.902758949153380286, 5241.9819999999999709, -108.30739195721695012, 5241.9819999999999709, 136.22580910961016798, 5241.9329999999999927, 0, 5241.9819999999999709, 32.982368723053859583, 5241.9819999999999709, 9.8534575852448966771, 5241.9819999999999709, 106.51289155375914675, 5241.9329999999999927, 1, 5241.9819999999999709, 7.8328836681461355695, 5241.9819999999999709, 38.286091352232098473
5241.9819999999999709, 28.334162700975586091, 5241.9390000000003056, 1, 5241.9819999999999709, 18.705454439765222929, 5241.9819999999999709, -0.058530470269522183457, 5241.9819999999999709, 299.12432653637500835, 5241.9390000000003056, 0, 5241.9819999999999709, 76.612879221200472557, 5241.9819999999999709, -87.180230454163208265, 5241.9819999999999709, 294.63393173517226842, 5241.9390000000003056, 0, 5241.9819999999999709, -47.584505010877329312, 5241.9819999999999709, -95.427393728619847479, 5241.9819999999999709, 74.285807456961720163, 5241.9390000000003056, 1, 5241.9819999999999709, -6.1447786697578186121, 5241.9819999999999709, 31.081569533289176377
5241.98700000000008, 5.0711039434287403793, 5241.944999999999709, 1, 5241.98700000000008, 3.5832426464745577022, 5241.98700000000008, 3.1822966004764703385, 5241.98700000000008, 175.83185810217068479, 5241.944999999999709, 0, 5241.98700000000008, 40.772001236544767266, 5241.98700000000008, -32.201296964944489787, 5241.98700000000008, 147.41636197827224919, 5241.944999999999709, 0, 5241.98700000000008, -29.581302781936074098, 5241.98700000000008, -23.441940918923599213, 5241.98700000000008, 13.032929735179600073, 5241.944999999999709, 1, 5241.98700000000008, -8.5478278711803685752, 5241.98700000000008, 10.659245006703411462
5241.9920000000001892, 0, 5241.9480000000003201, 1, 5241.9920000000001892, 0, 5241.9920000000001892, 0, 5241.9920000000001892, 54.628401068212482983, 5241.9480000000003201, 0, 5241.9920000000001892, 13.468434787749497872, 5241.9920000000001892, 25.353464051704985849, 5241.9920000000001892, 65.203729956421767611, 5241.9480000000003201, 0, 5241.9920000000001892, -8.8979267130780019812, 5241.9920000000001892, 25.125231442713321428, 5241.9920000000001892, 25.883848900613919852, 5241.9480000000003201, 1, 5241.9920000000001892, -0.16536166013634939764, 5241.9920000000001892, 19.348105097169952415
5242.0020000000004075, 0, 5241.9549999999999272, 1, 5242.0020000000004075, 0, 5242.0020000000004075, 0, 5242.0020000000004075, 27.475704567201390205, 5241.9549999999999272, 0, 5242.0020000000004075, 6.8825379160480961716, 5242.0020000000004075, 15.344853631006289518, 5242.0020000000004075, 53.658824665883145144, 5241.9549999999999272, 0, 5242.0020000000004075, -3.1324153723922325554, 5242.0020000000004075, 12.645369264349469063, 5242.0020000000004075, 43.568292363278452228, 5241.9549999999999272, 1, 5242.0020000000004075, 5.6033596074650411367, 5242.0020000000004075, 21.964731654985214959
5242.0069999999996071, 0, 5241.9579999999996289, 1, 5242.0069999999996071, 0, 5242.0069999999996071, 0, 5242.0069999999996071, 17.115731645923677462, 5241.9579999999996289, 0, 5242.0069999999996071, 4.0579128142202520735, 5242.0069999999996071, 12.474667142503180983, 5242.0069999999996071, 42.031263167508555512, 5241.9579999999996289, 0, 5242.0069999999996071, 0.21784150621063524955, 5242.0069999999996071, 12.722697937302937632, 5242.0069999999996071, 48.395183716428121556, 5241.9579999999996289, 1, 5242.0069999999996071, 7.2356158955680713873, 5242.0069999999996071, 23.507537616634550659
5242.0069999999996071, 0, 5241.9639999999999418, 1, 5242.0069999999996071, 0, 5242.0069999999996071, 0, 5242.0069999999996071, 12.695454058526555841, 5241.9639999999999418, 0, 5242.0069999999996071, 2.5522521060088996236, 5242.0069999999996071, 8.9591399526054260605, 5242.0069999999996071, 32.491107200211914119, 5241.9639999999999418, 0, 5242.0069999999996071, 2.8181745846896024688, 5242.0069999999996071, 9.1475140446260922999, 5242.0069999999996071, 50.536769340737194511, 5241.9639999999999418, 1, 5242.0069999999996071, 8.0069758080205559736, 5242.0069999999996071, 23.529515426850998949
5242.0159999999996217, 0, 5241.9679999999998472, 1, 5242.0159999999996217, 0, 5242.0159999999996217, 0, 5242.0159999999996217, 14.468070002523031548, 5241.9679999999998472, 0, 5242.0159999999996217, 2.2535944686647453317, 5242.0159999999996217, 3.9737918714438960066, 5242.0159999999996217, 27.909171340299547381, 5241.9679999999998472, 0, 5242.0159999999996217, 4.2086848759776893658, 5242.0159999999996217, 5.120633180118369765, 5242.0159999999996217, 53.881576437509266952, 5241.9679999999998472, 1, 5242.0159999999996217, 9.7718969248929976601, 5242.0159999999996217, 16.918212539151777918
5242.0159999999996217, 0, 5241.9729999999999563, 1, 5242.0159999999996217, 0, 5242.0159999999996217, 0, 5242.0159999999996217, 21.267123267553852628, 5241.9729999999999563, 0, 5242.0159999999996217, 3.5539021975898203998, 5242.0159999999996217, -0.76604700923314794636, 5242.0159999999996217, 24.555060510602082502, 5241.9729999999999563, 0, 5242.0159999999996217, 5.3302199228788884611, 5242.0159999999996217, 3.912723685256528583, 5242.0159999999996217, 54.516855042615254945, 5241.9729999999999563, 1, 5242.0159999999996217, 10.205994920669796855, 5242.0159999999996217, 17.270477066022888124
5242.0209999999997308, 74.194255807478810993, 5241.9780000000000655, 1, 5242.0209999999997308, -6.6896290123243860037, 5242.0209999999997308, 8.9931179510967460544, 5242.0209999999997308, 31.670523687807076385, 5241.9780000000000655, 0, 5242.0209999999997308, 6.2291341892060998475, 5242.0209999999997308, -5.841342066041844916, 5242.0209999999997308, 23.860578714186527094, 5241.9780000000000655, 0, 5242.0209999999997308, 6.8778936584732690562, 5242.0209999999997308, 2.8228816923769670666, 5242.0209999999997308, 54.498633641819964168, 5241.9780000000000655, 1, 5242.0209999999997308, 12.083867878134316953, 5242.0209999999997308, 17.788301869008670053
5242.0259999999998399, 28.578674554722244494, 5241.9840000000003783, 1, 5242.0259999999998399, 2.4448795591765204449, 5242.0259999999998399, 0.708171059957505733, 5242.0259999999998399, 36.37008540356529096, 5241.9840000000003783, 1, 5242.0259999999998399, 2.9352351545909587394, 5242.0259999999998399, -9.7920415284253010668, 5242.0259999999998399, 23.364549997577491069, 5241.9840000000003783, 1, 5242.0259999999998399, 3.1115860351717201659, 5242.0259999999998399, 0.46376832129671718974, 5242.0259999999998399, 59.877630086646092877, 5241.9840000000003783, 1, 5242.0259999999998399, 7.7201621602637473529, 5242.0259999999998399, 16.960327302011641848
5242.0309999999999491, 39.157969077783484124, 5241.9880000000002838, 1, 5242.0309999999999491, 0.25878524082441078935, 5242.0309999999999491, 2.2031957848156711322, 5242.0309999999999491, 41.394436716189737524, 5241.9880000000002838, 1, 5242.0309999999999491, 3.7283309257610515175, 5242.0309999999999491, -12.533763866789300323, 5242.0309999999999491, 22.770190282698315798, 5241.9880000000002838, 1, 5242.0309999999999491, 2.9518438277826541949, 5242.0309999999999491, -0.14644415064569571427, 5242.0309999999999491, 58.743795063584556715, 5241.9880000000002838, 1, 5242.0309999999999491, 7.683127170396690353, 5242.0309999999999491, 16.7682404268287506
5242.0360000000000582, 44.595657799553848122, 5241.9930000000003929, 1, 5242.0360000000000582, -0.99981707855169177357, 5242.0360000000000582, 2.2912743501563035409, 5242.0360000000000582, 45.372265908603985451, 5241.9930000000003929, 1, 5242.0360000000000582, 4.2841595361861601887, 5242.0360000000000582, -14.911393492388825166, 5242.0360000000000582, 23.353785091255915063, 5241.9930000000003929, 1, 5242.0360000000000582, 2.7721048443946600948, 5242.0360000000000582, -1.2144267268051347486, 5242.0360000000000582, 58.056096339828165753, 5241.9930000000003929, 1, 5242.0360000000000582, 7.3838092041294345336, 5242.0360000000000582, 16.390709913404499787
5242.0410000000001673, 47.861156196622069103, 5241.9979999999995925, 1, 5242.0410000000001673, -0.68882069185191840965, 5242.0410000000001673, 7.4373865737959654609, 5242.0410000000001673, 50.004415972772832788, 5241.9979999999995925, 1, 5242.0410000000001673, 5.0399184243526269356, 5242.0410000000001673, -11.129803599818671955, 5242.0410000000001673, 24.191613912356693561, 5241.9979999999995925, 1, 5242.0410000000001673, 2.6022150229348341988, 5242.0410000000001673, 0.46967980340007997597, 5242.0410000000001673, 53.193101830677974817, 5241.9979999999995925, 1, 5242.0410000000001673, 5.6471132184749315286, 5242.0410000000001673, 26.092896920295174823
5242.0460000000002765, 51.859778515136511601, 5242.0029999999997017, 1, 5242.0460000000002765, -2.5257656218990680586, 5242.0460000000002765, 5.1614870720718357688, 5242.0460000000002765, 51.876958430574148906, 5242.0029999999997017, 1, 5242.0460000000002765, 5.2892858934706028506, 5242.0460000000002765, -15.784334512032071274, 5242.0460000000002765, 25.171802480929613921, 5242.0029999999997017, 1, 5242.0460000000002765, 2.2455379861168345279, 5242.0460000000002765, -2.0844698115979625186, 5242.0460000000002765, 55.078247855834455038, 5242.0029999999997017, 1, 5242.0460000000002765, 6.3483912580698786954, 5242.0460000000002765, 19.167026389119108387
5242.0510000000003856, 53.910809379232738081, 5242.0079999999998108, 1, 5242.0510000000003856, -2.1262737337155241946, 5242.0510000000003856, 8.5724820294507821927, 5242.0510000000003856, 54.725802003783442728, 5242.0079999999998108, 1, 5242.0510000000003856, 5.6689894172362711444, 5242.0510000000003856, -13.035032154819916173, 5242.0510000000003856, 25.971130744076965868, 5242.0079999999998108, 1, 5242.0510000000003856, 2.1629958480352868833, 5242.0510000000003856, -0.99003024139643969193, 5242.0510000000003856, 50.723048481984697844, 5242.0079999999998108, 1, 5242.0510000000003856, 4.9375775196124331856, 5242.0510000000003856, 25.601687686445792735
5242.0559999999995853, 46.618504911217058861, 5242.01299999999992, 1, 5242.0559999999995853, -0.89567387301417988876, 5242.0559999999995853, -0.59374409838746800006, 5242.0559999999995853, 57.079342469824489115, 5242.01299999999992, 1, 5242.0559999999995853, 6.2934299287155175406, 5242.0559999999995853, -14.002421492727123109, 5242.0559999999995853, 26.349248206162108943, 5242.01299999999992, 1, 5242.0559999999995853, 1.9984715270266726339, 5242.0559999999995853, -1.4226642009935339672, 5242.0559999999995853, 39.169544284641176546, 5242.01299999999992, 1, 5242.0559999999995853, 2.1214624629069631645, 5242.0559999999995853, 15.254945190675407218
5242.0609999999996944, 59.58119145671997785, 5242.0180000000000291, 1, 5242.0609999999996944, -3.0907172730187171261, 5242.0609999999996944, 23.037095881170102984, 5242.0609999999996944, 60.683942732828327848, 5242.0180000000000291, 1, 5242.0609999999996944, 5.660775506991829964, 5242.0609999999996944, -15.402167778395490672, 5242.0609999999996944, 28.876794489917372744, 5242.0180000000000291, 1, 5242.0609999999996944, 0.94512539988270705127, 5242.0609999999996944, -2.1292705832812597322, 5242.0609999999996944, 47.733831128262160348, 5242.0180000000000291, 1, 5242.0609999999996944, 4.2313848613399125398, 5242.0609999999996944, 28.76936451806870565
5242.0659999999998035, 24.642948186372223063, 5242.0230000000001382, 1, 5242.0659999999998035, -1.3995323508243164845, 5242.0659999999998035, 15.28376444172191384, 5242.0659999999998035, 55.049791782804341267, 5242.0230000000001382, 1, 5242.0659999999998035, 4.5258959858115197505, 5242.0659999999998035, -18.857734967597597375, 5242.0659999999998035, 47.530593905613571337, 5242.0230000000001382, 1, 5242.0659999999998035, -3.7993712727278405872, 5242.0659999999998035, -10.917640882400913682, 5242.0659999999998035, 23.270158686916296631, 5242.0230000000001382, 1, 5242.0659999999998035, 1.9739931676131188265, 5242.0659999999998035, 16.373734788899927395
5242.0709999999999127, 0, 5242.0280000000002474, 1, 5242.0709999999999127, 0, 5242.0709999999999127, 0, 5242.0709999999999127, 63.538715325279575552, 5242.0280000000002474, 1, 5242.0709999999999127, 7.2272868985405906983, 5242.0709999999999127, -22.932230046438590421, 5242.0709999999999127, 66.993104979383289788, 5242.0280000000002474, 1, 5242.0709999999999127, -7.2230531749965853905, 5242.0709999999999127, -17.105175270969798618, 5242.0709999999999127, 0, 5242.0280000000002474, 1, 5242.0709999999999127, 0, 5242.0709999999999127, 0
5242.0760000000000218, 0, 5242.0330000000003565, 1, 5242.0760000000000218, 0, 5242.0760000000000218, 0, 5242.0760000000000218, 78.257941214404198149, 5242.0330000000003565, 1, 5242.0760000000000218, 9.5295495888655175065, 5242.0760000000000218, -25.808217653494111232, 5242.0760000000000218, 74.522175175167731709, 5242.0330000000003565, 1, 5242.0760000000000218, -6.6944715016979117195, 5242.0760000000000218, -17.867800338013577033, 5242.0760000000000218, 0, 5242.0330000000003565, 1, 5242.0760000000000218, 0, 5242.0760000000000218, 0
5242.081000000000131, 0, 5242.0379999999995562, 1, 5242.081000000000131, 0, 5242.081000000000131, 0, 5242.081000000000131, 88.451071426788331564, 5242.0379999999995562, 1, 5242.081000000000131, 11.099349027919318544, 5242.081000000000131, -26.440337076773360536, 5242.081000000000131, 71.9316197089983973, 5242.0379999999995562, 1, 5242.081000000000131, -7.9752952727644004227, 5242.081000000000131, -14.757517483824390325, 5242.081000000000131, 0, 5242.0379999999995562, 1, 5242.081000000000131, 0, 5242.081000000000131, 0
5242.0860000000002401, 0, 5242.0429999999996653, 1, 5242.0860000000002401, 0, 5242.0860000000002401, 0, 5242.0860000000002401, 99.077258975335809055, 5242.0429999999996653, 1, 5242.0860000000002401, 13.086516734457356748, 5242.0860000000002401, -28.647825947754327558, 5242.0860000000002401, 78.71014342365967309, 5242.0429999999996653, 1, 5242.0860000000002401, -5.0595443636531411968, 5242.0860000000002401, -15.592187328848531536, 5242.0860000000002401, 0, 5242.0429999999996653, 1, 5242.0860000000002401, 0, 5242.0860000000002401, 0
5242.0910000000003492, 0, 5242.0479999999997744, 1, 5242.0910000000003492, 0, 5242.0910000000003492, 0, 5242.0910000000003492, 107.10606686085991157, 5242.0479999999997744, 1, 5242.0910000000003492, 14.368554688295271049, 5242.0910000000003492, -21.166247128348189221, 5242.0910000000003492, 72.100470429376088077, 5242.0479999999997744, 1, 5242.0910000000003492, -5.396906797107939191, 5242.0910000000003492, -6.3132554378595813205, 5242.0910000000003492, 0, 5242.0479999999997744, 1, 5242.0910000000003492, 0, 5242.0910000000003492, 0
5242.0959999999995489, 0, 5242.0529999999998836, 1, 5242.0959999999995489, 0, 5242.0959999999995489, 0, 5242.0959999999995489, 113.99439757407679963, 5242.0529999999998836, 1, 5242.0959999999995489, 16.454797078920940123, 5242.0959999999995489, -27.076637020326280947, 5242.0959999999995489, 75.45632766707771566, 5242.0529999999998836, 1, 5242.0959999999995489, -2.3557628866838347115, 5242.0959999999995489, -9.7604351952454564412, 5242.0959999999995489, 0, 5242.0529999999998836, 1, 5242.0959999999995489, 0, 5242.0959999999995489, 0
5242.100999999999658, 0, 5242.0579999999999927, 0, 5242.100999999999658, 0, 5242.100999999999658, 0, 5242.100999999999658, 117.4604125621938806, 5242.0579999999999927, 1, 5242.100999999999658, 17.277496431953522915, 5242.100999999999658, -25.852362054799201019, 5242.100999999999658, 68.777990347879978117, 5242.0579999999999927, 1, 5242.100999999999658, -2.7076994687265409922, 5242.100999999999658, -5.4878160812477609909, 5242.100999999999658, 0, 5242.0579999999999927, 0, 5242.100999999999658, 0, 5242.100999999999658, 0
5242.1059999999997672, 0, 5242.0630000000001019, 0, 5242.1059999999997672, 0, 5242.1059999999997672, 0, 5242.1059999999997672, 122.24705487526944125, 5242.0630000000001019, 1, 5242.1059999999997672, 18.160709538506726091, 5242.1059999999997672, -26.260203486555845132, 5242.1059999999997672, 71.769430768210696669, 5242.0630000000001019, 1, 5242.1059999999997672, 0.90205408566998701581, 5242.1059999999997672, -5.0673559440521884767, 5242.1059999999997672, 0, 5242.0630000000001019, 0, 5242.1059999999997672, 0, 5242.1059999999997672, 0
5242.1109999999998763, 0, 5242.068000000000211, 0, 5242.1109999999998763, 0, 5242.1109999999998763, 0, 5242.1109999999998763, 123.8641891722352284, 5242.068000000000211, 1, 5242.1109999999998763, 18.536864584272020551, 5242.1109999999998763, -24.863830652230440421, 5242.1109999999998763, 65.878831223768500536, 5242.068000000000211, 1, 5242.1109999999998763, 0.33749637947493354995, 5242.1109999999998763, -1.2520965143041493661, 5242.1109999999998763, 0, 5242.068000000000211, 0, 5242.1109999999998763, 0, 5242.1109999999998763, 0
5242.1159999999999854, 0, 5242.0730000000003201, 0, 5242.1159999999999854, 0, 5242.1159999999999854, 0, 5242.1159999999999854, 126.50821305073503709, 5242.0730000000003201, 1, 5242.1159999999999854, 18.829783007670929607, 5242.1159999999999854, -25.076706622104261157, 5242.1159999999999854, 69.573539882199611384, 5242.0730000000003201, 1, 5242.1159999999999854, 3.385383584264782364, 5242.1159999999999854, -1.3101461292771929834, 5242.1159999999999854, 0, 5242.0730000000003201, 0, 5242.1159999999999854, 0, 5242.1159999999999854, 0
5242.1210000000000946, 0, 5242.0780000000004293, 0, 5242.1210000000000946, 0, 5242.1210000000000946, 0, 5242.1210000000000946, 126.86608707320118583, 5242.0780000000004293, 1, 5242.1210000000000946, 18.825978716843870586, 5242.1210000000000946, -23.68433587513248284, 5242.1210000000000946, 64.845655322074847504, 5242.0780000000004293, 1, 5242.1210000000000946, 2.4321189670953260453, 5242.1210000000000946, 1.9043025869939604888, 5242.1210000000000946, 0, 5242.0780000000004293, 0, 5242.1210000000000946, 0, 5242.1210000000000946, 0
5242.1260000000002037, 0, 5242.0829999999996289, 0, 5242.1260000000002037, 0, 5242.1260000000002037, 0, 5242.1260000000002037, 128.13875042074923272, 5242.0829999999996289, 1, 5242.1260000000002037, 18.665825054377688019, 5242.1260000000002037, -23.833585255842507422, 5242.1260000000002037, 69.271358287298653522, 5242.0829999999996289, 1, 5242.1260000000002037, 4.9316227166268387094, 5242.1260000000002037, 1.3941890534532603851, 5242.1260000000002037, 0, 5242.0829999999996289, 0, 5242.1260000000002037, 0, 5242.1260000000002037, 0
5242.1310000000003129, 0, 5242.0879999999997381, 0, 5242.1310000000003129, 0, 5242.1310000000003129, 0, 5242.1310000000003129, 127.67546746410747005, 5242.0879999999997381, 1, 5242.1310000000003129, 18.368620827998398681, 5242.1310000000003129, -22.510918360773004565, 5242.1310000000003129, 65.602280662697864955, 5242.0879999999997381, 1, 5242.1310000000003129, 3.6092974157428581172, 5242.1310000000003129, 4.0627170936292458236, 5242.1310000000003129, 0, 5242.0879999999997381, 0, 5242.1310000000003129, 0, 5242.1310000000003129, 0
5242.136000000000422, 0, 5242.0929999999998472, 0, 5242.136000000000422, 0, 5242.136000000000422, 0, 5242.136000000000422, 129.32022261721601808, 5242.0929999999998472, 1, 5242.136000000000422, 17.245548809591642936, 5242.136000000000422, -8.2266426279514277553, 5242.136000000000422, 70.662067498522844744, 5242.0929999999998472, 1, 5242.136000000000422, 6.0771433386744613259, 5242.136000000000422, 11.282414899738100189, 5242.136000000000422, 0, 5242.0929999999998472, 0, 5242.136000000000422, 0, 5242.136000000000422, 0
5242.1409999999996217, 0, 5242.0979999999999563, 0, 5242.1409999999996217, 0, 5242.1409999999996217, 0, 5242.1409999999996217, 128.59917337765094203, 5242.0979999999999563, 1, 5242.1409999999996217, 16.707690842015981758, 5242.1409999999996217, -7.0484805729115933559, 5242.1409999999996217, 66.988232647686089649, 5242.0979999999999563, 1, 5242.1409999999996217, 4.640848960330595574, 5242.1409999999996217, 13.313336600007538379, 5242.1409999999996217, 0, 5242.0979999999999563, 0, 5242.1409999999996217, 0, 5242.1409999999996217, 0
5242.1459999999997308, 0, 5242.1030000000000655, 0, 5242.1459999999997308, 0, 5242.1459999999997308, 0, 5242.1459999999997308, 128.54638197357749618, 5242.1030000000000655, 1, 5242.1459999999997308, 16.216644066949317704, 5242.1459999999997308, -7.280016045640337552, 5242.1459999999997308, 72.75616310902996986, 5242.1030000000000655, 1, 5242.1459999999997308, 6.2980526612697360633, 5242.1459999999997308, 12.742641553092553863, 5242.1459999999997308, 0, 5242.1030000000000655, 0, 5242.1459999999997308, 0, 5242.1459999999997308, 0
5242.1509999999998399, 0, 5242.1080000000001746, 0, 5242.1509999999998399, 0, 5242.1509999999998399, 0, 5242.1509999999998399, 127.81272470215029102, 5242.1080000000001746, 1, 5242.1509999999998399, 15.535033705023224115, 5242.1509999999998399, -5.9840579961753235239, 5242.1509999999998399, 68.286276210599567094, 5242.1080000000001746, 1, 5242.1509999999998399, 4.8265260862763019745, 5242.1509999999998399, 14.974827244258769099, 5242.1509999999998399, 0, 5242.1080000000001746, 0, 5242.1509999999998399, 0, 5242.1509999999998399, 0
5242.1570000000001528, 0, 5242.1130000000002838, 0, 5242.1570000000001528, 0, 5242.1570000000001528, 0, 5242.1570000000001528, 126.27801428710876053, 5242.1130000000002838, 1, 5242.1570000000001528, 14.695224513937441557, 5242.1570000000001528, -6.5800847733679361795, 5242.1570000000001528, 76.03285212160511719, 5242.1130000000002838, 1, 5242.1570000000001528, 6.0257248720451253021, 5242.1570000000001528, 13.630953075305441757, 5242.1570000000001528, 0, 5242.1130000000002838, 0, 5242.1570000000001528, 0, 5242.1570000000001528, 0
5242.1620000000002619, 0, 5242.1180000000003929, 0, 5242.1620000000002619, 0, 5242.1620000000002619, 0, 5242.1620000000002619, 125.1017734684556757, 5242.1180000000003929, 1, 5242.1620000000002619, 13.968629955516419727, 5242.1620000000002619, -5.6819510194868456665, 5242.1620000000002619, 73.642574027711702911, 5242.1180000000003929, 1, 5242.1620000000002619, 4.1894477946839803195, 5242.1620000000002619, 15.122529272574908532, 5242.1620000000002619, 0, 5242.1180000000003929, 0, 5242.1620000000002619, 0, 5242.1620000000002619, 0
5242.1660000000001673, 0, 5242.1229999999995925, 0, 5242.1660000000001673, 0, 5242.1660000000001673, 0, 5242.1660000000001673, 124.09229284610374577, 5242.1229999999995925, 1, 5242.1660000000001673, 13.071456083516602931, 5242.1660000000001673, -6.2098468017652876938, 5242.1660000000001673, 80.411311251109992781, 5242.1229999999995925, 1, 5242.1660000000001673, 5.3849142526595006331, 5242.1660000000001673, 13.982561117756979741, 5242.1660000000001673, 0, 5242.1229999999995925, 0, 5242.1660000000001673, 0, 5242.1660000000001673, 0
5242.1710000000002765, 0, 5242.1279999999997017, 0, 5242.1710000000002765, 0, 5242.1710000000002765, 0, 5242.1710000000002765, 121.61284994692056216, 5242.1279999999997017, 1, 5242.1710000000002765, 11.963220119754208071, 5242.1710000000002765, 0.8907371721550916277, 5242.1710000000002765, 79.164862420182231517, 5242.1279999999997017, 1, 5242.1710000000002765, 3.0921098948447913735, 5242.1710000000002765, 18.991895347019369211, 5242.1710000000002765, 0, 5242.1279999999997017, 0, 5242.1710000000002765, 0, 5242.1710000000002765, 0
5242.1760000000003856, 0, 5242.1329999999998108, 0, 5242.1760000000003856, 0, 5242.1760000000003856, 0, 5242.1760000000003856, 120.86468340836484003, 5242.1329999999998108, 1, 5242.1760000000003856, 12.758540143942468603, 5242.1760000000003856, -7.8452034567106068152, 5242.1760000000003856, 85.848713794960787027, 5242.1329999999998108, 1, 5242.1760000000003856, 2.153031789818665942, 5242.1760000000003856, 11.190396170305703549, 5242.1760000000003856, 0, 5242.1329999999998108, 0, 5242.1760000000003856, 0, 5242.1760000000003856, 0
5242.1809999999995853, 0, 5242.13799999999992, 0, 5242.1809999999995853, 0, 5242.1809999999995853, 0, 5242.1809999999995853, 119.63578443263062923, 5242.13799999999992, 1, 5242.1809999999995853, 11.930102332845809343, 5242.1809999999995853, -7.0489161227142602684, 5242.1809999999995853, 83.288955439311493478, 5242.13799999999992, 1, 5242.1809999999995853, 0.60214689376405150512, 5242.1809999999995853, 12.625925338474743853, 5242.1809999999995853, 0, 5242.13799999999992, 0, 5242.1809999999995853, 0, 5242.1809999999995853, 0
5242.1859999999996944, 0, 5242.1440000000002328, 0, 5242.1859999999996944, 0, 5242.1859999999996944, 0, 5242.1859999999996944, 118.25464086006428488, 5242.1440000000002328, 1, 5242.1859999999996944, 11.109776045241307685, 5242.1859999999996944, -7.6585213334537129981, 5242.1859999999996944, 89.348582251253901632, 5242.1440000000002328, 1, 5242.1859999999996944, 1.5267945700181140278, 5242.1859999999996944, 11.185662067592872404, 5242.1859999999996944, 0, 5242.1440000000002328, 0, 5242.1859999999996944, 0, 5242.1859999999996944, 0
5242.1909999999998035, 0, 5242.1480000000001382, 0, 5242.1909999999998035, 0, 5242.1909999999998035, 0, 5242.1909999999998035, 116.81653507437033568, 5242.1480000000001382, 1, 5242.1909999999998035, 10.026546954715922055, 5242.1909999999998035, -7.079526332732910987, 5242.1909999999998035, 87.553378971262986852, 5242.1480000000001382, 1, 5242.1909999999998035, -0.3422357332003003183, 5242.1909999999998035, 12.214427161306907976, 5242.1909999999998035, 0, 5242.1480000000001382, 0, 5242.1909999999998035, 0, 5242.1909999999998035, 0
5242.1959999999999127, 0, 5242.1530000000002474, 0, 5242.1959999999999127, 0, 5242.1959999999999127, 0, 5242.1959999999999127, 115.97687795769948593, 5242.1530000000002474, 1, 5242.1959999999999127, 9.3894147968757568634, 5242.1959999999999127, -7.6106979900742217637, 5242.1959999999999127, 92.313705292381058598, 5242.1530000000002474, 1, 5242.1959999999999127, 0.85077482370478096918, 5242.1959999999999127, 11.091690529082860905, 5242.1959999999999127, 0, 5242.1530000000002474, 0, 5242.1959999999999127, 0, 5242.1959999999999127, 0
5242.2010000000000218, 0, 5242.1580000000003565, 0, 5242.2010000000000218, 0, 5242.2010000000000218, 0, 5242.2010000000000218, 114.82984794665165396, 5242.1580000000003565, 1, 5242.2010000000000218, 8.7202799309822776053, 5242.2010000000000218, -6.9379393622211154025, 5242.2010000000000218, 89.783506353884973805, 5242.1580000000003565, 1, 5242.2010000000000218, -0.47977109881289758953, 5242.2010000000000218, 12.33426954176370316, 5242.2010000000000218, 0, 5242.1580000000003565, 0, 5242.2010000000000218, 0, 5242.2010000000000218, 0
5242.2049999999999272, 0, 5242.1629999999995562, 0, 5242.2049999999999272, 0, 5242.2049999999999272, 0, 5242.2049999999999272, 113.53277423268147572, 5242.1629999999995562, 1, 5242.2049999999999272, 7.9657855949769738046, 5242.2049999999999272, -7.5956424185062800802, 5242.2049999999999272, 94.891357609915871762, 5242.1629999999995562, 1, 5242.2049999999999272, 0.38911317226585828699, 5242.2049999999999272, 10.916502742096817258, 5242.2049999999999272, 0, 5242.1629999999995562, 0, 5242.2049999999999272, 0, 5242.2049999999999272, 0
5242.2120000000004438, 0, 5242.1679999999996653, 0, 5242.2120000000004438, 0, 5242.2120000000004438, 0, 5242.2120000000004438, 112.80808490217356166, 5242.1679999999996653, 1, 5242.2120000000004438, 6.7644669318858579032, 5242.2120000000004438, -6.9972696995007908072, 5242.2120000000004438, 92.034160060109741153, 5242.1679999999996653, 1, 5242.2120000000004438, -1.2862183485683116313, 5242.2120000000004438, 12.178535587096533277, 5242.2120000000004438, 0, 5242.1679999999996653, 0, 5242.2120000000004438, 0, 5242.2120000000004438, 0
5242.2219999999997526, 0, 5242.1729999999997744, 0, 5242.2219999999997526, 0, 5242.2219999999997526, 0, 5242.2219999999997526, 111.11839750569021135, 5242.1729999999997744, 1, 5242.2219999999997526, 5.8559142042215333035, 5242.2219999999997526, 8.0731527442382997606, 5242.2219999999997526, 94.024822922795834756, 5242.1729999999997744, 1, 5242.2219999999997526, 3.0987470114535535792, 5242.2219999999997526, 25.783286019471411521, 5242.2219999999997526, 0, 5242.1729999999997744, 0, 5242.2219999999997526, 0, 5242.2219999999997526, 0
5242.2219999999997526, 0, 5242.1779999999998836, 0, 5242.2219999999997526, 0, 5242.2219999999997526, 0, 5242.2219999999997526, 110.93863191602326879, 5242.1779999999998836, 1, 5242.2219999999997526, 3.1240852445333193721, 5242.2219999999997526, 8.4608919540171640961, 5242.2219999999997526, 91.01428053480438507, 5242.1779999999998836, 1, 5242.2219999999997526, -0.011221897514534839857, 5242.2219999999997526, 26.477604462970639077, 5242.2219999999997526, 0, 5242.1779999999998836, 0, 5242.2219999999997526, 0, 5242.2219999999997526, 0
5242.2309999999997672, 0, 5242.1829999999999927, 0, 5242.2309999999997672, 0, 5242.2309999999997672, 0, 5242.2309999999997672, 108.90534125901821483, 5242.1829999999999927, 1, 5242.2309999999997672, 5.2145517109387320431, 5242.2309999999997672, 7.6300214670233614811, 5242.2309999999997672, 95.772221378202459618, 5242.1829999999999927, 1, 5242.2309999999997672, 3.2544982345724071671, 5242.2309999999997672, 25.752923295560357531, 5242.2309999999997672, 0, 5242.1829999999999927, 0, 5242.2309999999997672, 0, 5242.2309999999997672, 0
5242.23700000000008, 0, 5242.1880000000001019, 0, 5242.23700000000008, 0, 5242.23700000000008, 0, 5242.23700000000008, 108.95056165354642985, 5242.1880000000001019, 1, 5242.23700000000008, 1.6417055009168330937, 5242.23700000000008, 7.7545843576633615157, 5242.23700000000008, 93.672440436619751836, 5242.1880000000001019, 1, 5242.23700000000008, -0.51392906510831659617, 5242.23700000000008, 26.150911085747210905, 5242.23700000000008, 0, 5242.1880000000001019, 0, 5242.23700000000008, 0, 5242.23700000000008, 0
5242.2420000000001892, 0, 5242.193000000000211, 0, 5242.2420000000001892, 0, 5242.2420000000001892, 0, 5242.2420000000001892, 106.89237932546211596, 5242.193000000000211, 1, 5242.2420000000001892, 3.7580039145535240053, 5242.2420000000001892, 6.8999498782223867011, 5242.2420000000001892, 97.881419118110500222, 5242.193000000000211, 1, 5242.2420000000001892, 2.2675811448936644688, 5242.2420000000001892, 25.378614566232073457, 5242.2420000000001892, 0, 5242.193000000000211, 0, 5242.2420000000001892, 0, 5242.2420000000001892, 0
5242.2470000000002983, 0, 5242.1980000000003201, 0, 5242.2470000000002983, 0, 5242.2470000000002983, 0, 5242.2470000000002983, 106.86124356510072175, 5242.1980000000003201, 1, 5242.2470000000002983, 3.4267290001600065885, 5242.2470000000002983, 2.0607637155228744064, 5242.2470000000002983, 98.998269565856617191, 5242.1980000000003201, 1, 5242.2470000000002983, -3.4672259935852078883, 5242.2470000000002983, 17.844818258354329998, 5242.2470000000002983, 0, 5242.1980000000003201, 0, 5242.2470000000002983, 0, 5242.2470000000002983, 0
5242.2520000000004075, 0, 5242.2030000000004293, 0, 5242.2520000000004075, 0, 5242.2520000000004075, 0, 5242.2520000000004075, 104.60993438463714256, 5242.2030000000004293, 1, 5242.2520000000004075, 1.7960554054556103765, 5242.2520000000004075, 12.115529286264063558, 5242.2520000000004075, 97.61114694917287693, 5242.2030000000004293, 1, 5242.2520000000004075, 0.91331072504377774912, 5242.2520000000004075, 30.539138554406846993, 5242.2520000000004075, 0, 5242.2030000000004293, 0, 5242.2520000000004075, 0, 5242.2520000000004075, 0
5242.2520000000004075, 0, 5242.2079999999996289, 0, 5242.2520000000004075, 0, 5242.2520000000004075, 0, 5242.2520000000004075, 103.75677348022261981, 5242.2079999999996289, 1, 5242.2520000000004075, 0.20915300515871360076, 5242.2520000000004075, 11.063579379172779227, 5242.2520000000004075, 100.82719177556653278, 5242.2079999999996289, 1, 5242.2520000000004075, -0.47700539021114923832, 5242.2520000000004075, 29.848704640213888695, 5242.2520000000004075, 0, 5242.2079999999996289, 0, 5242.2520000000004075, 0, 5242.2520000000004075, 0
5242.2569999999996071, 0, 5242.2129999999997381, 0, 5242.2569999999996071, 0, 5242.2569999999996071, 0, 5242.2569999999996071, 102.77677460127853237, 5242.2129999999997381, 1, 5242.2569999999996071, 2.6031115687912764756, 5242.2569999999996071, 2.2946483784663698202, 5242.2569999999996071, 105.06316340065956183, 5242.2129999999997381, 1, 5242.2569999999996071, -4.0762722634791384024, 5242.2569999999996071, 17.389595967257299947, 5242.2569999999996071, 0, 5242.2129999999997381, 0, 5242.2569999999996071, 0, 5242.2569999999996071, 0
5242.2659999999996217, 0, 5242.2179999999998472, 0, 5242.2659999999996217, 0, 5242.2659999999996217, 0, 5242.2659999999996217, 101.6292232833717577, 5242.2179999999998472, 1, 5242.2659999999996217, 1.9647325374529849284, 5242.2659999999996217, 1.7328299673112681489, 5242.2659999999996217, 103.88708801316141717, 5242.2179999999998472, 1, 5242.2659999999996217, -3.6980591112133596177, 5242.2659999999996217, 16.957806905895800753, 5242.2659999999996217, 0, 5242.2179999999998472, 0, 5242.2659999999996217, 0, 5242.2659999999996217, 0
5242.2709999999997308, 0, 5242.2229999999999563, 0, 5242.2709999999997308, 0, 5242.2709999999997308, 0, 5242.2709999999997308, 101.39917264091280913, 5242.2229999999999563, 1, 5242.2709999999997308, 0.9822231108446617398, 5242.2709999999997308, 0.64631669428336380179, 5242.2709999999997308, 106.75930766007444106, 5242.2229999999999563, 1, 5242.2709999999997308, -4.9151690303845345653, 5242.2709999999997308, 15.896714725812671531, 5242.2709999999997308, 0, 5242.2229999999999563, 0, 5242.2709999999997308, 0, 5242.2709999999997308, 0
5242.2749999999996362, 0, 5242.2280000000000655, 0, 5242.2749999999996362, 0, 5242.2749999999996362, 0, 5242.2749999999996362, 98.995566878838332059, 5242.2280000000000655, 1, 5242.2749999999996362, 0.16969872909076122447, 5242.2749999999996362, -1.2743149097211912135, 5242.2749999999996362, 112.17445642521823856, 5242.2280000000000655, 1, 5242.2749999999996362, -5.9881364873220093159, 5242.2749999999996362, 13.548799147719797986, 5242.2749999999996362, 0, 5242.2280000000000655, 0, 5242.2749999999996362, 0, 5242.2749999999996362, 0
5242.2749999999996362, 296.69899952641833352, 5242.2330000000001746, 0, 5242.2749999999996362, -24.054482211752130638, 5242.2749999999996362, -179.70749924778925788, 5242.2749999999996362, 97.741561660032886039, 5242.2330000000001746, 1, 5242.2749999999996362, -0.63777053531033378597, 5242.2749999999996362, -2.4462259776732224736, 5242.2749999999996362, 110.78272807529054944, 5242.2330000000001746, 1, 5242.2749999999996362, -5.624374805715814496, 5242.2749999999996362, 12.51492530340527054, 5242.2749999999996362, 0, 5242.2330000000001746, 0, 5242.2749999999996362, 0, 5242.2749999999996362, 0
5242.2820000000001528, 391.13389256052232668, 5242.2380000000002838, 0, 5242.2820000000001528, -96.225288668266784953, 5242.2820000000001528, -239.51397837574114646, 5242.2820000000001528, 78.2439875641216247, 5242.2380000000002838, 1, 5242.2820000000001528, -19.155101721347865151, 5242.2820000000001528, -4.1862296817357744771, 5242.2820000000001528, 100.72744145692944073, 5242.2380000000002838, 1, 5242.2820000000001528, -10.528029297764938121, 5242.2820000000001528, 10.888035692965665646, 5242.2820000000001528, 0, 5242.2380000000002838, 0, 5242.2820000000001528, 0, 5242.2820000000001528, 0
5242.2870000000002619, 384.68503572795793843, 5242.2430000000003929, 0, 5242.2870000000002619, -111.71491132029160553, 5242.2870000000002619, -211.09025085752611517, 5242.2870000000002619, 32.500882360161220674, 5242.2430000000003929, 1, 5242.2870000000002619, -22.92365103583815511, 5242.2870000000002619, -4.8499950733669745517, 5242.2870000000002619, 86.354221670436800196, 5242.2430000000003929, 1, 5242.2870000000002619, -14.246440933015243502, 5242.2870000000002619, 8.5024473204744310806, 5242.2870000000002619, 0, 5242.2430000000003929, 0, 5242.2870000000002619, 0, 5242.2870000000002619, 0
5242.2910000000001673, 392.07192834002501058, 5242.2479999999995925, 0, 5242.2910000000001673, -120.57860453250647481, 5242.2910000000001673, -175.40401954540271845, 5242.2910000000001673, 14.174675277161281173, 5242.2479999999995925, 1, 5242.2910000000001673, -10.2732072801817651, 5242.2910000000001673, -4.407851085636699473, 5242.2910000000001673, 75.286442790614842124, 5242.2479999999995925, 1, 5242.2910000000001673, -16.929476769468017494, 5242.2910000000001673, 19.223155707073850351, 5242.2910000000001673, 0, 5242.2479999999995925, 0, 5242.2910000000001673, 0, 5242.2910000000001673, 0
5242.2969999999995707, 383.94993393159393236, 5242.2529999999997017, 0, 5242.2969999999995707, -126.82838032157657437, 5242.2969999999995707, -147.69043513402402823, 5242.2969999999995707, 0.60086166517730510428, 5242.2529999999997017, 1, 5242.2969999999995707, -0.42633917442414220877, 5242.2969999999995707, -0.36196709928091219677, 5242.2969999999995707, 69.23584039584493155, 5242.2529999999997017, 1, 5242.2969999999995707, -24.102476104474249041, 5242.2969999999995707, 15.092934225037861751, 5242.2969999999995707, 0, 5242.2529999999997017, 0, 5242.2969999999995707, 0, 5242.2969999999995707, 0
5242.3019999999996799, 316.20015358096691216, 5242.2590000000000146, 0, 5242.3019999999996799, -117.24362917518564586, 5242.3019999999996799, -101.59907049915594257, 5242.3019999999996799, 0, 5242.2590000000000146, 1, 5242.3019999999996799, 0, 5242.3019999999996799, 0, 5242.3019999999996799, 72.625648373238632871, 5242.2590000000000146, 1, 5242.3019999999996799, -31.71244031953237652, 5242.3019999999996799, 10.263629863944675691, 5242.3019999999996799, 0, 5242.2590000000000146, 0, 5242.3019999999996799, 0, 5242.3019999999996799, 0
5242.306999999999789, 202.0876701376072333, 5242.2650000000003274, 0, 5242.306999999999789, -90.817622503947404766, 5242.306999999999789, -97.039395963719101701, 5242.306999999999789, 0, 5242.2650000000003274, 1, 5242.306999999999789, 0, 5242.306999999999789, 0, 5242.306999999999789, 77.597513408405873747, 5242.2650000000003274, 1, 5242.306999999999789, -32.084923210309845842, 5242.306999999999789, -10.357532305313362997, 5242.306999999999789, 0, 5242.2650000000003274, 0, 5242.306999999999789, 0, 5242.306999999999789, 0
5242.3119999999998981, 88.22707091679725977, 5242.2680000000000291, 0, 5242.3119999999998981, -45.699543128722353913, 5242.3119999999998981, -27.321466562017747037, 5242.3119999999998981, 0, 5242.2680000000000291, 1, 5242.3119999999998981, 0, 5242.3119999999998981, 0, 5242.3119999999998981, 59.958093792000504152, 5242.2680000000000291, 1, 5242.3119999999998981, -25.376165027574121069, 5242.3119999999998981, -19.362075355666604537, 5242.3119999999998981, 0, 5242.2680000000000291, 0, 5242.3119999999998981, 0, 5242.3119999999998981, 0
5242.3170000000000073, 20.085104435223573915, 5242.2730000000001382, 0, 5242.3170000000000073, -13.357664372622103599, 5242.3170000000000073, 9.4500444210032270576, 5242.3170000000000073, 0, 5242.2730000000001382, 1, 5242.3170000000000073, 0, 5242.3170000000000073, 0, 5242.3170000000000073, 66.067213216537624021, 5242.2730000000001382, 1, 5242.3170000000000073, -21.526477245074328692, 5242.3170000000000073, -28.038344340930656529, 5242.3170000000000073, 0, 5242.2730000000001382, 0, 5242.3170000000000073, 0, 5242.3170000000000073, 0
5242.3220000000001164, 4.9631668647585227561, 5242.2780000000002474, 0, 5242.3220000000001164, -3.243141404192933841, 5242.3220000000001164, 2.4647726665819709169, 5242.3220000000001164, 0, 5242.2780000000002474, 1, 5242.3220000000001164, 0, 5242.3220000000001164, 0, 5242.3220000000001164, 54.721540424256851054, 5242.2780000000002474, 1, 5242.3220000000001164, -15.674493361881738807, 5242.3220000000001164, -30.301461724438095047, 5242.3220000000001164, 0, 5242.2780000000002474, 0, 5242.3220000000001164, 0, 5242.3220000000001164, 0
5242.3270000000002256, 0, 5242.2839999999996508, 0, 5242.3270000000002256, 0, 5242.3270000000002256, 0, 5242.3270000000002256, 0, 5242.2839999999996508, 1, 5242.3270000000002256, 0, 5242.3270000000002256, 0, 5242.3270000000002256, 34.439294101608467713, 5242.2839999999996508, 1, 5242.3270000000002256, -10.646444946011079935, 5242.3270000000002256, -24.729258840879186465, 5242.3270000000002256, 0, 5242.2839999999996508, 0, 5242.3270000000002256, 0, 5242.3270000000002256, 0
5242.3370000000004438, 0, 5242.2879999999995562, 0, 5242.3370000000004438, 0, 5242.3370000000004438, 0, 5242.3370000000004438, 0, 5242.2879999999995562, 1, 5242.3370000000004438, 0, 5242.3370000000004438, 0, 5242.3370000000004438, 18.907822778684376885, 5242.2879999999995562, 1, 5242.3370000000004438, -5.6627615502995309882, 5242.3370000000004438, -13.846386718242863267, 5242.3370000000004438, 54.265259245131687749, 5242.2879999999995562, 0, 5242.3370000000004438, -2.6592040268886001364, 5242.3370000000004438, -7.4083021508026085655
5242.3419999999996435, 0, 5242.2929999999996653, 0, 5242.3419999999996435, 0, 5242.3419999999996435, 0, 5242.3419999999996435, 0, 5242.2929999999996653, 1, 5242.3419999999996435, 0, 5242.3419999999996435, 0, 5242.3419999999996435, 21.843750978676435892, 5242.2929999999996653, 1, 5242.3419999999996435, -3.4732957318763051369, 5242.3419999999996435, -15.99704574570064608, 5242.3419999999996435, 15.324076593293991522, 5242.2929999999996653, 0, 5242.3419999999996435, -4.7368171157713838682, 5242.3419999999996435, 6.6613982922432146694
5242.3469999999997526, 0, 5242.2979999999997744, 0, 5242.3469999999997526, 0, 5242.3469999999997526, 0, 5242.3469999999997526, 0, 5242.2979999999997744, 1, 5242.3469999999997526, 0, 5242.3469999999997526, 0, 5242.3469999999997526, 25.093304070712591169, 5242.2979999999997744, 1, 5242.3469999999997526, -5.3201998484329742212, 5242.3469999999997526, -15.390068016642572957, 5242.3469999999997526, 13.658752378840082642, 5242.2979999999997744, 0, 5242.3469999999997526, -5.1316023016828760106, 5242.3469999999997526, 7.8624742183505658133
5242.3519999999998618, 0, 5242.3029999999998836, 0, 5242.3519999999998618, 0, 5242.3519999999998618, 0, 5242.3519999999998618, 0, 5242.3029999999998836, 1, 5242.3519999999998618, 0, 5242.3519999999998618, 0, 5242.3519999999998618, 29.559977661135611982, 5242.3029999999998836, 1, 5242.3519999999998618, -0.5406717422715767718, 5242.3519999999998618, -16.916142879052966208, 5242.3519999999998618, 15.476430787406160405, 5242.3029999999998836, 0, 5242.3519999999998618, -2.880844387896964065, 5242.3519999999998618, 9.6134266022176007027
5242.3519999999998618, 62.013362152486095624, 5242.3079999999999927, 1, 5242.3519999999998618, -40.519163595612162965, 5242.3519999999998618, 1.112674313944275184, 5242.3519999999998618, 0, 5242.3079999999999927, 1, 5242.3519999999998618, 0, 5242.3519999999998618, 0, 5242.3519999999998618, 31.498967498716972102, 5242.3079999999999927, 1, 5242.3519999999998618, -3.279129902211226355, 5242.3519999999998618, -18.315525773491003747, 5242.3519999999998618, 17.818678461876274355, 5242.3079999999999927, 1, 5242.3519999999998618, -3.639438685832308451, 5242.3519999999998618, 9.1170232233123922327
5242.3569999999999709, 62.891920269500083407, 5242.3130000000001019, 1, 5242.3569999999999709, -35.219210017632128995, 5242.3569999999999709, -2.3459480653817621487, 5242.3569999999999709, 0, 5242.3130000000001019, 1, 5242.3569999999999709, 0, 5242.3569999999999709, 0, 5242.3569999999999709, 39.379563801987721661, 5242.3130000000001019, 1, 5242.3569999999999709, 2.6096825525854616679, 5242.3569999999999709, -22.95150219034267991, 5242.3569999999999709, 20.812150991541546574, 5242.3130000000001019, 1, 5242.3569999999999709, 2.2826782498115543163, 5242.3569999999999709, 9.3617340886465125749
5242.36200000000008, 74.031475433068607117, 5242.318000000000211, 1, 5242.36200000000008, -37.593794366623235703, 5242.36200000000008, -3.2613016759223398822, 5242.36200000000008, 0, 5242.318000000000211, 1, 5242.36200000000008, 0, 5242.36200000000008, 0, 5242.36200000000008, 37.962221603920625057, 5242.318000000000211, 1, 5242.36200000000008, -0.81671478355897764168, 5242.36200000000008, -22.512638878571742396, 5242.36200000000008, 23.484159999184878842, 5242.318000000000211, 1, 5242.36200000000008, 1.2483580488222021376, 5242.36200000000008, 10.868641822507189687
5242.3670000000001892, 80.482199139575726576, 5242.3230000000003201, 1, 5242.3670000000001892, -37.064152686151984994, 5242.3670000000001892, -3.3663611447909573826, 5242.3670000000001892, 0, 5242.3230000000003201, 1, 5242.3670000000001892, 0, 5242.3670000000001892, 0, 5242.3670000000001892, 41.438340382291571018, 5242.3230000000003201, 1, 5242.3670000000001892, 2.380058908481111235, 5242.3670000000001892, -24.779643129753832653, 5242.3670000000001892, 27.030007507274319778, 5242.3230000000003201, 1, 5242.3670000000001892, 4.2399469887833198811, 5242.3670000000001892, 11.597144557551768429
5242.3770000000004075, 87.635419294974013837, 5242.3280000000004293, 1, 5242.3770000000004075, -39.653960855932709251, 5242.3770000000004075, -3.1500544236256899922, 5242.3770000000004075, 0, 5242.3280000000004293, 1, 5242.3770000000004075, 0, 5242.3770000000004075, 0, 5242.3770000000004075, 38.959787981835773962, 5242.3280000000004293, 1, 5242.3770000000004075, -1.986573471775601174, 5242.3770000000004075, -23.723427144071528971, 5242.3770000000004075, 30.314796984030031979, 5242.3280000000004293, 1, 5242.3770000000004075, 2.2657988977914484963, 5242.3770000000004075, 13.187865133594474543
5242.3770000000004075, 91.589832037895604344, 5242.3329999999996289, 1, 5242.3770000000004075, -38.45434359087056464, 5242.3770000000004075, -2.7691961700850882266, 5242.3770000000004075, 0, 5242.3329999999996289, 1, 5242.3770000000004075, 0, 5242.3770000000004075, 0, 5242.3770000000004075, 42.059900911884746222, 5242.3329999999996289, 1, 5242.3770000000004075, 1.1432515861394736412, 5242.3770000000004075, -25.81405141472666287, 5242.3770000000004075, 34.158955486581774608, 5242.3329999999996289, 1, 5242.3770000000004075, 5.1697400988605828331, 5242.3770000000004075, 13.76588120297046558
5242.3869999999997162, 89.956218997524501901, 5242.3379999999997381, 1, 5242.3869999999997162, -31.635364817216615307, 5242.3869999999997162, -3.2184653109020544548, 5242.3869999999997162, 146.50918146821646815, 5242.3379999999997381, 1, 5242.3869999999997162, 14.420037243012055583, 5242.3869999999997162, 18.513621888085353362, 5242.3869999999997162, 91.687807106079020514, 5242.3379999999997381, 1, 5242.3869999999997162, -8.8645590980793969038, 5242.3869999999997162, 22.602259612902798835, 5242.3869999999997162, 38.147246509538284442, 5242.3379999999997381, 1, 5242.3869999999997162, 8.1181887446565141886, 5242.3869999999997162, 12.932583450336055719
5242.3869999999997162, 43.187827716842335235, 5242.3450000000002547, 1, 5242.3869999999997162, -17.354274241106601551, 5242.3869999999997162, -7.2393593122875223855, 5242.3869999999997162, 162.77240639700738711, 5242.3450000000002547, 1, 5242.3869999999997162, 26.430331059364082336, 5242.3869999999997162, 97.731525675948745402, 5242.3869999999997162, 202.4101844176331042, 5242.3450000000002547, 1, 5242.3869999999997162, -25.720549333096322187, 5242.3869999999997162, 113.3011382923285737, 5242.3869999999997162, 76.199255991654951004, 5242.3450000000002547, 1, 5242.3869999999997162, 17.750854965282286457, 5242.3869999999997162, -12.170136257926465362
5242.3919999999998254, 11.699546346049558565, 5242.3479999999999563, 1, 5242.3919999999998254, -7.6003449513686485162, 5242.3919999999998254, -4.9419698740879409726, 5242.3919999999998254, 56.004980861218143673, 5242.3479999999999563, 1, 5242.3919999999998254, 8.2888975709939014536, 5242.3919999999998254, 32.190566170268596125, 5242.3919999999998254, 136.68490387466900415, 5242.3479999999999563, 1, 5242.3919999999998254, -11.523616707274285886, 5242.3919999999998254, 73.721881289166844908, 5242.3919999999998254, 72.060793281078360906, 5242.3479999999999563, 1, 5242.3919999999998254, 15.456915581500210166, 5242.3919999999998254, -17.235658875315383654
5242.4020000000000437, 10.373423117932230042, 5242.3530000000000655, 1, 5242.4020000000000437, -6.5441858257349876382, 5242.4020000000000437, -3.6428104991043359639, 5242.4020000000000437, 0, 5242.3530000000000655, 1, 5242.4020000000000437, 0, 5242.4020000000000437, 0, 5242.4020000000000437, 27.662795003258764837, 5242.3530000000000655, 1, 5242.4020000000000437, 2.9896157210419955774, 5242.4020000000000437, 23.24195589224469316, 5242.4020000000000437, 73.338145755914212032, 5242.3530000000000655, 1, 5242.4020000000000437, 13.701014221610652299, 5242.4020000000000437, -11.353490927032215296
5242.4020000000000437, 35.643775951091939191, 5242.3580000000001746, 1, 5242.4020000000000437, -18.630284811041835979, 5242.4020000000000437, -6.2760661550530958408, 5242.4020000000000437, 0, 5242.3580000000001746, 1, 5242.4020000000000437, 0, 5242.4020000000000437, 0, 5242.4020000000000437, 0, 5242.3580000000001746, 1, 5242.4020000000000437, 0, 5242.4020000000000437, 0, 5242.4020000000000437, 73.381959416625548442, 5242.3580000000001746, 1, 5242.4020000000000437, 14.019482732651697532, 5242.4020000000000437, -8.4689876052695041153
5242.4070000000001528, 59.527950569791819646, 5242.363999999999578, 1, 5242.4070000000001528, -17.902685768504582597, 5242.4070000000001528, -7.8741355102592791582, 5242.4070000000001528, 0, 5242.363999999999578, 1, 5242.4070000000001528, 0, 5242.4070000000001528, 0, 5242.4070000000001528, 0, 5242.363999999999578, 1, 5242.4070000000001528, 0, 5242.4070000000001528, 0, 5242.4070000000001528, 66.608437791181358989, 5242.363999999999578, 1, 5242.4070000000001528, 18.89571130619555106, 5242.4070000000001528, -2.5464615575260509672
5242.4120000000002619, 77.044604604497664013, 5242.3680000000003929, 1, 5242.4120000000002619, -19.686464552141099915, 5242.4120000000002619, -9.1035499948720044472, 5242.4120000000002619, 0, 5242.3680000000003929, 1, 5242.4120000000002619, 0, 5242.4120000000002619, 0, 5242.4120000000002619, 0, 5242.3680000000003929, 1, 5242.4120000000002619, 0, 5242.4120000000002619, 0, 5242.4120000000002619, 73.068817824198134758, 5242.3680000000003929, 1, 5242.4120000000002619, 15.925348821497344431, 5242.4120000000002619, -1.5683844562701594327
5242.4219999999995707, 84.655409822035096568, 5242.3729999999995925, 1, 5242.4219999999995707, -18.574549052365206592, 5242.4219999999995707, -8.7609981605514235525, 5242.4219999999995707, 0, 5242.3729999999995925, 1, 5242.4219999999995707, 0, 5242.4219999999995707, 0, 5242.4219999999995707, 0, 5242.3729999999995925, 1, 5242.4219999999995707, 0, 5242.4219999999995707, 0, 5242.4219999999995707, 71.336742095264185082, 5242.3729999999995925, 1, 5242.4219999999995707, 18.995853677217755973, 5242.4219999999995707, 1.6617709357485068722
5242.4219999999995707, 94.314018082805944232, 5242.3789999999999054, 1, 5242.4219999999995707, -21.029948965245875314, 5242.4219999999995707, -9.397563689577808077, 5242.4219999999995707, 0, 5242.3789999999999054, 0, 5242.4219999999995707, 0, 5242.4219999999995707, 0, 5242.4219999999995707, 0, 5242.3789999999999054, 0, 5242.4219999999995707, 0, 5242.4219999999995707, 0, 5242.4219999999995707, 76.862326998753076168, 5242.3789999999999054, 1, 5242.4219999999995707, 14.417775859886873491, 5242.4219999999995707, 2.5550986647602513813
5242.4269999999996799, 98.600148173485379743, 5242.3840000000000146, 1, 5242.4269999999996799, -19.603683922216458058, 5242.4269999999996799, -8.610872036427529963, 5242.4269999999996799, 0, 5242.3840000000000146, 0, 5242.4269999999996799, 0, 5242.4269999999996799, 0, 5242.4269999999996799, 0, 5242.3840000000000146, 0, 5242.4269999999996799, 0, 5242.4269999999996799, 0, 5242.4269999999996799, 73.998702771258223265, 5242.3840000000000146, 1, 5242.4269999999996799, 16.635513812942804179, 5242.4269999999996799, 5.9020465289296666356
5242.431999999999789, 104.01542565472328761, 5242.38799999999992, 1, 5242.431999999999789, -21.508455307034267889, 5242.431999999999789, -9.0368078339236319607, 5242.431999999999789, 0, 5242.38799999999992, 0, 5242.431999999999789, 0, 5242.431999999999789, 0, 5242.431999999999789, 0, 5242.38799999999992, 0, 5242.431999999999789, 0, 5242.431999999999789, 0, 5242.431999999999789, 79.604011819007041595, 5242.38799999999992, 1, 5242.431999999999789, 11.893206943793554586, 5242.431999999999789, 6.2646243901353670935
5242.4369999999998981, 106.72683780245839102, 5242.3940000000002328, 1, 5242.4369999999998981, -19.606228430720047839, 5242.4369999999998981, -8.0413859039681909735, 5242.4369999999998981, 0, 5242.3940000000002328, 0, 5242.4369999999998981, 0, 5242.4369999999998981, 0, 5242.4369999999998981, 0, 5242.3940000000002328, 0, 5242.4369999999998981, 0, 5242.4369999999998981, 0, 5242.4369999999998981, 75.798329387886099084, 5242.3940000000002328, 1, 5242.4369999999998981, 13.878090670554625419, 5242.4369999999998981, 9.711378008427345776
5242.4420000000000073, 109.63922490335517068, 5242.3980000000001382, 1, 5242.4420000000000073, -20.127168511539139217, 5242.4420000000000073, -3.4166554380595854923, 5242.4420000000000073, 0, 5242.3980000000001382, 0, 5242.4420000000000073, 0, 5242.4420000000000073, 0, 5242.4420000000000073, 0, 5242.3980000000001382, 0, 5242.4420000000000073, 0, 5242.4420000000000073, 0, 5242.4420000000000073, 78.282786953458781909, 5242.3980000000001382, 1, 5242.4420000000000073, 10.99985090927853193, 5242.4420000000000073, 13.792620238276946054
5242.4459999999999127, 111.00039082332186524, 5242.4040000000004511, 1, 5242.4459999999999127, -18.1316218163496643, 5242.4459999999999127, -9.4327576429971387029, 5242.4459999999999127, 0, 5242.4040000000004511, 0, 5242.4459999999999127, 0, 5242.4459999999999127, 0, 5242.4459999999999127, 0, 5242.4040000000004511, 0, 5242.4459999999999127, 0, 5242.4459999999999127, 0, 5242.4459999999999127, 80.533787844114215204, 5242.4040000000004511, 1, 5242.4459999999999127, 9.890128520213115948, 5242.4459999999999127, 10.067568437881199372
5242.4520000000002256, 113.6868948204325136, 5242.4080000000003565, 1, 5242.4520000000002256, -18.519079030687962018, 5242.4520000000002256, -9.1511107317404878359, 5242.4520000000002256, 0, 5242.4080000000003565, 0, 5242.4520000000002256, 0, 5242.4520000000002256, 0, 5242.4520000000002256, 0, 5242.4080000000003565, 0, 5242.4520000000002256, 0, 5242.4520000000002256, 0, 5242.4520000000002256, 82.16716133361512675, 5242.4080000000003565, 1, 5242.4520000000002256, 6.746716788379531593, 5242.4520000000002256, 11.547094882296235596
5242.4570000000003347, 112.82462592675634028, 5242.4139999999997599, 1, 5242.4570000000003347, -15.645755861897413297, 5242.4570000000003347, -8.3996788055885076574, 5242.4570000000003347, 0, 5242.4139999999997599, 0, 5242.4570000000003347, 0, 5242.4570000000003347, 0, 5242.4570000000003347, 0, 5242.4139999999997599, 0, 5242.4570000000003347, 0, 5242.4570000000003347, 0, 5242.4570000000003347, 80.692669492572463241, 5242.4139999999997599, 1, 5242.4570000000003347, 9.463836539239133927, 5242.4570000000003347, 13.672369475484622114
5242.4620000000004438, 113.49467635464205273, 5242.4179999999996653, 1, 5242.4620000000004438, -16.54945024581305546, 5242.4620000000004438, -8.8176859993329301801, 5242.4620000000004438, 0, 5242.4179999999996653, 0, 5242.4620000000004438, 0, 5242.4620000000004438, 0, 5242.4620000000004438, 0, 5242.4179999999996653, 0, 5242.4620000000004438, 0, 5242.4620000000004438, 0, 5242.4620000000004438, 86.880330090004477483, 5242.4179999999996653, 1, 5242.4620000000004438, 5.4143227206546642449, 5242.4620000000004438, 12.863323012916161758
5242.4669999999996435, 113.59265648806132276, 5242.4229999999997744, 1, 5242.4669999999996435, -13.693625065850033806, 5242.4669999999996435, -8.005696890325829429, 5242.4669999999996435, 0, 5242.4229999999997744, 0, 5242.4669999999996435, 0, 5242.4669999999996435, 0, 5242.4669999999996435, 0, 5242.4229999999997744, 0, 5242.4669999999996435, 0, 5242.4669999999996435, 0, 5242.4669999999996435, 84.090278860136223216, 5242.4229999999997744, 1, 5242.4669999999996435, 7.9518571894667955391, 5242.4669999999996435, 15.424803941654225525
5242.4709999999995489, 113.49277821488249174, 5242.4279999999998836, 1, 5242.4709999999995489, -14.452042295530807436, 5242.4709999999995489, -8.3667948314726885428, 5242.4709999999995489, 0, 5242.4279999999998836, 0, 5242.4709999999995489, 0, 5242.4709999999995489, 0, 5242.4709999999995489, 0, 5242.4279999999998836, 0, 5242.4709999999995489, 0, 5242.4709999999995489, 0, 5242.4709999999995489, 89.786395751440267077, 5242.4279999999998836, 1, 5242.4709999999995489, 4.1373020760834586795, 5242.4709999999995489, 14.60874282641898958
5242.4769999999998618, 113.10752599664382956, 5242.4329999999999927, 1, 5242.4769999999998618, -11.490773470759791053, 5242.4769999999998618, -7.7097004468943524103, 5242.4769999999998618, 0, 5242.4329999999999927, 0, 5242.4769999999998618, 0, 5242.4769999999998618, 0, 5242.4769999999998618, 0, 5242.4329999999999927, 0, 5242.4769999999998618, 0, 5242.4769999999998618, 0, 5242.4769999999998618, 87.813423748698369309, 5242.4329999999999927, 1, 5242.4769999999998618, 6.8721739600987321595, 5242.4769999999998618, 16.683865928513000654
5242.4819999999999709, 112.39964629166237842, 5242.4380000000001019, 1, 5242.4819999999999709, -12.22265111658188097, 5242.4819999999999709, -8.1887329615878527989, 5242.4819999999999709, 0, 5242.4380000000001019, 0, 5242.4819999999999709, 0, 5242.4819999999999709, 0, 5242.4819999999999709, 0, 5242.4380000000001019, 0, 5242.4819999999999709, 0, 5242.4819999999999709, 0, 5242.4819999999999709, 93.892178909865720016, 5242.4380000000001019, 1, 5242.4819999999999709, 3.332402196909430625, 5242.4819999999999709, 15.495915631584580296
5242.48700000000008, 111.12000966476568919, 5242.4440000000004147, 1, 5242.48700000000008, -10.448260476733221225, 5242.48700000000008, 6.1466613037983819368, 5242.48700000000008, 0, 5242.4440000000004147, 0, 5242.48700000000008, 0, 5242.48700000000008, 0, 5242.48700000000008, 0, 5242.4440000000004147, 0, 5242.48700000000008, 0, 5242.48700000000008, 0, 5242.48700000000008, 90.792481790033633615, 5242.4440000000004147, 1, 5242.48700000000008, 6.568160690046227046, 5242.48700000000008, 28.849953662794149523
5242.4920000000001892, 111.81778104834344845, 5242.4480000000003201, 1, 5242.4920000000001892, -11.420323745829719542, 5242.4920000000001892, -2.1669676357023419655, 5242.4920000000001892, 0, 5242.4480000000003201, 0, 5242.4920000000001892, 0, 5242.4920000000001892, 0, 5242.4920000000001892, 0, 5242.4480000000003201, 0, 5242.4920000000001892, 0, 5242.4920000000001892, 0, 5242.4920000000001892, 96.352715239688620841, 5242.4480000000003201, 1, 5242.4920000000001892, 3.5158713307989701846, 5242.4920000000001892, 19.895052139201219177
5242.4970000000002983, 110.61785501611483085, 5242.4530000000004293, 1, 5242.4970000000002983, -8.1468446201541944163, 5242.4970000000002983, -1.8900982355232898158, 5242.4970000000002983, 0, 5242.4530000000004293, 0, 5242.4970000000002983, 0, 5242.4970000000002983, 0, 5242.4970000000002983, 0, 5242.4530000000004293, 0, 5242.4970000000002983, 0, 5242.4970000000002983, 0, 5242.4970000000002983, 95.710591634695987295, 5242.4530000000004293, 1, 5242.4970000000002983, 6.6465772736188943881, 5242.4970000000002983, 21.057423731450903404
5242.5020000000004075, 109.21061780870722657, 5242.4579999999996289, 1, 5242.5020000000004075, -9.0428351602413403754, 5242.5020000000004075, -2.7405562159439043057, 5242.5020000000004075, 0, 5242.4579999999996289, 0, 5242.5020000000004075, 0, 5242.5020000000004075, 0, 5242.5020000000004075, 0, 5242.4579999999996289, 0, 5242.5020000000004075, 0, 5242.5020000000004075, 0, 5242.5020000000004075, 102.72985428738817859, 5242.4579999999996289, 1, 5242.5020000000004075, 3.5344300933022250177, 5242.5020000000004075, 19.345970193075999077
5242.5069999999996071, 108.67145103348978807, 5242.4629999999997381, 1, 5242.5069999999996071, -5.6896892623380814769, 5242.5069999999996071, -2.375451056432169139, 5242.5069999999996071, 0, 5242.4629999999997381, 0, 5242.5069999999996071, 0, 5242.5069999999996071, 0, 5242.5069999999996071, 0, 5242.4629999999997381, 0, 5242.5069999999996071, 0, 5242.5069999999996071, 0, 5242.5069999999996071, 100.42114658463856358, 5242.4629999999997381, 1, 5242.5069999999996071, 6.5596128105677946607, 5242.5069999999996071, 20.939647369193629345
5242.511000000000422, 106.81019826300018849, 5242.4679999999998472, 1, 5242.511000000000422, -6.8227330036894962006, 5242.511000000000422, -3.1690756256273644453, 5242.511000000000422, 0, 5242.4679999999998472, 0, 5242.511000000000422, 0, 5242.511000000000422, 0, 5242.511000000000422, 0, 5242.4679999999998472, 0, 5242.511000000000422, 0, 5242.511000000000422, 0, 5242.511000000000422, 106.30153110467674082, 5242.4679999999998472, 1, 5242.511000000000422, 3.3895108095730663855, 5242.511000000000422, 19.358518858092615744
5242.5169999999998254, 108.56461137067228151, 5242.4729999999999563, 1, 5242.5169999999998254, -3.424460252741224231, 5242.5169999999998254, -2.8679902121989258035, 5242.5169999999998254, 0, 5242.4729999999999563, 0, 5242.5169999999998254, 0, 5242.5169999999998254, 0, 5242.5169999999998254, 0, 5242.4729999999999563, 0, 5242.5169999999998254, 0, 5242.5169999999998254, 0, 5242.5169999999998254, 103.30555737022817198, 5242.4729999999999563, 1, 5242.5169999999998254, 6.2134361421316501861, 5242.5169999999998254, 21.171355097450010874
5242.5209999999997308, 106.2155702708144247, 5242.4780000000000655, 1, 5242.5209999999997308, -5.7360959053932063512, 5242.5209999999997308, -3.5074159743424786484, 5242.5209999999997308, 0, 5242.4780000000000655, 0, 5242.5209999999997308, 0, 5242.5209999999997308, 0, 5242.5209999999997308, 0, 5242.4780000000000655, 0, 5242.5209999999997308, 0, 5242.5209999999997308, 0, 5242.5209999999997308, 108.35671654153695442, 5242.4780000000000655, 1, 5242.5209999999997308, 2.1026178516249984796, 5242.5209999999997308, 19.762920431347716033
5242.5280000000002474, 106.26211460289738397, 5242.4849999999996726, 1, 5242.5280000000002474, -0.59614532510307693958, 5242.5280000000002474, 10.6410741674853071, 5242.5280000000002474, 0, 5242.4849999999996726, 0, 5242.5280000000002474, 0, 5242.5280000000002474, 0, 5242.5280000000002474, 0, 5242.4849999999996726, 0, 5242.5280000000002474, 0, 5242.5280000000002474, 0, 5242.5280000000002474, 102.6234636551894539, 5242.4849999999996726, 1, 5242.5280000000002474, 6.3857687790350157186, 5242.5280000000002474, 37.232119469839332737
5242.5309999999999491, 104.65178295798551744, 5242.4880000000002838, 1, 5242.5309999999999491, -6.312304185825770908, 5242.5309999999999491, 0.17111908301738765203, 5242.5309999999999491, 0, 5242.4880000000002838, 0, 5242.5309999999999491, 0, 5242.5309999999999491, 0, 5242.5309999999999491, 0, 5242.4880000000002838, 0, 5242.5309999999999491, 0, 5242.5309999999999491, 0, 5242.5309999999999491, 112.3012643516047433, 5242.4880000000002838, 1, 5242.5309999999999491, 2.1558569244318315228, 5242.5309999999999491, 21.675219705150368554
5242.5420000000003711, 106.48755597873133638, 5242.4930000000003929, 1, 5242.5420000000003711, 0.37504070768694919291, 5242.5420000000003711, 3.1683655512991677483, 5242.5420000000003711, 0, 5242.4930000000003929, 0, 5242.5420000000003711, 0, 5242.5420000000003711, 0, 5242.5420000000003711, 0, 5242.4930000000003929, 0, 5242.5420000000003711, 0, 5242.5420000000003711, 0, 5242.5420000000003711, 103.23404796760739544, 5242.4930000000003929, 1, 5242.5420000000003711, 7.1873844976455893985, 5242.5420000000003711, 26.93377546296642322
5242.5420000000003711, 103.23067768843742442, 5242.4989999999997963, 1, 5242.5420000000003711, -5.4303857651553100183, 5242.5420000000003711, 2.0451175815640709743, 5242.5420000000003711, 0, 5242.4989999999997963, 0, 5242.5420000000003711, 0, 5242.5420000000003711, 0, 5242.5420000000003711, 0, 5242.4989999999997963, 0, 5242.5420000000003711, 0, 5242.5420000000003711, 0, 5242.5420000000003711, 110.21822278363646319, 5242.4989999999997963, 1, 5242.5420000000003711, 0.39902057894811715499, 5242.5420000000003711, 24.689595178058326042
5242.5469999999995707, 104.58640176829122481, 5242.5029999999997017, 1, 5242.5469999999995707, 2.4537655465082348627, 5242.5469999999995707, 1.646104787241696954, 5242.5469999999995707, 0, 5242.5029999999997017, 0, 5242.5469999999995707, 0, 5242.5469999999995707, 0, 5242.5469999999995707, 0, 5242.5029999999997017, 0, 5242.5469999999995707, 0, 5242.5469999999995707, 0, 5242.5469999999995707, 108.21266055991338817, 5242.5029999999997017, 1, 5242.5469999999995707, 8.0675393485251554182, 5242.5469999999995707, 25.296195774903381448
5242.5519999999996799, 101.74760984310734102, 5242.511000000000422, 1, 5242.5519999999996799, -4.2453609739348436847, 5242.5519999999996799, 0.70630255805158270732, 5242.5519999999996799, 0, 5242.511000000000422, 0, 5242.5519999999996799, 0, 5242.5519999999996799, 0, 5242.5519999999996799, 0, 5242.511000000000422, 0, 5242.5519999999996799, 0, 5242.5519999999996799, 0, 5242.5519999999996799, 113.76235779343812737, 5242.511000000000422, 1, 5242.5519999999996799, 0.35623506469418864118, 5242.5519999999996799, 23.395912062571873946
5242.5559999999995853, 103.34740047598538126, 5242.51299999999992, 1, 5242.5559999999995853, 3.2878832558208053172, 5242.5559999999995853, 0.36993327609390291855, 5242.5559999999995853, 0, 5242.51299999999992, 0, 5242.5559999999995853, 0, 5242.5559999999995853, 0, 5242.5559999999995853, 0, 5242.51299999999992, 0, 5242.5559999999995853, 0, 5242.5559999999995853, 0, 5242.5559999999995853, 111.08718949266841491, 5242.51299999999992, 1, 5242.5559999999995853, 7.5395318943923417265, 5242.5559999999995853, 24.114444514508178941
5242.5619999999998981, 100.57177488486570383, 5242.5180000000000291, 1, 5242.5619999999998981, -0.63868334243378310777, 5242.5619999999998981, 9.895444344380322832, 5242.5619999999998981, 0, 5242.5180000000000291, 0, 5242.5619999999998981, 0, 5242.5619999999998981, 0, 5242.5619999999998981, 0, 5242.5180000000000291, 0, 5242.5619999999998981, 0, 5242.5619999999998981, 0, 5242.5619999999998981, 110.98377952402279334, 5242.5180000000000291, 1, 5242.5619999999998981, -0.43406567048048183555, 5242.5619999999998981, 39.023851337454040333
5242.5670000000000073, 100.73992876402925845, 5242.524000000000342, 1, 5242.5670000000000073, 4.1776324263987723029, 5242.5670000000000073, 14.50469886284467691, 5242.5670000000000073, 0, 5242.524000000000342, 0, 5242.5670000000000073, 0, 5242.5670000000000073, 0, 5242.5670000000000073, 0, 5242.524000000000342, 0, 5242.5670000000000073, 0, 5242.5670000000000073, 0, 5242.5670000000000073, 107.62296063585429806, 5242.524000000000342, 1, 5242.5670000000000073, 4.0814827621367930632, 5242.5670000000000073, 44.386710747493040685
5242.5720000000001164, 99.412532342897577564, 5242.5280000000002474, 1, 5242.5720000000001164, 1.9586157942444517577, 5242.5720000000001164, 13.247723382046451945, 5242.5720000000001164, 0, 5242.5280000000002474, 0, 5242.5720000000001164, 0, 5242.5720000000001164, 0, 5242.5720000000001164, 0, 5242.5280000000002474, 0, 5242.5720000000001164, 0, 5242.5720000000001164, 0, 5242.5720000000001164, 111.14937550542484246, 5242.5280000000002474, 1, 5242.5720000000001164, 1.1961847175728983483, 5242.5720000000001164, 43.500556283053214202
5242.5770000000002256, 99.695050568133240176, 5242.5330000000003565, 1, 5242.5770000000002256, 4.087359622283819327, 5242.5770000000002256, 12.762327946541702772, 5242.5770000000002256, 0, 5242.5330000000003565, 0, 5242.5770000000002256, 0, 5242.5770000000002256, 0, 5242.5770000000002256, 0, 5242.5330000000003565, 0, 5242.5770000000002256, 0, 5242.5770000000002256, 0, 5242.5770000000002256, 109.79299023870564156, 5242.5330000000003565, 1, 5242.5770000000002256, 2.7401563189335673698, 5242.5770000000002256, 43.174711826908279022
5242.581000000000131, 98.313502319403085039, 5242.5379999999995562, 1, 5242.581000000000131, 3.9344074544640754709, 5242.581000000000131, 10.971247647956651861, 5242.581000000000131, 0, 5242.5379999999995562, 0, 5242.581000000000131, 0, 5242.581000000000131, 0, 5242.581000000000131, 0, 5242.5379999999995562, 0, 5242.581000000000131, 0, 5242.581000000000131, 0, 5242.581000000000131, 115.17797610353440518, 5242.5379999999995562, 1, 5242.581000000000131, 2.6718039397036159599, 5242.581000000000131, 41.82263083046093044
5242.5870000000004438, 97.971663647802245123, 5242.5429999999996653, 1, 5242.5870000000004438, 4.8955883309099146317, 5242.5870000000004438, 9.8799139398159709913, 5242.5870000000004438, 0, 5242.5429999999996653, 0, 5242.5870000000004438, 0, 5242.5870000000004438, 0, 5242.5870000000004438, 0, 5242.5429999999996653, 0, 5242.5870000000004438, 0, 5242.5870000000004438, 0, 5242.5870000000004438, 115.66613392560253715, 5242.5429999999996653, 1, 5242.5870000000004438, 3.1015584745609094952, 5242.5870000000004438, 40.885452508414481088
5242.5910000000003492, 97.5772365479447501, 5242.5479999999997744, 1, 5242.5910000000003492, 5.248353180862133982, 5242.5910000000003492, 8.7730787295176639873, 5242.5910000000003492, 0, 5242.5479999999997744, 0, 5242.5910000000003492, 0, 5242.5910000000003492, 0, 5242.5910000000003492, 0, 5242.5479999999997744, 0, 5242.5910000000003492, 0, 5242.5910000000003492, 0, 5242.5910000000003492, 115.61307310346134614, 5242.5479999999997744, 1, 5242.5910000000003492, 2.7862067076217056361, 5242.5910000000003492, 39.907895006457472675
5242.5969999999997526, 96.562199609453926996, 5242.5529999999998836, 1, 5242.5969999999997526, 5.888713998502788094, 5242.5969999999997526, 6.93793658465392582, 5242.5969999999997526, 0, 5242.5529999999998836, 0, 5242.5969999999997526, 0, 5242.5969999999997526, 0, 5242.5969999999997526, 0, 5242.5529999999998836, 0, 5242.5969999999997526, 0, 5242.5969999999997526, 0, 5242.5969999999997526, 119.28576446264949595, 5242.5529999999998836, 1, 5242.5969999999997526, 3.3598019436317612119, 5242.5969999999997526, 38.313452042848865631
5242.6019999999998618, 95.365293322557221245, 5242.5579999999999927, 1, 5242.6019999999998618, 6.4027106214842941512, 5242.6019999999998618, 11.089065358156624086, 5242.6019999999998618, 0, 5242.5579999999999927, 0, 5242.6019999999998618, 0, 5242.6019999999998618, 0, 5242.6019999999998618, 0, 5242.5579999999999927, 0, 5242.6019999999998618, 0, 5242.6019999999998618, 0, 5242.6019999999998618, 117.50428539841279019, 5242.5579999999999927, 1, 5242.6019999999998618, 3.4053926914824712568, 5242.6019999999998618, 43.907741447905394239
5242.6069999999999709, 95.47021300903476515, 5242.5630000000001019, 1, 5242.6069999999999709, 6.5902754991075900293, 5242.6069999999999709, 10.237583846379372687, 5242.6069999999999709, 0, 5242.5630000000001019, 0, 5242.6069999999999709, 0, 5242.6069999999999709, 0, 5242.6069999999999709, 0, 5242.5630000000001019, 0, 5242.6069999999999709, 0, 5242.6069999999999709, 0, 5242.6069999999999709, 113.94826719581512009, 5242.5630000000001019, 1, 5242.6069999999999709, 2.443387847016374792, 5242.6069999999999709, 42.738134807891775324
5242.6099999999996726, 95.051645803111540545, 5242.568000000000211, 1, 5242.6099999999996726, 7.1828827552821863378, 5242.6099999999996726, 7.9272418895088208046, 5242.6099999999996726, 0, 5242.568000000000211, 0, 5242.6099999999996726, 0, 5242.6099999999996726, 0, 5242.6099999999996726, 0, 5242.568000000000211, 0, 5242.6099999999996726, 0, 5242.6099999999996726, 0, 5242.6099999999996726, 119.10482072230298911, 5242.568000000000211, 1, 5242.6099999999996726, 3.5266264097724318027, 5242.6099999999996726, 40.993087488745601377
5242.6180000000003929, 94.795470425428192129, 5242.5739999999996144, 1, 5242.6180000000003929, 7.1786982588449061993, 5242.6180000000003929, 6.0755512815356595979, 5242.6180000000003929, 0, 5242.5739999999996144, 0, 5242.6180000000003929, 0, 5242.6180000000003929, 0, 5242.6180000000003929, 0, 5242.5739999999996144, 0, 5242.6180000000003929, 0, 5242.6180000000003929, 0, 5242.6180000000003929, 118.96130569204123617, 5242.5739999999996144, 1, 5242.6180000000003929, 2.9014452074577197216, 5242.6180000000003929, 39.013634087712226517
5242.6229999999995925, 96.519538891658484658, 5242.5780000000004293, 1, 5242.6229999999995925, 7.1167936970468721469, 5242.6229999999995925, 5.3195111446218277251, 5242.6229999999995925, 0, 5242.5780000000004293, 0, 5242.6229999999995925, 0, 5242.6229999999995925, 0, 5242.6229999999995925, 0, 5242.5780000000004293, 0, 5242.6229999999995925, 0, 5242.6229999999995925, 0, 5242.6229999999995925, 113.45600636313955079, 5242.5780000000004293, 1, 5242.6229999999995925, 1.9372317241308643077, 5242.6229999999995925, 37.708435537359385137
5242.6279999999997017, 96.000103226111662025, 5242.5829999999996289, 1, 5242.6279999999997017, 8.0063513322912971404, 5242.6279999999997017, 3.3192134744912280553, 5242.6279999999997017, 249.99836671097199314, 5242.5829999999996289, 0, 5242.6279999999997017, 44.837728204644534458, 5242.6279999999997017, -64.671075929111992764, 5242.6279999999997017, 267.10676072854653285, 5242.5829999999996289, 0, 5242.6279999999997017, -36.947972808261759781, 5242.6279999999997017, -82.279922833675058769, 5242.6279999999997017, 108.75767188436449828, 5242.5829999999996289, 1, 5242.6279999999997017, -2.374730620910584733, 5242.6279999999997017, 35.117233793362132133
5242.6369999999997162, 50.12557361303681347, 5242.5879999999997381, 1, 5242.6369999999997162, 13.857973488905969361, 5242.6369999999997162, 5.9327433407357759165, 5242.6369999999997162, 287.26822998129654252, 5242.5879999999997381, 0, 5242.6369999999997162, 61.216272326601327336, 5242.6369999999997162, -79.17061770682933286, 5242.6369999999997162, 248.61758132027034662, 5242.5879999999997381, 0, 5242.6369999999997162, -50.531901803130388373, 5242.6369999999997162, -65.590352291112765215, 5242.6369999999997162, 41.488542054223472633, 5242.5879999999997381, 1, 5242.6369999999997162, -14.241588903194976723, 5242.6369999999997162, 23.349958741648670468
5242.6369999999997162, 10.837866741241423796, 5242.5929999999998472, 1, 5242.6369999999997162, 6.7830522765223708603, 5242.6369999999997162, 5.6353595376437457531, 5242.6369999999997162, 185.58206058482269896, 5242.5929999999998472, 0, 5242.6369999999997162, 37.338407518354742365, 5242.6369999999997162, -29.861795899553115419, 5242.6369999999997162, 150.64992593584963743, 5242.5929999999998472, 0, 5242.6369999999997162, -31.240001023087884846, 5242.6369999999997162, -15.167392373867322419, 5242.6369999999997162, 12.838264080619985918, 5242.5929999999998472, 1, 5242.6369999999997162, -7.2658479330978931188, 5242.6369999999997162, 7.8996551847824889592
5242.649000000000342, 0.2595327296299912434, 5242.5979999999999563, 1, 5242.649000000000342, 0.16295671843075212881, 5242.649000000000342, 0.1475947534158386365, 5242.649000000000342, 58.749639173393198632, 5242.5979999999999563, 0, 5242.649000000000342, 11.047688875369255257, 5242.649000000000342, 25.222257109387594909, 5242.649000000000342, 66.294482298974671153, 5242.5979999999999563, 0, 5242.649000000000342, -10.06326585023651532, 5242.649000000000342, 27.705280896313411176, 5242.649000000000342, 26.494351596512988323, 5242.5979999999999563, 1, 5242.649000000000342, -0.15409856281778944176, 5242.649000000000342, 15.554205182357097925
5242.649000000000342, 0, 5242.6030000000000655, 1, 5242.649000000000342, 0, 5242.649000000000342, 0, 5242.649000000000342, 29.319046276442620069, 5242.6030000000000655, 0, 5242.649000000000342, 5.5501389825399867206, 5242.649000000000342, 15.701220682174866994, 5242.649000000000342, 54.632054709594768838, 5242.6030000000000655, 0, 5242.649000000000342, -2.9021866193036531811, 5242.649000000000342, 13.349222524478827623, 5242.649000000000342, 44.947539055637420802, 5242.6030000000000655, 1, 5242.649000000000342, 7.3146244727064519964, 5242.649000000000342, 15.610695998438103516
5242.6520000000000437, 0, 5242.6080000000001746, 1, 5242.6520000000000437, 0, 5242.6520000000000437, 0, 5242.6520000000000437, 20.183357789251669345, 5242.6080000000001746, 0, 5242.6520000000000437, 2.9909531881453434998, 5242.6520000000000437, 11.084588669838387531, 5242.6520000000000437, 44.77463548495521195, 5242.6080000000001746, 0, 5242.6520000000000437, 0.57560254384845221942, 5242.6520000000000437, 8.1382391327212371124, 5242.6520000000000437, 51.183633833389443168, 5242.6080000000001746, 1, 5242.6520000000000437, 9.2648458482647040313, 5242.6520000000000437, 12.974708111277532652
5242.6580000000003565, 8.9048326535869026799, 5242.6130000000002838, 1, 5242.6580000000003565, 5.2391541584795122688, 5242.6580000000003565, -1.2822840485142341649, 5242.6580000000003565, 13.77971433145298974, 5242.6130000000002838, 0, 5242.6580000000003565, 1.4705831599295164924, 5242.6580000000003565, 4.795641307293808886, 5242.6580000000003565, 30.40174184212230557, 5242.6130000000002838, 0, 5242.6580000000003565, 4.2445862684096447026, 5242.6580000000003565, 4.5927211244742434104, 5242.6580000000003565, 52.820780022256407449, 5242.6130000000002838, 1, 5242.6580000000003565, 10.076264944599007123, 5242.6580000000003565, 12.898685467942041072
5242.6629999999995562, 11.852289534224524914, 5242.6189999999996871, 1, 5242.6629999999995562, 6.9810655347480121691, 5242.6629999999995562, -0.16445192188987522997, 5242.6629999999995562, 20.269040606131497384, 5242.6189999999996871, 0, 5242.6629999999995562, 0.45344808200265407372, 5242.6629999999995562, -0.82519066818226072257, 5242.6629999999995562, 24.973928943510784961, 5242.6189999999996871, 0, 5242.6629999999995562, 3.9586296082907552751, 5242.6629999999995562, 3.8825661570864973271, 5242.6629999999995562, 54.591927718033431916, 5242.6189999999996871, 1, 5242.6629999999995562, 8.8484369272245597671, 5242.6629999999995562, 13.085741058409706028
5242.6679999999996653, 17.031278303935867058, 5242.6239999999997963, 1, 5242.6679999999996653, 8.185633618697913505, 5242.6679999999996653, 0.24361577798352040958, 5242.6679999999996653, 27.835487572439006954, 5242.6239999999997963, 0, 5242.6679999999996653, 0.25305019468235345759, 5242.6679999999996653, -5.8872392194340150695, 5242.6679999999996653, 21.879146429463126822, 5242.6239999999997963, 0, 5242.6679999999996653, 3.556437460447632315, 5242.6679999999996653, 3.1856236414157095282, 5242.6679999999996653, 56.178130971765043, 5242.6239999999997963, 1, 5242.6679999999996653, 8.1724905239968528292, 5242.6679999999996653, 13.091849143903683483
5242.6719999999995707, 26.038713725361581908, 5242.6279999999997017, 1, 5242.6719999999995707, 5.355452766905147044, 5242.6719999999995707, 0.54522246650094174925, 5242.6719999999995707, 34.830755050387125493, 5242.6279999999997017, 0, 5242.6719999999995707, 0.75658253125047925103, 5242.6719999999995707, -10.300313966495910023, 5242.6719999999995707, 21.229270751166609443, 5242.6279999999997017, 0, 5242.6719999999995707, 3.3505901206383463808, 5242.6719999999995707, 1.9819297827459880779, 5242.6719999999995707, 57.346535340764603461, 5242.6279999999997017, 1, 5242.6719999999995707, 8.0022409230744830921, 5242.6719999999995707, 12.891614004011724859
5242.6779999999998836, 34.480307277112572706, 5242.6329999999998108, 1, 5242.6779999999998836, 3.3608274645938789327, 5242.6779999999998836, 0.54462737572053221413, 5242.6779999999998836, 40.545609927632149549, 5242.6329999999998108, 1, 5242.6779999999998836, 1.6534815265169100496, 5242.6779999999998836, -13.912862638043794306, 5242.6779999999998836, 21.74737544425859781, 5242.6329999999998108, 1, 5242.6779999999998836, 3.309147040249037719, 5242.6779999999998836, 0.56136258671138428156, 5242.6779999999998836, 57.745599783904154378, 5242.6329999999998108, 1, 5242.6779999999998836, 8.0085378367635300378, 5242.6779999999998836, 12.572227423135416302
5242.6880000000001019, 40.374286356309170287, 5242.63799999999992, 1, 5242.6880000000001019, 3.1914391301251798794, 5242.6880000000001019, 6.8018113355539071563, 5242.6880000000001019, 47.268518567360835902, 5242.63799999999992, 1, 5242.6880000000001019, 2.6539457670848700666, 5242.6880000000001019, -9.5552034046261162814, 5242.6880000000001019, 22.406519892174820541, 5242.63799999999992, 1, 5242.6880000000001019, 3.0638087652075620682, 5242.6880000000001019, 2.6893671180559941547, 5242.6880000000001019, 53.379626018796372477, 5242.63799999999992, 1, 5242.6880000000001019, 5.9673751381701380936, 5242.6880000000001019, 25.212703979050836267
5242.6880000000001019, 45.64524593818249798, 5242.6430000000000291, 1, 5242.6880000000001019, 2.0753096005958826531, 5242.6880000000001019, 7.3260282889701180409, 5242.6880000000001019, 51.307293663397302907, 5242.6430000000000291, 1, 5242.6880000000001019, 3.3314682853874111323, 5242.6880000000001019, -11.462720490211086855, 5242.6880000000001019, 23.36757759345421448, 5242.6430000000000291, 1, 5242.6880000000001019, 2.8443597770081878728, 5242.6880000000001019, 1.5475439110760138561, 5242.6880000000001019, 52.889970338321639076, 5242.6430000000000291, 1, 5242.6880000000001019, 5.6559760462119532676, 5242.6880000000001019, 24.664693043408405515
5242.693000000000211, 48.974198218611093125, 5242.6480000000001382, 1, 5242.693000000000211, 1.3357142436422650977, 5242.693000000000211, 7.4348933303196034217, 5242.693000000000211, 54.00960594579512275, 5242.6480000000001382, 1, 5242.693000000000211, 3.7873932900637345966, 5242.693000000000211, -12.856196352367991409, 5242.693000000000211, 24.324833500993740643, 5242.6480000000001382, 1, 5242.693000000000211, 2.5755309968335624582, 5242.693000000000211, 0.62037924081107220786, 5242.693000000000211, 51.675024569220873616, 5242.6480000000001382, 1, 5242.693000000000211, 5.1997669396971355482, 5242.693000000000211, 23.925580921120388922
5242.6980000000003201, 51.457632544862448754, 5242.6530000000002474, 1, 5242.6980000000003201, 0.74220632897663196825, 5242.6980000000003201, 7.373087251427751454, 5242.6980000000003201, 56.01305234424040691, 5242.6530000000002474, 1, 5242.6980000000003201, 4.1013146935897921708, 5242.6980000000003201, -14.088478348645931959, 5242.6980000000003201, 25.172168773620413162, 5242.6530000000002474, 1, 5242.6980000000003201, 2.317475720561741781, 5242.6980000000003201, -0.27378219708807982613, 5242.6980000000003201, 50.334718547885422879, 5242.6530000000002474, 1, 5242.6980000000003201, 4.7235855910449551232, 5242.6980000000003201, 23.143044513539727802
5242.7030000000004293, 53.889250798544289012, 5242.6580000000003565, 1, 5242.7030000000004293, 0.17979572868453266854, 5242.7030000000004293, 7.2800173665539009704, 5242.7030000000004293, 58.066606114291460017, 5242.6580000000003565, 1, 5242.7030000000004293, 4.4430273811613565371, 5242.7030000000004293, -15.328243354920797259, 5242.7030000000004293, 26.115931667897289259, 5242.6580000000003565, 1, 5242.7030000000004293, 2.06880062665388742, 5242.7030000000004293, -1.1809778530224850357, 5242.7030000000004293, 49.290565940243773468, 5242.6580000000003565, 1, 5242.7030000000004293, 4.3278299508153388331, 5242.7030000000004293, 22.415554755271212883
5242.7129999999997381, 45.0039524810602245, 5242.6629999999995562, 1, 5242.7129999999997381, 1.7200346477674752776, 5242.7129999999997381, -2.5118153753165319841, 5242.7129999999997381, 60.228660575732725135, 5242.6629999999995562, 1, 5242.7129999999997381, 5.11397789013919013, 5242.7129999999997381, -16.261038447721052336, 5242.7129999999997381, 26.245059365565829523, 5242.6629999999995562, 1, 5242.7129999999997381, 1.928965891794017562, 5242.7129999999997381, -1.5470890052514612023, 5242.7129999999997381, 36.472359461394823654, 5242.6629999999995562, 1, 5242.7129999999997381, 1.277039834658191042, 5242.7129999999997381, 11.615918301869886164
5242.7129999999997381, 62.444869255229846772, 5242.6679999999996653, 1, 5242.7129999999997381, -0.95296665780142153501, 5242.7129999999997381, 35.889421816871390547, 5242.7129999999997381, 60.702445849565890512, 5242.6679999999996653, 1, 5242.7129999999997381, 3.5949088645443567636, 5242.7129999999997381, -18.522454606495383445, 5242.7129999999997381, 34.053379196158687137, 5242.6679999999996653, 1, 5242.7129999999997381, -0.34408219292782166177, 5242.7129999999997381, -5.1525300400129463441, 5242.7129999999997381, 55.515764786484282922, 5242.6679999999996653, 1, 5242.7129999999997381, 5.4757636035466417113, 5242.7129999999997381, 37.776930188144518752
5242.7179999999998472, 21.859138524659471159, 5242.6729999999997744, 1, 5242.7179999999998472, 0.092207600588873450675, 5242.7179999999998472, 12.94878768300045202, 5242.7179999999998472, 58.859651134451702603, 5242.6729999999997744, 1, 5242.7179999999998472, 3.9746612662107625447, 5242.7179999999998472, -23.544369776934399141, 5242.7179999999998472, 49.883345271181141811, 5242.6729999999997744, 1, 5242.7179999999998472, -4.2021419491476175168, 5242.7179999999998472, -14.396049714692839672, 5242.7179999999998472, 21.654276273829005106, 5242.6729999999997744, 1, 5242.7179999999998472, 1.5410392192804593936, 5242.7179999999998472, 14.452489551262125644
5242.7269999999998618, 0, 5242.6779999999998836, 1, 5242.7269999999998618, 0, 5242.7269999999998618, 0, 5242.7269999999998618, 67.057508621162384088, 5242.6779999999998836, 1, 5242.7269999999998618, 6.3371661222618458353, 5242.7269999999998618, -21.940540786969773279, 5242.7269999999998618, 67.564678909671982865, 5242.6779999999998836, 1, 5242.7269999999998618, -6.2672333323309006303, 5242.7269999999998618, -14.673234873944586809, 5242.7269999999998618, 0, 5242.6779999999998836, 1, 5242.7269999999998618, 0, 5242.7269999999998618, 0
5242.7269999999998618, 0, 5242.6829999999999927, 1, 5242.7269999999998618, 0, 5242.7269999999998618, 0, 5242.7269999999998618, 78.884342382498289226, 5242.6829999999999927, 1, 5242.7269999999998618, 8.9495563735632064351, 5242.7269999999998618, -22.733907193393573465, 5242.7269999999998618, 71.136901093726208956, 5242.6829999999999927, 1, 5242.7269999999998618, -7.5430586385715416853, 5242.7269999999998618, -13.38314275286861843, 5242.7269999999998618, 0, 5242.6829999999999927, 1, 5242.7269999999998618, 0, 5242.7269999999998618, 0
5242.7330000000001746, 0, 5242.6880000000001019, 1, 5242.7330000000001746, 0, 5242.7330000000001746, 0, 5242.7330000000001746, 91.751768760277826686, 5242.6880000000001019, 1, 5242.7330000000001746, 10.916860432627160549, 5242.7330000000001746, -24.666097970924724336, 5242.7330000000001746, 76.008055936305737532, 5242.6880000000001019, 1, 5242.7330000000001746, -4.9532595923943878446, 5242.7330000000001746, -13.350515200664801796, 5242.7330000000001746, 0, 5242.6880000000001019, 1, 5242.7330000000001746, 0, 5242.7330000000001746, 0
5242.73700000000008, 0, 5242.693000000000211, 1, 5242.73700000000008, 0, 5242.73700000000008, 0, 5242.73700000000008, 100.32975862066643913, 5242.693000000000211, 1, 5242.73700000000008, 12.658715728143480561, 5242.73700000000008, -24.629625740749801821, 5242.73700000000008, 72.447339203132486318, 5242.693000000000211, 1, 5242.73700000000008, -6.0584317874798276904, 5242.73700000000008, -10.300885564564911334, 5242.73700000000008, 0, 5242.693000000000211, 1, 5242.73700000000008, 0, 5242.73700000000008, 0
5242.7420000000001892, 0, 5242.6980000000003201, 1, 5242.7420000000001892, 0, 5242.7420000000001892, 0, 5242.7420000000001892, 109.05823880048275498, 5242.6980000000003201, 1, 5242.7420000000001892, 14.627621867085526475, 5242.7420000000001892, -25.815342473111371646, 5242.7420000000001892, 76.737056021910177606, 5242.6980000000003201, 1, 5242.7420000000001892, -2.4765673076437786371, 5242.7420000000001892, -10.209307963145320741, 5242.7420000000001892, 0, 5242.6980000000003201, 1, 5242.7420000000001892, 0, 5242.7420000000001892, 0
5242.7470000000002983, 0, 5242.7030000000004293, 1, 5242.7470000000002983, 0, 5242.7470000000002983, 0, 5242.7470000000002983, 115.07309241134505839, 5242.7030000000004293, 1, 5242.7470000000002983, 15.922951547922595594, 5242.7470000000002983, -24.578742002081135354, 5242.7470000000002983, 68.341370287053791799, 5242.7030000000004293, 1, 5242.7470000000002983, -2.527551382178847561, 5242.7470000000002983, -5.4769955180157907648, 5242.7470000000002983, 0, 5242.7030000000004293, 1, 5242.7470000000002983, 0, 5242.7470000000002983, 0
5242.7520000000004075, 0, 5242.7079999999996289, 0, 5242.7520000000004075, 0, 5242.7520000000004075, 0, 5242.7520000000004075, 119.97070744093784356, 5242.7079999999996289, 1, 5242.7520000000004075, 18.023521002323722229, 5242.7520000000004075, -26.278265950544628993, 5242.7520000000004075, 71.496408528041143882, 5242.7079999999996289, 1, 5242.7520000000004075, 0.30577005819636143835, 5242.7520000000004075, -6.6207528378438240679, 5242.7520000000004075, 0, 5242.7079999999996289, 0, 5242.7520000000004075, 0, 5242.7520000000004075, 0
5242.7569999999996071, 0, 5242.7139999999999418, 0, 5242.7569999999996071, 0, 5242.7569999999996071, 0, 5242.7569999999996071, 123.88571287042996971, 5242.7139999999999418, 1, 5242.7569999999996071, 17.765740616564482224, 5242.7569999999996071, -18.346924841875257073, 5242.7569999999996071, 64.740875494169884519, 5242.7139999999999418, 1, 5242.7569999999996071, 0.65144378482469844638, 5242.7569999999996071, 1.5568021791162180989, 5242.7569999999996071, 0, 5242.7139999999999418, 0, 5242.7569999999996071, 0, 5242.7569999999996071, 0
5242.7619999999997162, 0, 5242.7179999999998472, 0, 5242.7619999999997162, 0, 5242.7619999999997162, 0, 5242.7619999999997162, 127.48832524814164913, 5242.7179999999998472, 1, 5242.7619999999997162, 18.450745607332699194, 5242.7619999999997162, -18.517669907447952937, 5242.7619999999997162, 68.582403458683444342, 5242.7179999999998472, 1, 5242.7619999999997162, 3.9200544139165951485, 5242.7619999999997162, 1.7130123099159604294, 5242.7619999999997162, 0, 5242.7179999999998472, 0, 5242.7619999999997162, 0, 5242.7619999999997162, 0
5242.7669999999998254, 0, 5242.7229999999999563, 0, 5242.7669999999998254, 0, 5242.7669999999998254, 0, 5242.7669999999998254, 128.09259278792347914, 5242.7229999999999563, 1, 5242.7669999999998254, 18.640315776788842328, 5242.7669999999998254, -17.113933242911301136, 5242.7669999999998254, 63.170477572730419524, 5242.7229999999999563, 1, 5242.7669999999998254, 2.9459616460443500685, 5242.7669999999998254, 4.6638927597446091511, 5242.7669999999998254, 0, 5242.7229999999999563, 0, 5242.7669999999998254, 0, 5242.7669999999998254, 0
5242.7719999999999345, 0, 5242.7280000000000655, 0, 5242.7719999999999345, 0, 5242.7719999999999345, 0, 5242.7719999999999345, 130.31802215262914046, 5242.7280000000000655, 1, 5242.7719999999999345, 18.681436504222403983, 5242.7719999999999345, -17.079769240734201219, 5242.7719999999999345, 66.403829466095970702, 5242.7280000000000655, 1, 5242.7719999999999345, 5.7693029506146968899, 5242.7719999999999345, 4.8972746263234050446, 5242.7719999999999345, 0, 5242.7280000000000655, 0, 5242.7719999999999345, 0, 5242.7719999999999345, 0
5242.7770000000000437, 0, 5242.7330000000001746, 0, 5242.7770000000000437, 0, 5242.7770000000000437, 0, 5242.7770000000000437, 130.13523651905308043, 5242.7330000000001746, 1, 5242.7770000000000437, 18.715184633764618383, 5242.7770000000000437, -15.845871034763618468, 5242.7770000000000437, 62.760961799228581981, 5242.7330000000001746, 1, 5242.7770000000000437, 4.538572476375964726, 5242.7770000000000437, 7.2076333363143234578, 5242.7770000000000437, 0, 5242.7330000000001746, 0, 5242.7770000000000437, 0, 5242.7770000000000437, 0
5242.7820000000001528, 0, 5242.7380000000002838, 0, 5242.7820000000001528, 0, 5242.7820000000001528, 0, 5242.7820000000001528, 131.59299372118101701, 5242.7380000000002838, 1, 5242.7820000000001528, 18.434385105522206771, 5242.7820000000001528, -15.723966851499049824, 5242.7820000000001528, 65.979899202728518048, 5242.7380000000002838, 1, 5242.7820000000001528, 7.0138566144375289468, 5242.7820000000001528, 7.3781167530104134755, 5242.7820000000001528, 0, 5242.7380000000002838, 0, 5242.7820000000001528, 0, 5242.7820000000001528, 0
5242.7879999999995562, 0, 5242.7439999999996871, 0, 5242.7879999999995562, 0, 5242.7879999999995562, 0, 5242.7879999999995562, 129.99706849462245373, 5242.7439999999996871, 1, 5242.7879999999995562, 18.017979677205396172, 5242.7879999999995562, -14.635323601958560857, 5242.7879999999995562, 63.542439752123492269, 5242.7439999999996871, 1, 5242.7879999999995562, 5.1845481030502718056, 5242.7879999999995562, 9.1377348840320280488, 5242.7879999999995562, 0, 5242.7439999999996871, 0, 5242.7879999999995562, 0, 5242.7879999999995562, 0
5242.7920000000003711, 0, 5242.7479999999995925, 0, 5242.7920000000003711, 0, 5242.7920000000003711, 0, 5242.7920000000003711, 129.80754673779338759, 5242.7479999999995925, 1, 5242.7920000000003711, 17.479098795459911742, 5242.7920000000003711, -15.036849716826225176, 5242.7920000000003711, 70.338331487823779753, 5242.7479999999995925, 1, 5242.7920000000003711, 6.8840982380388986428, 5242.7920000000003711, 7.9044496042895673327, 5242.7920000000003711, 0, 5242.7479999999995925, 0, 5242.7920000000003711, 0, 5242.7920000000003711, 0
5242.7969999999995707, 0, 5242.7529999999997017, 0, 5242.7969999999995707, 0, 5242.7969999999995707, 0, 5242.7969999999995707, 129.81380413409794983, 5242.7529999999997017, 1, 5242.7969999999995707, 16.899329944100006884, 5242.7969999999995707, -5.8942876843167795187, 5242.7969999999995707, 65.231762494882062242, 5242.7529999999997017, 1, 5242.7969999999995707, 5.2944725648639865412, 5242.7969999999995707, 14.284357646658129681, 5242.7969999999995707, 0, 5242.7529999999997017, 0, 5242.7969999999995707, 0, 5242.7969999999995707, 0
5242.8019999999996799, 0, 5242.7579999999998108, 0, 5242.8019999999996799, 0, 5242.8019999999996799, 0, 5242.8019999999996799, 129.16773619363175385, 5242.7579999999998108, 1, 5242.8019999999996799, 16.229088324694846079, 5242.8019999999996799, -6.3549863721770307734, 5242.8019999999996799, 72.317183064886506827, 5242.7579999999998108, 1, 5242.8019999999996799, 6.7558290284821431726, 5242.8019999999996799, 13.323055171056367385, 5242.8019999999996799, 0, 5242.7579999999998108, 0, 5242.8019999999996799, 0, 5242.8019999999996799, 0
5242.8130000000001019, 0, 5242.7640000000001237, 0, 5242.8130000000001019, 0, 5242.8130000000001019, 0, 5242.8130000000001019, 127.2827840405090285, 5242.7640000000001237, 1, 5242.8130000000001019, 15.432350340030454916, 5242.8130000000001019, -5.5111827106865405312, 5242.8130000000001019, 70.002118329896120486, 5242.7640000000001237, 1, 5242.8130000000001019, 4.6702873669578934823, 5242.8130000000001019, 14.687481618231998937, 5242.8130000000001019, 0, 5242.7640000000001237, 0, 5242.8130000000001019, 0, 5242.8130000000001019, 0
5242.8170000000000073, 0, 5242.7680000000000291, 0, 5242.8170000000000073, 0, 5242.8170000000000073, 0, 5242.8170000000000073, 126.85949957689589951, 5242.7680000000000291, 1, 5242.8170000000000073, 14.658046986497195618, 5242.8170000000000073, -5.9553405780338479758, 5242.8170000000000073, 76.438973869192722077, 5242.7680000000000291, 1, 5242.8170000000000073, 6.0618659715593663506, 5242.8170000000000073, 13.804730552252852505, 5242.8170000000000073, 0, 5242.7680000000000291, 0, 5242.8170000000000073, 0, 5242.8170000000000073, 0
5242.8220000000001164, 0, 5242.774000000000342, 0, 5242.8220000000001164, 0, 5242.8220000000001164, 0, 5242.8220000000001164, 125.07793570703373121, 5242.774000000000342, 1, 5242.8220000000001164, 13.828361023523497053, 5242.8220000000001164, -0.37306344648158784594, 5242.8220000000001164, 74.226147075459266489, 5242.774000000000342, 1, 5242.8220000000001164, 3.9900105525741818013, 5242.8220000000001164, 17.810633744804036382, 5242.8220000000001164, 0, 5242.774000000000342, 0, 5242.8220000000001164, 0, 5242.8220000000001164, 0
5242.8289999999997235, 0, 5242.7780000000002474, 0, 5242.8289999999997235, 0, 5242.8289999999997235, 0, 5242.8289999999997235, 124.03502105386507992, 5242.7780000000002474, 1, 5242.8289999999997235, 12.825097733298568059, 5242.8289999999997235, 0.69893739538863997041, 5242.8289999999997235, 77.496376362729080256, 5242.7780000000002474, 1, 5242.8289999999997235, 4.3827039177489872657, 5242.8289999999997235, 18.525206874200055296, 5242.8289999999997235, 0, 5242.7780000000002474, 0, 5242.8289999999997235, 0, 5242.8289999999997235, 0
5242.8339999999998327, 0, 5242.7830000000003565, 0, 5242.8339999999998327, 0, 5242.8339999999998327, 0, 5242.8339999999998327, 122.54099487748777619, 5242.7830000000003565, 1, 5242.8339999999998327, 11.96835103473918771, 5242.8339999999998327, 0.19011290785757495314, 5242.8339999999998327, 83.195015436884233395, 5242.7830000000003565, 1, 5242.8339999999998327, 4.6253326252664450635, 5242.8339999999998327, 17.904690652206667778, 5242.8339999999998327, 0, 5242.7830000000003565, 0, 5242.8339999999998327, 0, 5242.8339999999998327, 0
5242.8389999999999418, 0, 5242.7889999999997599, 0, 5242.8389999999999418, 0, 5242.8389999999999418, 0, 5242.8389999999999418, 121.18732829399948514, 5242.7889999999997599, 1, 5242.8389999999999418, 11.013645365487693795, 5242.8389999999999418, 0.91934390266021637217, 5242.8389999999999418, 80.035687197402268112, 5242.7889999999997599, 1, 5242.8389999999999418, 2.8106638070863128043, 5242.8389999999999418, 19.162821779530808897, 5242.8389999999999418, 0, 5242.7889999999997599, 0, 5242.8389999999999418, 0, 5242.8389999999999418, 0
5242.8400000000001455, 0, 5242.7929999999996653, 0, 5242.8400000000001455, 0, 5242.8400000000001455, 0, 5242.8400000000001455, 119.80985203970803354, 5242.7929999999996653, 1, 5242.8400000000001455, 10.346103186911928873, 5242.8400000000001455, 0.12887697139573361937, 5242.8400000000001455, 86.698599828857084049, 5242.7929999999996653, 1, 5242.8400000000001455, 3.9027962001914047185, 5242.8400000000001455, 18.130796947710258848, 5242.8400000000001455, 0, 5242.7929999999996653, 0, 5242.8400000000001455, 0, 5242.8400000000001455, 0
5242.8490000000001601, 0, 5242.7979999999997744, 0, 5242.8490000000001601, 0, 5242.8490000000001601, 0, 5242.8490000000001601, 118.76852138886189891, 5242.7979999999997744, 1, 5242.8490000000001601, 9.2613582697223630902, 5242.8490000000001601, 0.74502479258254794559, 5242.8490000000001601, 84.014464793772191342, 5242.7979999999997744, 1, 5242.8490000000001601, 2.0607526142051071361, 5242.8490000000001601, 19.212175714331252152, 5242.8490000000001601, 0, 5242.7979999999997744, 0, 5242.8490000000001601, 0, 5242.8490000000001601, 0
5242.8540000000002692, 0, 5242.8029999999998836, 0, 5242.8540000000002692, 0, 5242.8540000000002692, 0, 5242.8540000000002692, 117.26173531914025716, 5242.8029999999998836, 1, 5242.8540000000002692, 8.9833838680902395879, 5242.8540000000002692, 0.014933366863147057302, 5242.8540000000002692, 89.732184239594744213, 5242.8029999999998836, 1, 5242.8540000000002692, 3.4893911813616527162, 5242.8540000000002692, 18.265796773914026119, 5242.8540000000002692, 0, 5242.8029999999998836, 0, 5242.8540000000002692, 0, 5242.8540000000002692, 0
5242.8590000000003783, 0, 5242.8079999999999927, 0, 5242.8590000000003783, 0, 5242.8590000000003783, 0, 5242.8590000000003783, 116.98397636189710624, 5242.8079999999999927, 1, 5242.8590000000003783, 7.4627596147251020753, 5242.8590000000003783, 0.5836428189019926549, 5242.8590000000003783, 87.124591132884148692, 5242.8079999999999927, 1, 5242.8590000000003783, 1.4691971610630196743, 5242.8590000000003783, 19.294264074454353874, 5242.8590000000003783, 0, 5242.8079999999999927, 0, 5242.8590000000003783, 0, 5242.8590000000003783, 0
5242.8590000000003783, 0, 5242.8140000000003056, 0, 5242.8590000000003783, 0, 5242.8590000000003783, 0, 5242.8590000000003783, 114.50510750641186064, 5242.8140000000003056, 1, 5242.8590000000003783, 8.0995573960416198389, 5242.8590000000003783, -0.0057332147184609993928, 5242.8590000000003783, 91.305417251180500671, 5242.8140000000003056, 1, 5242.8590000000003783, 3.4709567845850441969, 5242.8590000000003783, 18.532009861935797801, 5242.8590000000003783, 0, 5242.8140000000003056, 0, 5242.8590000000003783, 0, 5242.8590000000003783, 0
5242.8689999999996871, 0, 5242.818000000000211, 0, 5242.8689999999996871, 0, 5242.8689999999996871, 0, 5242.8689999999996871, 114.35606564178276301, 5242.818000000000211, 1, 5242.8689999999996871, 5.056320846115913703, 5242.8689999999996871, 7.7742527510360446286, 5242.8689999999996871, 87.770850686166696164, 5242.818000000000211, 1, 5242.8689999999996871, 0.22731562948460107276, 5242.8689999999996871, 25.073659635641959653, 5242.8689999999996871, 0, 5242.818000000000211, 0, 5242.8689999999996871, 0, 5242.8689999999996871, 0
5242.8689999999996871, 0, 5242.8239999999996144, 0, 5242.8689999999996871, 0, 5242.8689999999996871, 0, 5242.8689999999996871, 112.14210162336880217, 5242.8239999999996144, 1, 5242.8689999999996871, 7.8109213310858764956, 5242.8689999999996871, 7.1051963454119331232, 5242.8689999999996871, 92.279758336718714418, 5242.8239999999996144, 1, 5242.8689999999996871, 4.0531773150824808027, 5242.8689999999996871, 24.519092054668305991, 5242.8689999999996871, 0, 5242.8239999999996144, 0, 5242.8689999999996871, 0, 5242.8689999999996871, 0
5242.8739999999997963, 0, 5242.8280000000004293, 0, 5242.8739999999997963, 0, 5242.8739999999997963, 0, 5242.8739999999997963, 112.45776389251287242, 5242.8280000000004293, 1, 5242.8739999999997963, 3.0942589723542615054, 5242.8739999999997963, 7.2832199703178872596, 5242.8739999999997963, 90.028106578911291535, 5242.8280000000004293, 1, 5242.8739999999997963, -0.52938545265416714347, 5242.8739999999997963, 25.038515969569914432, 5242.8739999999997963, 0, 5242.8280000000004293, 0, 5242.8739999999997963, 0, 5242.8739999999997963, 0
5242.8840000000000146, 0, 5242.8329999999996289, 0, 5242.8840000000000146, 0, 5242.8840000000000146, 0, 5242.8840000000000146, 110.01796863054599385, 5242.8329999999996289, 1, 5242.8840000000000146, 6.6890121065064294115, 5242.8840000000000146, 6.6870540531356610359, 5242.8840000000000146, 93.786578268334295672, 5242.8329999999996289, 1, 5242.8840000000000146, 3.7187820953489221232, 5242.8840000000000146, 24.526354502906571042, 5242.8840000000000146, 0, 5242.8329999999996289, 0, 5242.8840000000000146, 0, 5242.8840000000000146, 0
5242.8850000000002183, 0, 5242.8379999999997381, 0, 5242.8850000000002183, 0, 5242.8850000000002183, 0, 5242.8850000000002183, 110.2736539259227726, 5242.8379999999997381, 1, 5242.8850000000002183, 2.2880189651531295247, 5242.8850000000002183, 6.6013158737076267357, 5242.8850000000002183, 92.814519187497580788, 5242.8379999999997381, 1, 5242.8850000000002183, -0.52660851986573697925, 5242.8850000000002183, 24.707400757851296191, 5242.8850000000002183, 0, 5242.8379999999997381, 0, 5242.8850000000002183, 0, 5242.8850000000002183, 0
5242.8940000000002328, 0, 5242.8429999999998472, 0, 5242.8940000000002328, 0, 5242.8940000000002328, 0, 5242.8940000000002328, 108.2584040029553023, 5242.8429999999998472, 1, 5242.8940000000002328, 4.6309566333247751402, 5242.8940000000002328, 5.9505203900851242338, 5242.8940000000002328, 95.953833235308792382, 5242.8429999999998472, 1, 5242.8940000000002328, 2.2583562626299866771, 5242.8940000000002328, 24.154769274709181559, 5242.8940000000002328, 0, 5242.8429999999998472, 0, 5242.8940000000002328, 0, 5242.8940000000002328, 0
5242.8980000000001382, 0, 5242.8479999999999563, 0, 5242.8980000000001382, 0, 5242.8980000000001382, 0, 5242.8980000000001382, 107.7806341449694969, 5242.8479999999999563, 1, 5242.8980000000001382, 1.889351763604990353, 5242.8980000000001382, 5.4434081880085116723, 5242.8980000000001382, 96.831096462466490493, 5242.8479999999999563, 1, 5242.8980000000001382, -0.24317362233807457428, 5242.8980000000001382, 23.842541588139518183, 5242.8980000000001382, 0, 5242.8479999999999563, 0, 5242.8980000000001382, 0, 5242.8980000000001382, 0
5242.899000000000342, 0, 5242.8530000000000655, 0, 5242.899000000000342, 0, 5242.899000000000342, 0, 5242.899000000000342, 106.05193939666958158, 5242.8530000000000655, 1, 5242.899000000000342, 2.5193238428266382378, 5242.899000000000342, 4.5989041389016449557, 5242.899000000000342, 99.533382721894227529, 5242.8530000000000655, 1, 5242.899000000000342, 0.75579513329473801964, 5242.899000000000342, 23.096101216952689583, 5242.899000000000342, 0, 5242.8530000000000655, 0, 5242.899000000000342, 0, 5242.899000000000342, 0
5242.9030000000002474, 0, 5242.8580000000001746, 0, 5242.9030000000002474, 0, 5242.9030000000002474, 0, 5242.9030000000002474, 105.31139203203605348, 5242.8580000000001746, 1, 5242.9030000000002474, 1.0879106090053285438, 5242.9030000000002474, 3.9401702527491480055, 5242.9030000000002474, 100.44304558194735932, 5242.8580000000001746, 1, 5242.9030000000002474, -0.48866110692704362028, 5242.9030000000002474, 22.598371414999512297, 5242.9030000000002474, 0, 5242.8580000000001746, 0, 5242.9030000000002474, 0, 5242.9030000000002474, 0
5242.9080000000003565, 0, 5242.863999999999578, 0, 5242.9080000000003565, 0, 5242.9080000000003565, 0, 5242.9080000000003565, 103.85801581476229671, 5242.863999999999578, 1, 5242.9080000000003565, 3.3770634568318840252, 5242.9080000000003565, 2.0927448047165384537, 5242.9080000000003565, 103.85154081230891165, 5242.863999999999578, 1, 5242.9080000000003565, -3.946458928538004951, 5242.9080000000003565, 16.997857115070438283, 5242.9080000000003565, 0, 5242.863999999999578, 0, 5242.9080000000003565, 0, 5242.9080000000003565, 0
5242.9129999999995562, 0, 5242.8680000000003929, 0, 5242.9129999999995562, 0, 5242.9129999999995562, 0, 5242.9129999999995562, 102.64346976286404356, 5242.8680000000003929, 1, 5242.9129999999995562, 2.4314653204150427079, 5242.9129999999995562, 1.0692997261117085372, 5242.9129999999995562, 105.33360436728740694, 5242.8680000000003929, 1, 5242.9129999999995562, -4.6437027896761318146, 5242.9129999999995562, 16.005828267176219981, 5242.9129999999995562, 0, 5242.8680000000003929, 0, 5242.9129999999995562, 0, 5242.9129999999995562, 0
5242.9179999999996653, 0, 5242.8729999999995925, 0, 5242.9179999999996653, 0, 5242.9179999999996653, 0, 5242.9179999999996653, 101.63993733808069919, 5242.8729999999995925, 1, 5242.9179999999996653, 1.7818857389454920703, 5242.9179999999996653, 0.15786625734941139854, 5242.9179999999996653, 105.56775859036653742, 5242.8729999999995925, 1, 5242.9179999999996653, -4.6369568518835233562, 5242.9179999999996653, 15.204394243772718198, 5242.9179999999996653, 0, 5242.8729999999995925, 0, 5242.9179999999996653, 0, 5242.9179999999996653, 0
5242.9239999999999782, 0, 5242.8779999999997017, 0, 5242.9239999999999782, 0, 5242.9239999999999782, 0, 5242.9239999999999782, 100.63617470135551457, 5242.8779999999997017, 1, 5242.9239999999999782, 0.91109142683185484479, 5242.9239999999999782, -1.1026940227341270884, 5242.9239999999999782, 107.36196648840129342, 5242.8779999999997017, 1, 5242.9239999999999782, -5.2574719231440996126, 5242.9239999999999782, 13.971122904762822259, 5242.9239999999999782, 0, 5242.8779999999997017, 0, 5242.9239999999999782, 0, 5242.9239999999999782, 0
5242.9279999999998836, 351.8888614796165939, 5242.8840000000000146, 0, 5242.9279999999998836, -62.293752748678599573, 5242.9279999999998836, -223.34837260780639667, 5242.9279999999998836, 96.501110554845993761, 5242.8840000000000146, 1, 5242.9279999999998836, -2.9881273198736204577, 5242.9279999999998836, -3.241766299205309565, 5242.9279999999998836, 110.53047184151216698, 5242.8840000000000146, 1, 5242.9279999999998836, -6.1068901219292932581, 5242.9279999999998836, 11.466335331602614644, 5242.9279999999998836, 0, 5242.8840000000000146, 0, 5242.9279999999998836, 0, 5242.9279999999998836, 0
5242.9329999999999927, 387.09724578607887224, 5242.8890000000001237, 0, 5242.9329999999999927, -106.276776808296475, 5242.9329999999999927, -242.56457809740794573, 5242.9329999999999927, 58.415920972742824802, 5242.8890000000001237, 1, 5242.9329999999999927, -26.149145571477344419, 5242.9329999999999927, -4.4624213528944416396, 5242.9329999999999927, 90.41111696520131602, 5242.8890000000001237, 1, 5242.9329999999999927, -13.073156833454097736, 5242.9329999999999927, 10.431807902532540311, 5242.9329999999999927, 0, 5242.8890000000001237, 0, 5242.9329999999999927, 0, 5242.9329999999999927, 0
5242.9380000000001019, 377.40103676445346537, 5242.8930000000000291, 0, 5242.9380000000001019, -114.32129235647514065, 5242.9380000000001019, -205.04269932040750746, 5242.9380000000001019, 24.256504850224992254, 5242.8930000000000291, 1, 5242.9380000000001019, -17.20015065605261384, 5242.9380000000001019, -6.0384871941697877418, 5242.9380000000001019, 81.615590575654906047, 5242.8930000000000291, 1, 5242.9380000000001019, -15.960974003569393886, 5242.9380000000001019, 7.1338728134195079633, 5242.9380000000001019, 0, 5242.8930000000000291, 0, 5242.9380000000001019, 0, 5242.9380000000001019, 0
5242.943000000000211, 378.55990225700520568, 5242.8980000000001382, 0, 5242.943000000000211, -119.70430692664335481, 5242.943000000000211, -205.77672104830975286, 5242.943000000000211, 7.5096010696093928871, 5242.8980000000001382, 1, 5242.943000000000211, -5.203679617394239898, 5242.943000000000211, -4.112827998159924725, 5242.943000000000211, 72.195137779796269228, 5242.8980000000001382, 1, 5242.943000000000211, -21.401489337496411025, 5242.943000000000211, 8.4771929654429669654, 5242.943000000000211, 0, 5242.8980000000001382, 0, 5242.943000000000211, 0, 5242.943000000000211, 0
5242.9480000000003201, 374.03142968848607097, 5242.9030000000002474, 0, 5242.9480000000003201, -126.62055137596736643, 5242.9480000000003201, -135.67771812348024696, 5242.9480000000003201, 0, 5242.9030000000002474, 1, 5242.9480000000003201, 0, 5242.9480000000003201, 0, 5242.9480000000003201, 68.014428959570608413, 5242.9030000000002474, 1, 5242.9480000000003201, -27.509858472803120577, 5242.9480000000003201, 12.127717536699435641, 5242.9480000000003201, 0, 5242.9030000000002474, 0, 5242.9480000000003201, 0, 5242.9480000000003201, 0
5242.9530000000004293, 273.61625268129660071, 5242.9080000000003565, 0, 5242.9530000000004293, -108.2870423879236057, 5242.9530000000004293, -79.278800808342367645, 5242.9530000000004293, 0, 5242.9080000000003565, 1, 5242.9530000000004293, 0, 5242.9530000000004293, 0, 5242.9530000000004293, 78.848245953194023627, 5242.9080000000003565, 1, 5242.9530000000004293, -32.968606318843761471, 5242.9530000000004293, 7.3028627571833695242, 5242.9530000000004293, 0, 5242.9080000000003565, 0, 5242.9530000000004293, 0, 5242.9530000000004293, 0
5242.9579999999996289, 172.26068392271312746, 5242.9129999999995562, 0, 5242.9579999999996289, -82.253301940257244951, 5242.9579999999996289, -76.812784738967749831, 5242.9579999999996289, 0, 5242.9129999999995562, 1, 5242.9579999999996289, 0, 5242.9579999999996289, 0, 5242.9579999999996289, 68.568592792231569888, 5242.9129999999995562, 1, 5242.9579999999996289, -26.936951018915024747, 5242.9579999999996289, -8.2849752579426620969, 5242.9579999999996289, 0, 5242.9129999999995562, 0, 5242.9579999999996289, 0, 5242.9579999999996289, 0
5242.9639999999999418, 34.14967689791674843, 5242.9200000000000728, 0, 5242.9639999999999418, -24.689419583903443822, 5242.9639999999999418, 18.451418759947561199, 5242.9639999999999418, 0, 5242.9200000000000728, 1, 5242.9639999999999418, 0, 5242.9639999999999418, 0, 5242.9639999999999418, 69.360755033616541709, 5242.9200000000000728, 1, 5242.9639999999999418, -22.57181277562034083, 5242.9639999999999418, -18.134874625629521461, 5242.9639999999999418, 0, 5242.9200000000000728, 0, 5242.9639999999999418, 0, 5242.9639999999999418, 0
5242.9679999999998472, 9.5371779846256146129, 5242.9229999999997744, 0, 5242.9679999999998472, -6.8289367174138666527, 5242.9679999999998472, 6.03863452278798718, 5242.9679999999998472, 0, 5242.9229999999997744, 1, 5242.9679999999998472, 0, 5242.9679999999998472, 0, 5242.9679999999998472, 61.224777535177523191, 5242.9229999999997744, 1, 5242.9679999999998472, -17.8630433060828544, 5242.9679999999998472, -24.169418097557993974, 5242.9679999999998472, 0, 5242.9229999999997744, 0, 5242.9679999999998472, 0, 5242.9679999999998472, 0
5242.9729999999999563, 0.68510036442642541221, 5242.9279999999998836, 0, 5242.9729999999999563, -0.48163297872859245352, 5242.9729999999999563, 0.41991743747793192076, 5242.9729999999999563, 0, 5242.9279999999998836, 1, 5242.9729999999999563, 0, 5242.9729999999999563, 0, 5242.9729999999999563, 46.676130773253696304, 5242.9279999999998836, 1, 5242.9729999999999563, -13.163011494782310251, 5242.9729999999999563, -25.201898039485403302, 5242.9729999999999563, 0, 5242.9279999999998836, 0, 5242.9729999999999563, 0, 5242.9729999999999563, 0
5242.9780000000000655, 0, 5242.9329999999999927, 0, 5242.9780000000000655, 0, 5242.9780000000000655, 0, 5242.9780000000000655, 0, 5242.9329999999999927, 1, 5242.9780000000000655, 0, 5242.9780000000000655, 0, 5242.9780000000000655, 28.357949963348101363, 5242.9329999999999927, 1, 5242.9780000000000655, -8.3482458711919260708, 5242.9780000000000655, -16.316659745142029436, 5242.9780000000000655, 0, 5242.9329999999999927, 0, 5242.9780000000000655, 0, 5242.9780000000000655, 0
5242.9830000000001746, 0, 5242.9380000000001019, 0, 5242.9830000000001746, 0, 5242.9830000000001746, 0, 5242.9830000000001746, 0, 5242.9380000000001019, 1, 5242.9830000000001746, 0, 5242.9830000000001746, 0, 5242.9830000000001746, 27.366989791033397239, 5242.9380000000001019, 1, 5242.9830000000001746, -5.2441439496345481075, 5242.9830000000001746, -15.522407443581800024, 5242.9830000000001746, 65.461572525617626184, 5242.9380000000001019, 0, 5242.9830000000001746, -1.0955415424769014976, 5242.9830000000001746, -1.1602083118289776564
5242.988999999999578, 0, 5242.943000000000211, 0, 5242.988999999999578, 0, 5242.988999999999578, 0, 5242.988999999999578, 0, 5242.943000000000211, 1, 5242.988999999999578, 0, 5242.988999999999578, 0, 5242.988999999999578, 19.294198692193671008, 5242.943000000000211, 1, 5242.988999999999578, -4.7996579320999792628, 5242.988999999999578, -11.096029774501923626, 5242.988999999999578, 13.784790181888942229, 5242.943000000000211, 0, 5242.988999999999578, -5.3853239958456056158, 5242.988999999999578, 8.4018222166864831024
5242.9930000000003929, 0, 5242.9480000000003201, 0, 5242.9930000000003929, 0, 5242.9930000000003929, 0, 5242.9930000000003929, 0, 5242.9480000000003201, 1, 5242.9930000000003929, 0, 5242.9930000000003929, 0, 5242.9930000000003929, 27.449030496322034622, 5242.9480000000003201, 1, 5242.9930000000003929, -1.8495044271242002676, 5242.9930000000003929, -15.772219217680641279, 5242.9930000000003929, 15.891927280188449245, 5242.9480000000003201, 0, 5242.9930000000003929, -2.9733464987584103945, 5242.9930000000003929, 8.231507808268817783
5242.9979999999995925, 44.04379062544376211, 5242.9530000000004293, 0, 5242.9979999999995925, -29.412260318182639196, 5242.9979999999995925, 3.3950073478140367911, 5242.9979999999995925, 0, 5242.9530000000004293, 1, 5242.9979999999995925, 0, 5242.9979999999995925, 0, 5242.9979999999995925, 27.57055485158082675, 5242.9530000000004293, 1, 5242.9979999999995925, -4.1961858308862494127, 5242.9979999999995925, -16.073507931230338386, 5242.9979999999995925, 18.306528549768582792, 5242.9530000000004293, 0, 5242.9979999999995925, -4.2646753901198328762, 5242.9979999999995925, 8.9216064869935216564
5243.0029999999997017, 54.472476269435276208, 5242.9579999999996289, 1, 5243.0029999999997017, -33.797657513166363685, 5243.0029999999997017, -1.6386541410983177514, 5243.0029999999997017, 0, 5242.9579999999996289, 1, 5243.0029999999997017, 0, 5243.0029999999997017, 0, 5243.0029999999997017, 36.990367635224060905, 5242.9579999999996289, 1, 5243.0029999999997017, 1.4375693342927349239, 5243.0029999999997017, -21.57803940963285072, 5243.0029999999997017, 21.469821242316271537, 5242.9579999999996289, 1, 5243.0029999999997017, 1.5579562172057233038, 5243.0029999999997017, 8.2233834052578469453
5243.0079999999998108, 68.696587341549957273, 5242.9639999999999418, 1, 5243.0079999999998108, -36.268095766678321468, 5243.0079999999998108, -3.7184832613980276506, 5243.0079999999998108, 0, 5242.9639999999999418, 1, 5243.0079999999998108, 0, 5243.0079999999998108, 0, 5243.0079999999998108, 36.76363876885664439, 5242.9639999999999418, 1, 5243.0079999999998108, -1.0458758783198043307, 5243.0079999999998108, -21.778164478774524326, 5243.0079999999998108, 23.539880310339704295, 5242.9639999999999418, 1, 5243.0079999999998108, 1.3807417817597862353, 5243.0079999999998108, 9.6829846458089612327
5243.01299999999992, 76.072761163284653207, 5242.9679999999998472, 1, 5243.01299999999992, -35.950363162935062178, 5243.01299999999992, -4.3200630732743334761, 5243.01299999999992, 0, 5242.9679999999998472, 1, 5243.01299999999992, 0, 5243.01299999999992, 0, 5243.01299999999992, 40.518440990564648985, 5242.9679999999998472, 1, 5243.01299999999992, 2.3419057469962769602, 5243.01299999999992, -24.186652637803497612, 5243.01299999999992, 26.617555496525259429, 5242.9679999999998472, 1, 5243.01299999999992, 4.5394631550322195324, 5243.01299999999992, 10.343228067529651071
5243.0180000000000291, 83.907326385205706742, 5242.9729999999999563, 1, 5243.0180000000000291, -38.69560611429103858, 5243.0180000000000291, -4.4387399466609025467, 5243.0180000000000291, 0, 5242.9729999999999563, 1, 5243.0180000000000291, 0, 5243.0180000000000291, 0, 5243.0180000000000291, 38.29498807536306515, 5242.9729999999999563, 1, 5243.0180000000000291, -1.9849091989395224456, 5243.0180000000000291, -23.269530304710283275, 5243.0180000000000291, 29.739383116212898983, 5242.9729999999999563, 1, 5243.0180000000000291, 2.612047265043684785, 5243.0180000000000291, 11.903988560127359619
5243.0230000000001382, 88.544415678596749331, 5242.9780000000000655, 1, 5243.0230000000001382, -37.674064124391719588, 5243.0230000000001382, -0.20018807456383314047, 5243.0230000000001382, 0, 5242.9780000000000655, 1, 5243.0230000000001382, 0, 5243.0230000000001382, 0, 5243.0230000000001382, 41.495267835408121471, 5242.9780000000000655, 1, 5243.0230000000001382, 1.0821412668665286727, 5243.0230000000001382, -25.411882142032510501, 5243.0230000000001382, 32.854363393823824424, 5242.9780000000000655, 1, 5243.0230000000001382, 5.4610651877824141209, 5243.0230000000001382, 13.980554633810267973
5243.0280000000002474, 92.939705923383741037, 5242.9830000000001746, 1, 5243.0280000000002474, -37.378846694677854146, 5243.0280000000002474, 1.0097203898726903049, 5243.0280000000002474, 101.56275563564665276, 5242.9830000000001746, 1, 5243.0280000000002474, 7.8857422757879129804, 5243.0280000000002474, -27.282542024691952776, 5243.0280000000002474, 40.937780751168695303, 5242.9830000000001746, 1, 5243.0280000000002474, -0.99486631418448912001, 5243.0280000000002474, -25.430705846759057209, 5243.0280000000002474, 34.935667059323733952, 5242.9830000000001746, 1, 5243.0280000000002474, 4.7102762918628888755, 5243.0280000000002474, 15.585402601920579357
5243.0330000000003565, 87.852210991944829743, 5242.9880000000002838, 1, 5243.0330000000003565, -30.827433365274721666, 5243.0330000000003565, 2.8167594973419340931, 5243.0330000000003565, 74.786327190200196924, 5242.9880000000002838, 1, 5243.0330000000003565, 10.556198030773781937, 5243.0330000000003565, -19.487354655590692687, 5243.0330000000003565, 40.354759675633602001, 5242.9880000000002838, 1, 5243.0330000000003565, 3.8741680292186173595, 5243.0330000000003565, -25.194458912113969262, 5243.0330000000003565, 29.141043553321885895, 5242.9880000000002838, 1, 5243.0330000000003565, 7.8787402704374223106, 5243.0330000000003565, 17.741101541818832033
5243.0379999999995562, 59.145007534588842191, 5242.9930000000003929, 1, 5243.0379999999995562, -17.354458098048574755, 5243.0379999999995562, -2.3370722154744569821, 5243.0379999999995562, 167.02378765780684944, 5242.9930000000003929, 1, 5243.0379999999995562, 24.183636512595565904, 5243.0379999999995562, 100.33471568806874075, 5243.0379999999995562, 177.51308645069627801, 5242.9930000000003929, 1, 5243.0379999999995562, -22.559240728197234915, 5243.0379999999995562, 99.204672174731769019, 5243.0379999999995562, 64.800285423562272058, 5242.9930000000003929, 1, 5243.0379999999995562, 17.568619687680676833, 5243.0379999999995562, 1.005565555257952326
5243.0429999999996653, 22.217401264421624774, 5242.9979999999995925, 1, 5243.0429999999996653, -13.534232335877796061, 5243.0429999999996653, -5.6832427575161492683, 5243.0429999999996653, 36.964932821357223247, 5242.9979999999995925, 1, 5243.0429999999996653, 4.3757377134583546052, 5243.0429999999996653, 21.15903985025765266, 5243.0429999999996653, 122.35339712124303446, 5242.9979999999995925, 1, 5243.0429999999996653, -8.7614898089770321121, 5243.0429999999996653, 65.207922933191554193, 5243.0429999999996653, 90.255520247891269037, 5242.9979999999995925, 1, 5243.0429999999996653, 19.186866883007326123, 5243.0429999999996653, -16.51327216902242867
5243.0479999999997744, 29.580464052526792784, 5243.0029999999997017, 1, 5243.0479999999997744, -16.367815383153015318, 5243.0479999999997744, -6.2851187247411637316, 5243.0479999999997744, 0, 5243.0029999999997017, 1, 5243.0479999999997744, 0, 5243.0479999999997744, 0, 5243.0479999999997744, 1.8007221033150844214, 5243.0029999999997017, 1, 5243.0479999999997744, 0.99583556968770969853, 5243.0479999999997744, 0.92757857705155422057, 5243.0479999999997744, 83.29559519017939806, 5243.0029999999997017, 1, 5243.0479999999997744, 18.164517088374893206, 5243.0479999999997744, -12.850600441085667569
5243.0529999999998836, 51.595104929514079117, 5243.0079999999998108, 1, 5243.0529999999998836, -16.335600031243743047, 5243.0529999999998836, -8.7063719614197019325, 5243.0529999999998836, 0, 5243.0079999999998108, 1, 5243.0529999999998836, 0, 5243.0529999999998836, 0, 5243.0529999999998836, 0, 5243.0079999999998108, 1, 5243.0529999999998836, 0, 5243.0529999999998836, 0, 5243.0529999999998836, 80.473050755400464595, 5243.0079999999998108, 1, 5243.0529999999998836, 18.341235976340289682, 5243.0529999999998836, -8.7494680875603165759
5243.0579999999999927, 67.861572638801504809, 5243.01299999999992, 1, 5243.0579999999999927, -15.321892596028263256, 5243.0579999999999927, -8.8085651790335894873, 5243.0579999999999927, 0, 5243.01299999999992, 1, 5243.0579999999999927, 0, 5243.0579999999999927, 0, 5243.0579999999999927, 0, 5243.01299999999992, 1, 5243.0579999999999927, 0, 5243.0579999999999927, 0, 5243.0579999999999927, 73.048450073775654801, 5243.01299999999992, 1, 5243.0579999999999927, 21.083043179847216209, 5243.0579999999999927, -2.4088042989868085897
5243.0630000000001019, 80.520619735789750848, 5243.0180000000000291, 1, 5243.0630000000001019, -16.396166735816336768, 5243.0630000000001019, -10.98368348480254042, 5243.0630000000001019, 0, 5243.0180000000000291, 1, 5243.0630000000001019, 0, 5243.0630000000001019, 0, 5243.0630000000001019, 0, 5243.0180000000000291, 1, 5243.0630000000001019, 0, 5243.0630000000001019, 0, 5243.0630000000001019, 77.75347618392410709, 5243.0180000000000291, 1, 5243.0630000000001019, 16.728096024642194806, 5243.0630000000001019, -1.844974851448476727
5243.068000000000211, 87.612240171164813773, 5243.024000000000342, 1, 5243.068000000000211, -17.151797534036397508, 5243.068000000000211, -4.5511794757536705447, 5243.068000000000211, 0, 5243.024000000000342, 1, 5243.068000000000211, 0, 5243.068000000000211, 0, 5243.068000000000211, 0, 5243.024000000000342, 1, 5243.068000000000211, 0, 5243.068000000000211, 0, 5243.068000000000211, 74.780870912610453161, 5243.024000000000342, 1, 5243.068000000000211, 18.942368067311029733, 5243.068000000000211, 7.051271543115049667
5243.0730000000003201, 94.790427764039407066, 5243.0280000000002474, 1, 5243.0730000000003201, -19.418695931813186206, 5243.0730000000003201, -5.0055410549395205067, 5243.0730000000003201, 0, 5243.0280000000002474, 1, 5243.0730000000003201, 0, 5243.0730000000003201, 0, 5243.0730000000003201, 0, 5243.0280000000002474, 1, 5243.0730000000003201, 0, 5243.0730000000003201, 0, 5243.0730000000003201, 81.216815446491722241, 5243.0280000000002474, 1, 5243.0730000000003201, 14.469828728045506239, 5243.0730000000003201, 7.5499737762267784547
5243.0780000000004293, 98.805045750315500186, 5243.0330000000003565, 1, 5243.0780000000004293, -17.909982237936858951, 5243.0780000000004293, -3.9603916847998448247, 5243.0780000000004293, 0, 5243.0330000000003565, 0, 5243.0780000000004293, 0, 5243.0780000000004293, 0, 5243.0780000000004293, 0, 5243.0330000000003565, 0, 5243.0780000000004293, 0, 5243.0780000000004293, 0, 5243.0780000000004293, 77.690085898287961186, 5243.0330000000003565, 1, 5243.0780000000004293, 16.233308523984156579, 5243.0780000000004293, 11.125156721787462288
5243.0829999999996289, 103.02082579566061327, 5243.0379999999995562, 1, 5243.0829999999996289, -19.626723039462056875, 5243.0829999999996289, -4.3462141670290748152, 5243.0829999999996289, 0, 5243.0379999999995562, 0, 5243.0829999999996289, 0, 5243.0829999999996289, 0, 5243.0829999999996289, 0, 5243.0379999999995562, 0, 5243.0829999999996289, 0, 5243.0829999999996289, 0, 5243.0829999999996289, 84.054814847263898514, 5243.0379999999995562, 1, 5243.0829999999996289, 11.767170862957822663, 5243.0829999999996289, 11.229841678400141802
5243.0879999999997381, 105.24705629134641072, 5243.0429999999996653, 1, 5243.0879999999997381, -17.455875720925664751, 5243.0879999999997381, -3.2224180611154196185, 5243.0879999999997381, 0, 5243.0429999999996653, 0, 5243.0879999999997381, 0, 5243.0879999999997381, 0, 5243.0879999999997381, 0, 5243.0429999999996653, 0, 5243.0879999999997381, 0, 5243.0879999999997381, 0, 5243.0879999999997381, 79.854002489724067004, 5243.0429999999996653, 1, 5243.0879999999997381, 13.678522760186252683, 5243.0879999999997381, 14.718953281335075189
5243.0929999999998472, 107.55360485594047759, 5243.0479999999997744, 1, 5243.0929999999998472, -18.794696539473559227, 5243.0929999999998472, -3.5903206060308718861, 5243.0929999999998472, 0, 5243.0479999999997744, 0, 5243.0929999999998472, 0, 5243.0929999999998472, 0, 5243.0929999999998472, 0, 5243.0479999999997744, 0, 5243.0929999999998472, 0, 5243.0929999999998472, 0, 5243.0929999999998472, 86.264154202102361069, 5243.0479999999997744, 1, 5243.0929999999998472, 9.3283038762363901242, 5243.0929999999998472, 14.496003395549145409
5243.1040000000002692, 108.61393429249613973, 5243.0529999999998836, 1, 5243.1040000000002692, -16.208463041945488925, 5243.1040000000002692, 3.1289285126708605844, 5243.1040000000002692, 0, 5243.0529999999998836, 0, 5243.1040000000002692, 0, 5243.1040000000002692, 0, 5243.1040000000002692, 0, 5243.0529999999998836, 0, 5243.1040000000002692, 0, 5243.1040000000002692, 0, 5243.1040000000002692, 81.06874768920455665, 5243.0529999999998836, 1, 5243.1040000000002692, 11.457524380361816085, 5243.1040000000002692, 21.96082721475568178
5243.1090000000003783, 109.69233937030642778, 5243.0579999999999927, 1, 5243.1090000000003783, -17.304311606938895807, 5243.1090000000003783, 2.7837934879704206992, 5243.1090000000003783, 0, 5243.0579999999999927, 0, 5243.1090000000003783, 0, 5243.1090000000003783, 0, 5243.1090000000003783, 0, 5243.0579999999999927, 0, 5243.1090000000003783, 0, 5243.1090000000003783, 0, 5243.1090000000003783, 87.646159339963332968, 5243.0579999999999927, 1, 5243.1090000000003783, 7.3040157353359926873, 5243.1090000000003783, 21.773932765848186932
5243.1090000000003783, 109.97500160109396461, 5243.0630000000001019, 1, 5243.1090000000003783, -14.449948439399696198, 5243.1090000000003783, 3.7805809241700103485, 5243.1090000000003783, 0, 5243.0630000000001019, 0, 5243.1090000000003783, 0, 5243.1090000000003783, 0, 5243.1090000000003783, 0, 5243.0630000000001019, 0, 5243.1090000000003783, 0, 5243.1090000000003783, 0, 5243.1090000000003783, 83.72613546609861146, 5243.0630000000001019, 1, 5243.1090000000003783, 9.6760310400250002516, 5243.1090000000003783, 24.469929607856805376
5243.113999999999578, 110.21959251299115579, 5243.068000000000211, 1, 5243.113999999999578, -15.401011860434721257, 5243.113999999999578, 3.3157017526122913864, 5243.113999999999578, 0, 5243.068000000000211, 0, 5243.113999999999578, 0, 5243.113999999999578, 0, 5243.113999999999578, 0, 5243.068000000000211, 0, 5243.113999999999578, 0, 5243.113999999999578, 0, 5243.113999999999578, 90.528732211449437273, 5243.068000000000211, 1, 5243.113999999999578, 5.7524038848110734534, 5243.113999999999578, 23.99343852257239007
5243.1189999999996871, 109.44463144031688273, 5243.0730000000003201, 1, 5243.1189999999996871, -12.312851511143280803, 5243.1189999999996871, 3.9213218877878475155, 5243.1189999999996871, 0, 5243.0730000000003201, 0, 5243.1189999999996871, 0, 5243.1189999999996871, 0, 5243.1189999999996871, 0, 5243.0730000000003201, 0, 5243.1189999999996871, 0, 5243.1189999999996871, 0, 5243.1189999999996871, 88.415809000278073881, 5243.0730000000003201, 1, 5243.1189999999996871, 8.588570697316711744, 5243.1189999999996871, 25.913952307591777924
5243.1239999999997963, 110.17248213274271507, 5243.0780000000004293, 1, 5243.1239999999997963, -13.219977301217706867, 5243.1239999999997963, 3.6631944169142940382, 5243.1239999999997963, 0, 5243.0780000000004293, 0, 5243.1239999999997963, 0, 5243.1239999999997963, 0, 5243.1239999999997963, 0, 5243.0780000000004293, 0, 5243.1239999999997963, 0, 5243.1239999999997963, 0, 5243.1239999999997963, 93.214279579452608004, 5243.0780000000004293, 1, 5243.1239999999997963, 4.5101365577776570959, 5243.1239999999997963, 25.880476692180486964
5243.1289999999999054, 109.83606496718311973, 5243.0829999999996289, 1, 5243.1289999999999054, -9.9361010588793252651, 5243.1289999999999054, 4.4675962679178340409, 5243.1289999999999054, 0, 5243.0829999999996289, 0, 5243.1289999999999054, 0, 5243.1289999999999054, 0, 5243.1289999999999054, 0, 5243.0829999999996289, 0, 5243.1289999999999054, 0, 5243.1289999999999054, 0, 5243.1289999999999054, 89.1147509688400703, 5243.0829999999996289, 1, 5243.1289999999999054, 8.3729076552822458979, 5243.1289999999999054, 28.0673707231679046
5243.1340000000000146, 108.72038068004387412, 5243.0879999999997381, 1, 5243.1340000000000146, -10.832731671815178487, 5243.1340000000000146, 3.6767225189243291084, 5243.1340000000000146, 0, 5243.0879999999997381, 0, 5243.1340000000000146, 0, 5243.1340000000000146, 0, 5243.1340000000000146, 0, 5243.0879999999997381, 0, 5243.1340000000000146, 0, 5243.1340000000000146, 0, 5243.1340000000000146, 96.565578770522876084, 5243.0879999999997381, 1, 5243.1340000000000146, 4.4377825431798596512, 5243.1340000000000146, 26.950449071532361245
5243.1390000000001237, 108.12592913191994626, 5243.0929999999998472, 1, 5243.1390000000001237, -7.89784331019219632, 5243.1390000000001237, 10.142637503889162076, 5243.1390000000001237, 0, 5243.0929999999998472, 0, 5243.1390000000001237, 0, 5243.1390000000001237, 0, 5243.1390000000001237, 0, 5243.0929999999998472, 0, 5243.1390000000001237, 0, 5243.1390000000001237, 0, 5243.1390000000001237, 93.278299696810023534, 5243.0929999999998472, 1, 5243.1390000000001237, 6.6540432371348030571, 5243.1390000000001237, 33.90678614272150071
5243.1440000000002328, 105.91607120199722658, 5243.0979999999999563, 1, 5243.1440000000002328, -8.5643066217542109797, 5243.1440000000002328, 9.7050687657561027777, 5243.1440000000002328, 0, 5243.0979999999999563, 0, 5243.1440000000002328, 0, 5243.1440000000002328, 0, 5243.1440000000002328, 0, 5243.0979999999999563, 0, 5243.1440000000002328, 0, 5243.1440000000002328, 0, 5243.1440000000002328, 102.10313787924921769, 5243.0979999999999563, 1, 5243.1440000000002328, 3.7742533424532074271, 5243.1440000000002328, 33.352704081416639781
5243.1540000000004511, 106.70928790186901836, 5243.1030000000000655, 1, 5243.1540000000004511, -5.4653366973169008602, 5243.1540000000004511, 10.471764117954208473, 5243.1540000000004511, 0, 5243.1030000000000655, 0, 5243.1540000000004511, 0, 5243.1540000000004511, 0, 5243.1540000000004511, 0, 5243.1030000000000655, 0, 5243.1540000000004511, 0, 5243.1540000000004511, 0, 5243.1540000000004511, 97.161093641934172638, 5243.1030000000000655, 1, 5243.1540000000004511, 6.3357551725112388752, 5243.1540000000004511, 35.368313705428498395
5243.1540000000004511, 105.43359252769154466, 5243.1080000000001746, 1, 5243.1540000000004511, -6.4620082064810038247, 5243.1540000000004511, 9.4935280175502185784, 5243.1540000000004511, 0, 5243.1080000000001746, 0, 5243.1540000000004511, 0, 5243.1540000000004511, 0, 5243.1540000000004511, 0, 5243.1080000000001746, 0, 5243.1540000000004511, 0, 5243.1540000000004511, 0, 5243.1540000000004511, 103.85791582390052668, 5243.1080000000001746, 1, 5243.1540000000004511, 3.0812655282955976332, 5243.1540000000004511, 34.491987574132565442
5243.1589999999996508, 105.29048933672073929, 5243.1130000000002838, 1, 5243.1589999999996508, -3.3471435295679525801, 5243.1589999999996508, 9.7814082123005547942, 5243.1589999999996508, 0, 5243.1130000000002838, 0, 5243.1589999999996508, 0, 5243.1589999999996508, 0, 5243.1589999999996508, 0, 5243.1130000000002838, 0, 5243.1589999999996508, 0, 5243.1589999999996508, 0, 5243.1589999999996508, 101.54637067464301481, 5243.1130000000002838, 1, 5243.1589999999996508, 5.9513057349241664795, 5243.1589999999996508, 35.724730022440738253
5243.1639999999997599, 103.65192391865164723, 5243.1180000000003929, 1, 5243.1639999999997599, -4.5370216299569774421, 5243.1639999999997599, 8.7348199271412454436, 5243.1639999999997599, 0, 5243.1180000000003929, 0, 5243.1639999999997599, 0, 5243.1639999999997599, 0, 5243.1639999999997599, 0, 5243.1180000000003929, 0, 5243.1639999999997599, 0, 5243.1639999999997599, 0, 5243.1639999999997599, 107.67329432223556296, 5243.1180000000003929, 1, 5243.1639999999997599, 2.7409424469324226159, 5243.1639999999997599, 34.726190350943547003
5243.168999999999869, 103.76770711215598908, 5243.1229999999995925, 1, 5243.168999999999869, -1.0095660283389551459, 5243.168999999999869, 8.9097085814949963378, 5243.168999999999869, 0, 5243.1229999999995925, 0, 5243.168999999999869, 0, 5243.168999999999869, 0, 5243.168999999999869, 0, 5243.1229999999995925, 0, 5243.168999999999869, 0, 5243.168999999999869, 0, 5243.168999999999869, 105.3579628780681503, 5243.1229999999995925, 1, 5243.168999999999869, 5.9606676751141423054, 5243.168999999999869, 35.794321905557801244
5243.1739999999999782, 102.69104485121657433, 5243.1279999999997017, 1, 5243.1739999999999782, -1.4507921121239846229, 5243.1739999999999782, 13.088476145334936973, 5243.1739999999999782, 0, 5243.1279999999997017, 0, 5243.1739999999999782, 0, 5243.1739999999999782, 0, 5243.1739999999999782, 0, 5243.1279999999997017, 0, 5243.1739999999999782, 0, 5243.1739999999999782, 0, 5243.1739999999999782, 108.61837022903741001, 5243.1279999999997017, 1, 5243.1739999999999782, 1.9396837851953057097, 5243.1739999999999782, 39.967569913416724603
5243.1790000000000873, 101.87340273666433177, 5243.1340000000000146, 1, 5243.1790000000000873, -0.54299579301875544601, 5243.1790000000000873, 13.492999553226205478, 5243.1790000000000873, 0, 5243.1340000000000146, 0, 5243.1790000000000873, 0, 5243.1790000000000873, 0, 5243.1790000000000873, 0, 5243.1340000000000146, 0, 5243.1790000000000873, 0, 5243.1790000000000873, 0, 5243.1790000000000873, 105.14580563739809804, 5243.1340000000000146, 1, 5243.1790000000000873, 6.0149830960086898557, 5243.1790000000000873, 41.79106945099367465
5243.1840000000001965, 100.800746907213437, 5243.1390000000001237, 1, 5243.1840000000001965, -2.3821898280119833125, 5243.1840000000001965, 12.791781633100761439, 5243.1840000000001965, 0, 5243.1390000000001237, 0, 5243.1840000000001965, 0, 5243.1840000000001965, 0, 5243.1840000000001965, 0, 5243.1390000000001237, 0, 5243.1840000000001965, 0, 5243.1840000000001965, 0, 5243.1840000000001965, 109.95556327153809661, 5243.1390000000001237, 1, 5243.1840000000001965, 0.63533861461380780611, 5243.1840000000001965, 41.037949751990275615
5243.1890000000003056, 101.83469555757709202, 5243.1430000000000291, 1, 5243.1890000000003056, 3.6389230828530760853, 5243.1890000000003056, 12.90919284776822451, 5243.1890000000003056, 0, 5243.1430000000000291, 0, 5243.1890000000003056, 0, 5243.1890000000003056, 0, 5243.1890000000003056, 0, 5243.1430000000000291, 0, 5243.1890000000003056, 0, 5243.1890000000003056, 0, 5243.1890000000003056, 106.59492489621055711, 5243.1430000000000291, 1, 5243.1890000000003056, 6.2626915374629765765, 5243.1890000000003056, 41.850968194556713797
5243.1940000000004147, 100.13337672763208275, 5243.1480000000001382, 1, 5243.1940000000004147, -1.8009938204788715765, 5243.1940000000004147, 9.2718568254160942388, 5243.1940000000004147, 0, 5243.1480000000001382, 0, 5243.1940000000004147, 0, 5243.1940000000004147, 0, 5243.1940000000004147, 0, 5243.1480000000001382, 0, 5243.1940000000004147, 0, 5243.1940000000004147, 0, 5243.1940000000004147, 114.30456488729717535, 5243.1480000000001382, 1, 5243.1940000000004147, 0.094108458023918706292, 5243.1940000000004147, 38.321767131033432463
5243.1989999999996144, 101.59969082911879923, 5243.1540000000004511, 1, 5243.1989999999996144, 5.0962193058359028797, 5243.1989999999996144, 12.761910448356360348, 5243.1989999999996144, 0, 5243.1540000000004511, 0, 5243.1989999999996144, 0, 5243.1989999999996144, 0, 5243.1989999999996144, 0, 5243.1540000000004511, 0, 5243.1989999999996144, 0, 5243.1989999999996144, 0, 5243.1989999999996144, 106.15124450883413942, 5243.1540000000004511, 1, 5243.1989999999996144, 5.3983371472713770345, 5243.1989999999996144, 42.420306268210630662
5243.2039999999997235, 99.451891732879161623, 5243.1580000000003565, 1, 5243.2039999999997235, -0.48755202270803943421, 5243.2039999999997235, 11.816504816421293356, 5243.2039999999997235, 0, 5243.1580000000003565, 0, 5243.2039999999997235, 0, 5243.2039999999997235, 0, 5243.2039999999997235, 0, 5243.1580000000003565, 0, 5243.2039999999997235, 0, 5243.2039999999997235, 0, 5243.2039999999997235, 109.59738409094563849, 5243.1580000000003565, 1, 5243.2039999999997235, -0.99868375703613054828, 5243.2039999999997235, 41.612308255508935417
5243.2089999999998327, 100.09859387358127947, 5243.1629999999995562, 1, 5243.2089999999998327, 5.2335836200761871595, 5243.2089999999998327, 11.032381339781899499, 5243.2089999999998327, 0, 5243.1629999999995562, 0, 5243.2089999999998327, 0, 5243.2089999999998327, 0, 5243.2089999999998327, 0, 5243.1629999999995562, 0, 5243.2089999999998327, 0, 5243.2089999999998327, 0, 5243.2089999999998327, 110.03764211403222362, 5243.1629999999995562, 1, 5243.2089999999998327, 4.418883095243669068, 5243.2089999999998327, 41.214488710334819643
5243.2179999999998472, 98.86041964745757582, 5243.1679999999996653, 1, 5243.2179999999998472, -0.50507906891913889602, 5243.2179999999998472, 6.415446907637026186, 5243.2179999999998472, 0, 5243.1679999999996653, 0, 5243.2179999999998472, 0, 5243.2179999999998472, 0, 5243.2179999999998472, 0, 5243.1679999999996653, 0, 5243.2179999999998472, 0, 5243.2179999999998472, 0, 5243.2179999999998472, 116.83014659913195032, 5243.1679999999996653, 1, 5243.2179999999998472, 3.4935429068590071466, 5243.2179999999998472, 28.862528515290108544
5243.2240000000001601, 97.106890979852778401, 5243.1729999999997744, 1, 5243.2240000000001601, 3.9629441286742825845, 5243.2240000000001601, 15.229611600501492319, 5243.2240000000001601, 0, 5243.1729999999997744, 0, 5243.2240000000001601, 0, 5243.2240000000001601, 0, 5243.2240000000001601, 0, 5243.1729999999997744, 0, 5243.2240000000001601, 0, 5243.2240000000001601, 0, 5243.2240000000001601, 111.91801726820042973, 5243.1729999999997744, 1, 5243.2240000000001601, 2.680925722183883142, 5243.2240000000001601, 47.526895288995959277
5243.2299999999995634, 96.982875430733628264, 5243.1779999999998836, 1, 5243.2299999999995634, 5.3700751078698516494, 5243.2299999999995634, 14.19533448119877761, 5243.2299999999995634, 0, 5243.1779999999998836, 0, 5243.2299999999995634, 0, 5243.2299999999995634, 0, 5243.2299999999995634, 0, 5243.1779999999998836, 0, 5243.2299999999995634, 0, 5243.2299999999995634, 0, 5243.2299999999995634, 114.23518373490360034, 5243.1779999999998836, 1, 5243.2299999999995634, 3.0534019477565657041, 5243.2299999999995634, 46.260361847089583875
5243.2340000000003783, 96.582172263380357435, 5243.1829999999999927, 1, 5243.2340000000003783, 5.5198809644246669137, 5243.2340000000003783, 12.941596553613486265, 5243.2340000000003783, 0, 5243.1829999999999927, 0, 5243.2340000000003783, 0, 5243.2340000000003783, 0, 5243.2340000000003783, 0, 5243.1829999999999927, 0, 5243.2340000000003783, 0, 5243.2340000000003783, 0, 5243.2340000000003783, 115.9710480647689792, 5243.1829999999999927, 1, 5243.2340000000003783, 2.8435354700976378517, 5243.2340000000003783, 45.240127205003908273
5243.238999999999578, 96.182755990473239649, 5243.1890000000003056, 1, 5243.238999999999578, 6.1259437329678130268, 5243.238999999999578, 11.569852597508720748, 5243.238999999999578, 0, 5243.1890000000003056, 0, 5243.238999999999578, 0, 5243.238999999999578, 0, 5243.238999999999578, 0, 5243.1890000000003056, 0, 5243.238999999999578, 0, 5243.238999999999578, 0, 5243.238999999999578, 117.60791763893607254, 5243.1890000000003056, 1, 5243.238999999999578, 3.0465980917542059281, 5243.238999999999578, 44.057057278940639833
5243.2439999999996871, 94.916188784638890752, 5243.193000000000211, 1, 5243.2439999999996871, 6.6091036634037383379, 5243.2439999999996871, 9.7652025744776835836, 5243.2439999999996871, 0, 5243.193000000000211, 0, 5243.2439999999996871, 0, 5243.2439999999996871, 0, 5243.2439999999996871, 0, 5243.193000000000211, 0, 5243.2439999999996871, 0, 5243.2439999999996871, 0, 5243.2439999999996871, 120.43569506248017831, 5243.193000000000211, 1, 5243.2439999999996871, 3.4820167937685564397, 5243.2439999999996871, 42.441590659729641288
5243.2489999999997963, 94.927074912767096748, 5243.1989999999996144, 1, 5243.2489999999997963, 7.0623286243160157127, 5243.2489999999997963, 8.4294862288491927416, 5243.2489999999997963, 0, 5243.1989999999996144, 0, 5243.2489999999997963, 0, 5243.2489999999997963, 0, 5243.2489999999997963, 0, 5243.1989999999996144, 0, 5243.2489999999997963, 0, 5243.2489999999997963, 0, 5243.2489999999997963, 120.33460081370864714, 5243.1989999999996144, 1, 5243.2489999999997963, 3.2541452395475891635, 5243.2489999999997963, 41.164823503598832133
5243.2539999999999054, 94.248553117712646099, 5243.2030000000004293, 1, 5243.2539999999999054, 7.4478435316962254831, 5243.2539999999999054, 6.8362332271283321461, 5243.2539999999999054, 0, 5243.2030000000004293, 0, 5243.2539999999999054, 0, 5243.2539999999999054, 0, 5243.2539999999999054, 0, 5243.2030000000004293, 0, 5243.2539999999999054, 0, 5243.2539999999999054, 0, 5243.2539999999999054, 120.79380550613781509, 5243.2030000000004293, 1, 5243.2539999999999054, 3.2704709642228242394, 5243.2539999999999054, 39.591250927124264081
5243.2590000000000146, 94.229379895047031823, 5243.2079999999996289, 1, 5243.2590000000000146, 7.8458851927799591053, 5243.2590000000000146, 5.0887332029333336436, 5243.2590000000000146, 0, 5243.2079999999996289, 0, 5243.2590000000000146, 0, 5243.2590000000000146, 0, 5243.2590000000000146, 0, 5243.2079999999996289, 0, 5243.2590000000000146, 0, 5243.2590000000000146, 0, 5243.2590000000000146, 122.03404647857257714, 5243.2079999999996289, 1, 5243.2590000000000146, 3.4116117569667294696, 5243.2590000000000146, 37.910825919824510777
5243.2640000000001237, 93.714651754658063965, 5243.2129999999997381, 1, 5243.2640000000001237, 7.8778141470073919095, 5243.2640000000001237, 10.193177731867713476, 5243.2640000000001237, 0, 5243.2129999999997381, 0, 5243.2640000000001237, 0, 5243.2640000000001237, 0, 5243.2640000000001237, 0, 5243.2129999999997381, 0, 5243.2640000000001237, 0, 5243.2640000000001237, 0, 5243.2640000000001237, 117.12157509134817701, 5243.2129999999997381, 1, 5243.2640000000001237, 2.7378271792150759012, 5243.2640000000001237, 44.520967136471590209
5243.2690000000002328, 94.534121558944946173, 5243.2179999999998472, 1, 5243.2690000000002328, 7.8741993110693577762, 5243.2690000000002328, 8.7623855624537725362, 5243.2690000000002328, 0, 5243.2179999999998472, 0, 5243.2690000000002328, 0, 5243.2690000000002328, 0, 5243.2690000000002328, 0, 5243.2179999999998472, 0, 5243.2690000000002328, 0, 5243.2690000000002328, 0, 5243.2690000000002328, 116.52991593590456887, 5243.2179999999998472, 1, 5243.2690000000002328, 2.4726248659954750408, 5243.2690000000002328, 42.909815479592474219
5243.274000000000342, 95.552557363241959365, 5243.2229999999999563, 1, 5243.274000000000342, 6.9003643711786288861, 5243.274000000000342, 7.3936572789800223404, 5243.274000000000342, 0, 5243.2229999999999563, 0, 5243.274000000000342, 0, 5243.274000000000342, 0, 5243.274000000000342, 339.60616116870528458, 5243.2229999999999563, 0, 5243.274000000000342, -31.32995738784946127, 5243.274000000000342, -144.66145239220841745, 5243.274000000000342, 115.96299028158910005, 5243.2229999999999563, 1, 5243.274000000000342, 0.14748598991028191718, 5243.274000000000342, 41.040644727778698098
5243.2790000000004511, 89.945152305545121862, 5243.2290000000002692, 1, 5243.2790000000004511, -9.0838244049425576065, 5243.2790000000004511, 19.698385738426139824, 5243.2790000000004511, 0, 5243.2290000000002692, 0, 5243.2790000000004511, 0, 5243.2790000000004511, 0, 5243.2790000000004511, 307.15289019782545665, 5243.2290000000002692, 0, 5243.2790000000004511, -74.017623323028459481, 5243.2790000000004511, -77.914265176004434466, 5243.2790000000004511, 45.560051170331746562, 5243.2290000000002692, 1, 5243.2790000000004511, -22.431815853861568399, 5243.2790000000004511, 32.671891385750356562
5243.2839999999996508, 68.739433555642904139, 5243.2349999999996726, 1, 5243.2839999999996508, 0.71945832767055173385, 5243.2839999999996508, 25.390837523131345677, 5243.2839999999996508, 285.20853725412837321, 5243.2349999999996726, 0, 5243.2839999999996508, 32.820057327824343929, 5243.2839999999996508, -66.735103093379436245, 5243.2839999999996508, 194.40756325159330231, 5243.2349999999996726, 0, 5243.2839999999996508, -51.751112840559670758, 5243.2839999999996508, -44.108807361320856444, 5243.2839999999996508, 8.7537746031871748187, 5243.2349999999996726, 1, 5243.2839999999996508, -6.0158857083380832265, 5243.2839999999996508, 7.4319725675728243175
5243.2889999999997599, 22.269372175927877322, 5243.238999999999578, 1, 5243.2889999999997599, 11.94056449050693125, 5243.2889999999997599, 13.547238048291674772, 5243.2889999999997599, 126.23168099443249446, 5243.238999999999578, 0, 5243.2889999999997599, 18.291097789717795763, 5243.2889999999997599, 14.870186775546628155, 5243.2889999999997599, 77.035595075825014533, 5243.238999999999578, 0, 5243.2889999999997599, -22.413032787200393159, 5243.2889999999997599, 38.080997794521920241, 5243.2889999999997599, 8.6354461388071825922, 5243.238999999999578, 1, 5243.2889999999997599, -5.7674855883095998976, 5243.2889999999997599, 6.957114667754455084
5243.293999999999869, 8.2347166178762734035, 5243.2439999999996871, 1, 5243.293999999999869, 5.6140147007234659782, 5243.293999999999869, 5.1183681362041983931, 5243.293999999999869, 67.851333582072967943, 5243.2439999999996871, 0, 5243.293999999999869, 9.6436118328449982329, 5243.293999999999869, 12.761274245714304243, 5243.293999999999869, 71.260517251676830597, 5243.2439999999996871, 0, 5243.293999999999869, -13.85380917758765662, 5243.293999999999869, 18.001766732155292772, 5243.293999999999869, 21.929785630017402553, 5243.2439999999996871, 1, 5243.293999999999869, -3.8766030096797052806, 5243.293999999999869, 16.342848479632870351
5243.2989999999999782, 7.1374590775431823175, 5243.2479999999995925, 1, 5243.2989999999999782, 5.0156431419274234429, 5243.2989999999999782, 4.8514493611934401684, 5243.2989999999999782, 32.193753062312261193, 5243.2479999999995925, 0, 5243.2989999999999782, 3.6765525946599031393, 5243.2989999999999782, 13.220708052806473987, 5243.2989999999999782, 51.827912499162948734, 5243.2479999999995925, 0, 5243.2989999999999782, -6.0799809952645835764, 5243.2989999999999782, 15.077609003055393089, 5243.2989999999999782, 35.899230897215979041, 5243.2479999999995925, 1, 5243.2989999999999782, 3.0601888068845286561, 5243.2989999999999782, 24.856488929972794466
5243.3040000000000873, 8.6241146137205113575, 5243.2539999999999054, 1, 5243.3040000000000873, 5.8082071906197869637, 5243.3040000000000873, 3.89013405288355818, 5243.3040000000000873, 27.480547103204539638, 5243.2539999999999054, 0, 5243.3040000000000873, 1.3330082311080275748, 5243.3040000000000873, 7.7211795096067650235, 5243.3040000000000873, 46.453934565936826573, 5243.2539999999999054, 0, 5243.3040000000000873, -3.0988419081687230694, 5243.3040000000000873, 10.244206825296419794, 5243.3040000000000873, 45.614530595366083787, 5243.2539999999999054, 1, 5243.3040000000000873, 5.317581165017987388, 5243.3040000000000873, 22.703525038029603422
5243.3090000000001965, 12.201584011091892279, 5243.2579999999998108, 1, 5243.3090000000001965, 8.0350211609635593391, 5243.3090000000001965, 4.0355430620309586942, 5243.3090000000001965, 22.346105658518951032, 5243.2579999999998108, 0, 5243.3090000000001965, -0.53266059010435895527, 5243.3090000000001965, 2.4413005350509582314, 5243.3090000000001965, 34.758760270005048199, 5243.2579999999998108, 0, 5243.3090000000001965, -0.34751022735863568158, 5243.3090000000001965, 6.9406584830810231779, 5243.3090000000001965, 49.503252564816946801, 5243.2579999999998108, 1, 5243.3090000000001965, 6.3104531717829175363, 5243.3090000000001965, 22.498378443395658621
5243.3140000000003056, 15.746783577426739953, 5243.26299999999992, 1, 5243.3140000000003056, 10.257476541211831389, 5243.3140000000003056, 4.5566281761878286716, 5243.3140000000003056, 27.293829176202354603, 5243.26299999999992, 0, 5243.3140000000003056, -1.0302069496065313636, 5243.3140000000003056, -1.2161708174633130142, 5243.3140000000003056, 30.421349976651001157, 5243.26299999999992, 0, 5243.3140000000003056, 0.17561416630525017446, 5243.3140000000003056, 5.9777771265927430733, 5243.3140000000003056, 50.596297856797342263, 5243.26299999999992, 1, 5243.3140000000003056, 6.0359224337755250644, 5243.3140000000003056, 22.481839974539099103
5243.319999999999709, 23.206580027451664705, 5243.2680000000000291, 1, 5243.319999999999709, 8.3871807694865303517, 5243.319999999999709, 4.4405744513960030417, 5243.319999999999709, 34.133818754972949705, 5243.2680000000000291, 0, 5243.319999999999709, -0.86536130147374823451, 5243.319999999999709, -7.773185101403463193, 5243.319999999999709, 26.188633727212522473, 5243.2680000000000291, 0, 5243.319999999999709, 0.71467760948146985545, 5243.319999999999709, 2.6269412151222244489, 5243.319999999999709, 50.210903040322065749, 5243.2680000000000291, 1, 5243.319999999999709, 5.3805445217569882743, 5243.319999999999709, 20.993344300531749269
5243.3249999999998181, 31.745036705674806399, 5243.2730000000001382, 1, 5243.3249999999998181, 6.8076214646136881115, 5243.3249999999998181, 6.9045439439929694458, 5243.3249999999998181, 36.950420712905597043, 5243.2730000000001382, 0, 5243.3249999999998181, -0.87749669111108496988, 5243.3249999999998181, -7.4341559325443427042, 5243.3249999999998181, 23.930082017477328549, 5243.2730000000001382, 0, 5243.3249999999998181, 1.1176047314477772776, 5243.3249999999998181, 4.5008300257264490796, 5243.3249999999998181, 52.477646864949704764, 5243.2730000000001382, 1, 5243.3249999999998181, 5.9885156846242990625, 5243.3249999999998181, 22.653519296395206339
5243.3299999999999272, 39.059955328526825724, 5243.2780000000002474, 1, 5243.3299999999999272, 5.2546296204342812786, 5243.3299999999999272, 7.0684499060728533948, 5243.3299999999999272, 41.270686301759582193, 5243.2780000000002474, 0, 5243.3299999999999272, -0.080355069941534434941, 5243.3299999999999272, -10.841825784162910651, 5243.3299999999999272, 24.689853101595510054, 5243.2780000000002474, 0, 5243.3299999999999272, 1.1626524700920848332, 5243.3299999999999272, 2.0924406176186227668, 5243.3299999999999272, 54.472272290446042575, 5243.2780000000002474, 1, 5243.3299999999999272, 6.1288512155769883094, 5243.3299999999999272, 22.114091087837749683
5243.3370000000004438, 43.486838114071517225, 5243.2830000000003565, 1, 5243.3370000000004438, 4.2831264112273537137, 5243.3370000000004438, 9.8670154618570311555, 5243.3370000000004438, 46.21081891824653809, 5243.2830000000003565, 1, 5243.3370000000004438, 0.73344537922687869091, 5243.3370000000004438, -11.000972710627848983, 5243.3370000000004438, 25.08534914709502317, 5243.2830000000003565, 1, 5243.3370000000004438, 1.0483783556401236048, 5243.3370000000004438, 2.0971018126592522179, 5243.3370000000004438, 52.100885648127082561, 5243.2830000000003565, 1, 5243.3370000000004438, 5.7236281669101138903, 5243.3370000000004438, 24.767437629689325718
5243.3400000000001455, 47.745791458409783559, 5243.2889999999997599, 1, 5243.3400000000001455, 2.3170019012590308272, 5243.3400000000001455, 7.1139781806194477554, 5243.3400000000001455, 48.996754446581505249, 5243.2889999999997599, 1, 5243.3400000000001455, 1.6272562074464789195, 5243.3400000000001455, -15.485890330047890728, 5243.3400000000001455, 25.513602635685280973, 5243.2889999999997599, 1, 5243.3400000000001455, 0.87760594899267130309, 5243.3400000000001455, -0.71351742917396343557, 5243.3400000000001455, 53.121281540630675977, 5243.2889999999997599, 1, 5243.3400000000001455, 6.2881404215327556528, 5243.3400000000001455, 18.006104825167653871
5243.3450000000002547, 48.820722986661181153, 5243.2929999999996653, 1, 5243.3450000000002547, 1.9019099812439939079, 5243.3450000000002547, 4.4571083810284939375, 5243.3450000000002547, 56.756003775045442694, 5243.2929999999996653, 1, 5243.3450000000002547, 3.3805205178183523884, 5243.3450000000002547, -21.403353386402155678, 5243.3450000000002547, 28.81550729450264825, 5243.2929999999996653, 1, 5243.3450000000002547, 0.31226714138939504206, 5243.3450000000002547, -5.3726348108103323398, 5243.3450000000002547, 47.682621649856571366, 5243.2929999999996653, 1, 5243.3450000000002547, 4.6793706596767332684, 5243.3450000000002547, 14.787554822971998192
5243.3500000000003638, 54.415075109916926976, 5243.2979999999997744, 1, 5243.3500000000003638, 0.78113589245748005219, 5243.3500000000003638, 7.3364756423919743611, 5243.3500000000003638, 53.589822956250216635, 5243.2979999999997744, 1, 5243.3500000000003638, 2.4109414734196645824, 5243.3500000000003638, -17.491140328298865114, 5243.3500000000003638, 24.045626990101787612, 5243.2979999999997744, 1, 5243.3500000000003638, 0.90185664878003946043, 5243.3500000000003638, -0.76969549615027332834, 5243.3500000000003638, 51.003694345806536603, 5243.2979999999997744, 1, 5243.3500000000003638, 5.6658090726057128705, 5243.3500000000003638, 17.772365268517194892
5243.3549999999995634, 55.472899521882922613, 5243.3040000000000873, 1, 5243.3549999999995634, 0.49818811683182140371, 5243.3549999999995634, 6.775880024556471426, 5243.3549999999995634, 54.950272509490218908, 5243.3040000000000873, 1, 5243.3549999999995634, 2.8453122448618901608, 5243.3549999999995634, -19.242299150750241665, 5243.3549999999995634, 26.45080044991044943, 5243.3040000000000873, 1, 5243.3549999999995634, 0.47149507688341862899, 5243.3549999999995634, -2.8971657693792955968, 5243.3549999999995634, 50.850492024738542796, 5243.3040000000000873, 1, 5243.3549999999995634, 5.2651717537494429067, 5243.3549999999995634, 16.652594047136549449
5243.3599999999996726, 47.062200806809180165, 5243.3079999999999927, 1, 5243.3599999999996726, 2.2638889177636309924, 5243.3599999999996726, 1.1969909085436931662, 5243.3599999999996726, 59.906929778687441512, 5243.3079999999999927, 1, 5243.3599999999996726, 3.9553209181552140272, 5243.3599999999996726, -21.08678548640516226, 5243.3599999999996726, 26.899760242071025118, 5243.3079999999999927, 1, 5243.3599999999996726, 0.12810896170556898555, 5243.3599999999996726, -3.2481108453350540088, 5243.3599999999996726, 36.380856021489705654, 5243.3079999999999927, 1, 5243.3599999999996726, 1.832845042465172547, 5243.3599999999996726, 8.0025752302780386316
5243.3649999999997817, 51.435083269746982637, 5243.3130000000001019, 1, 5243.3649999999997817, -0.39472518157565761321, 5243.3649999999997817, 27.391473104763356616, 5243.3649999999997817, 56.908862654469835718, 5243.3130000000001019, 1, 5243.3649999999997817, 2.131287154840281417, 5243.3649999999997817, -23.731227511539874087, 5243.3649999999997817, 38.185667192359048272, 5243.3130000000001019, 1, 5243.3649999999997817, -3.1426405898729061761, 5243.3649999999997817, -10.0855797689262765, 5243.3649999999997817, 47.754053195739778914, 5243.3130000000001019, 1, 5243.3649999999997817, 5.0690669647098181017, 5243.3649999999997817, 24.915842296086289309
5243.3699999999998909, 0, 5243.318000000000211, 1, 5243.3699999999998909, 0, 5243.3699999999998909, 0, 5243.3699999999998909, 59.559014911502202949, 5243.318000000000211, 1, 5243.3699999999998909, 4.6218637028162810054, 5243.3699999999998909, -25.118031275554589143, 5243.3699999999998909, 60.591304736373125195, 5243.318000000000211, 1, 5243.3699999999998909, -7.7078995884331984456, 5243.3699999999998909, -17.517730709213289231, 5243.3699999999998909, 0.43689521184109114671, 5243.318000000000211, 1, 5243.3699999999998909, -0.25642988643322223163, 5243.3699999999998909, 0.27565030433697418344
5243.375, 0, 5243.3239999999996144, 1, 5243.375, 0, 5243.375, 0, 5243.375, 74.744778612283852226, 5243.3239999999996144, 1, 5243.375, 7.6984250418937509863, 5243.375, -24.775796154706807073, 5243.375, 72.62686696259784469, 5243.3239999999996144, 1, 5243.375, -7.1540747261999761974, 5243.375, -15.276753594347020737, 5243.375, 0, 5243.3239999999996144, 1, 5243.375, 0, 5243.375, 0
5243.3800000000001091, 0, 5243.3280000000004293, 1, 5243.3800000000001091, 0, 5243.3800000000001091, 0, 5243.3800000000001091, 86.608557319375705674, 5243.3280000000004293, 1, 5243.3800000000001091, 10.391290038586960875, 5243.3800000000001091, -25.459846859572564881, 5243.3800000000001091, 70.973981976946475925, 5243.3280000000004293, 1, 5243.3800000000001091, -7.0704768298641846869, 5243.3800000000001091, -12.710123138525329267, 5243.3800000000001091, 0, 5243.3280000000004293, 1, 5243.3800000000001091, 0, 5243.3800000000001091, 0
5243.3840000000000146, 0, 5243.3329999999996289, 1, 5243.3840000000000146, 0, 5243.3840000000000146, 0, 5243.3840000000000146, 98.604611275953615745, 5243.3329999999996289, 1, 5243.3840000000000146, 12.512887878732001923, 5243.3840000000000146, -27.501202576736332617, 5243.3840000000000146, 77.185530203965441842, 5243.3329999999996289, 1, 5243.3840000000000146, -4.9026118932049085331, 5243.3840000000000146, -13.097239754348947827, 5243.3840000000000146, 0, 5243.3329999999996289, 1, 5243.3840000000000146, 0, 5243.3840000000000146, 0
5243.3890000000001237, 0, 5243.3379999999997381, 1, 5243.3890000000001237, 0, 5243.3890000000001237, 0, 5243.3890000000001237, 105.88019400782697232, 5243.3379999999997381, 1, 5243.3890000000001237, 14.290670574100760248, 5243.3890000000001237, -27.007842668433667654, 5243.3890000000001237, 71.638637450792913342, 5243.3379999999997381, 1, 5243.3890000000001237, -5.2781346754061644333, 5243.3890000000001237, -9.3496402581768123241, 5243.3890000000001237, 0, 5243.3379999999997381, 1, 5243.3890000000001237, 0, 5243.3890000000001237, 0
5243.3940000000002328, 0, 5243.3440000000000509, 1, 5243.3940000000002328, 0, 5243.3940000000002328, 0, 5243.3940000000002328, 113.39382662403315294, 5243.3440000000000509, 1, 5243.3940000000002328, 15.981930705705348572, 5243.3940000000002328, -27.93649474672709232, 5243.3940000000002328, 74.53850258888601843, 5243.3440000000000509, 1, 5243.3940000000002328, -1.5067636698144404317, 5243.3940000000002328, -8.916900001862074987, 5243.3940000000002328, 0, 5243.3440000000000509, 1, 5243.3940000000002328, 0, 5243.3940000000002328, 0
5243.399000000000342, 0, 5243.3479999999999563, 1, 5243.399000000000342, 0, 5243.399000000000342, 0, 5243.399000000000342, 118.94370551858268925, 5243.3479999999999563, 1, 5243.399000000000342, 17.361601450502142541, 5243.399000000000342, -26.866420569034886512, 5243.399000000000342, 67.594445968026661831, 5243.3479999999999563, 1, 5243.399000000000342, -1.6277850637850586057, 5243.399000000000342, -4.6604462329069313853, 5243.399000000000342, 0, 5243.3479999999999563, 1, 5243.399000000000342, 0, 5243.399000000000342, 0
5243.4049999999997453, 0, 5243.3530000000000655, 1, 5243.4049999999997453, 0, 5243.4049999999997453, 0, 5243.4049999999997453, 124.20134455729061074, 5243.3530000000000655, 1, 5243.4049999999997453, 18.089308064898052208, 5243.4049999999997453, -20.483105667728821686, 5243.4049999999997453, 66.78855472323863296, 5243.3530000000000655, 1, 5243.4049999999997453, 0.80691353689862643783, 5243.4049999999997453, 0.32285664236164990371, 5243.4049999999997453, 0, 5243.3530000000000655, 1, 5243.4049999999997453, 0, 5243.4049999999997453, 0
5243.4099999999998545, 0, 5243.3580000000001746, 0, 5243.4099999999998545, 0, 5243.4099999999998545, 0, 5243.4099999999998545, 127.0532795450461947, 5243.3580000000001746, 1, 5243.4099999999998545, 18.853869292975087291, 5243.4099999999998545, -19.942712640490142917, 5243.4099999999998545, 66.005699997834568649, 5243.3580000000001746, 1, 5243.4099999999998545, 2.200417143581026469, 5243.4099999999998545, 1.9142170867205479112, 5243.4099999999998545, 0, 5243.3580000000001746, 0, 5243.4099999999998545, 0, 5243.4099999999998545, 0
5243.4149999999999636, 0, 5243.3630000000002838, 0, 5243.4149999999999636, 0, 5243.4149999999999636, 0, 5243.4149999999999636, 129.65608922584712559, 5243.3630000000002838, 1, 5243.4149999999999636, 19.489955383968222691, 5243.4149999999999636, -19.851049820163069626, 5243.4149999999999636, 68.674104443987445734, 5243.3630000000002838, 1, 5243.4149999999999636, 4.4033966189665774138, 5243.4149999999999636, 2.4267548594799990269, 5243.4149999999999636, 0, 5243.3630000000002838, 0, 5243.4149999999999636, 0, 5243.4149999999999636, 0
5243.4200000000000728, 0, 5243.3680000000003929, 0, 5243.4200000000000728, 0, 5243.4200000000000728, 0, 5243.4200000000000728, 131.63665579050172028, 5243.3680000000003929, 1, 5243.4200000000000728, 19.704328248237086285, 5243.4200000000000728, -17.99927859095769378, 5243.4200000000000728, 60.208490443274456538, 5243.3680000000003929, 1, 5243.4200000000000728, 3.8884087041726509426, 5243.4200000000000728, 6.4722539896118078673, 5243.4200000000000728, 0, 5243.3680000000003929, 0, 5243.4200000000000728, 0, 5243.4200000000000728, 0
5243.4250000000001819, 0, 5243.3729999999995925, 0, 5243.4250000000001819, 0, 5243.4250000000001819, 0, 5243.4250000000001819, 132.35616106451968221, 5243.3729999999995925, 1, 5243.4250000000001819, 19.697369045051587477, 5243.4250000000001819, -18.198564450775833734, 5243.4250000000001819, 65.465653520841158297, 5243.3729999999995925, 1, 5243.4250000000001819, 6.1805964336626368905, 5243.4250000000001819, 5.928576482132704939, 5243.4250000000001819, 0, 5243.3729999999995925, 0, 5243.4250000000001819, 0, 5243.4250000000001819, 0
5243.430000000000291, 0, 5243.3789999999999054, 0, 5243.430000000000291, 0, 5243.430000000000291, 0, 5243.430000000000291, 131.82242466265870462, 5243.3789999999999054, 1, 5243.430000000000291, 19.462751786352804118, 5243.430000000000291, -16.924658158261586038, 5243.430000000000291, 61.400650623361542557, 5243.3789999999999054, 1, 5243.430000000000291, 4.9528714837765113188, 5243.430000000000291, 8.2762649337999967258, 5243.430000000000291, 0, 5243.3789999999999054, 0, 5243.430000000000291, 0, 5243.430000000000291, 0
5243.4399999999995998, 0, 5243.3840000000000146, 0, 5243.4399999999995998, 0, 5243.4399999999995998, 0, 5243.4399999999995998, 131.98880081010324261, 5243.3840000000000146, 1, 5243.4399999999995998, 18.994994456361265378, 5243.4399999999995998, -17.119561783851914072, 5243.4399999999995998, 66.588367751192052424, 5243.3840000000000146, 1, 5243.4399999999995998, 6.7070798503150799164, 5243.4399999999995998, 7.6335585195360273758, 5243.4399999999995998, 0, 5243.3840000000000146, 0, 5243.4399999999995998, 0, 5243.4399999999995998, 0
5243.4399999999995998, 0, 5243.38799999999992, 0, 5243.4399999999995998, 0, 5243.4399999999995998, 0, 5243.4399999999995998, 130.43958518867293606, 5243.38799999999992, 1, 5243.4399999999995998, 18.574118265825209306, 5243.4399999999995998, -16.275081858283556357, 5243.4399999999995998, 65.388549224793067083, 5243.38799999999992, 1, 5243.4399999999995998, 4.9219388652921951532, 5243.4399999999995998, 8.8928448555407300091, 5243.4399999999995998, 0, 5243.38799999999992, 0, 5243.4399999999995998, 0, 5243.4399999999995998, 0
5243.4499999999998181, 0, 5243.3940000000002328, 0, 5243.4499999999998181, 0, 5243.4499999999998181, 0, 5243.4499999999998181, 132.3588334747998374, 5243.3940000000002328, 1, 5243.4499999999998181, 18.075522448186063684, 5243.4499999999998181, -8.2510467297712963841, 5243.4499999999998181, 68.201410162655946579, 5243.3940000000002328, 1, 5243.4499999999998181, 7.0633801286031188127, 5243.4499999999998181, 12.97295482357310803, 5243.4499999999998181, 0, 5243.3940000000002328, 0, 5243.4499999999998181, 0, 5243.4499999999998181, 0
5243.4499999999998181, 0, 5243.3980000000001382, 0, 5243.4499999999998181, 0, 5243.4499999999998181, 0, 5243.4499999999998181, 130.83904408337531322, 5243.3980000000001382, 1, 5243.4499999999998181, 17.466216289679056928, 5243.4499999999998181, -7.1525841783442132282, 5243.4499999999998181, 64.738656735987049728, 5243.3980000000001382, 1, 5243.4499999999998181, 5.2216982885720950591, 5243.4499999999998181, 14.75030862647195562, 5243.4499999999998181, 0, 5243.3980000000001382, 0, 5243.4499999999998181, 0, 5243.4499999999998181, 0
5243.4600000000000364, 0, 5243.4030000000002474, 0, 5243.4600000000000364, 0, 5243.4600000000000364, 0, 5243.4600000000000364, 130.42035578245017291, 5243.4030000000002474, 1, 5243.4600000000000364, 17.028919216442343298, 5243.4600000000000364, -7.728498333595865688, 5243.4600000000000364, 72.661267091996194267, 5243.4030000000002474, 1, 5243.4600000000000364, 6.7998649610242214436, 5243.4600000000000364, 13.541362811451989501, 5243.4600000000000364, 0, 5243.4030000000002474, 0, 5243.4600000000000364, 0, 5243.4600000000000364, 0
5243.4600000000000364, 0, 5243.4089999999996508, 0, 5243.4600000000000364, 0, 5243.4600000000000364, 0, 5243.4600000000000364, 128.80367162983023377, 5243.4089999999996508, 1, 5243.4600000000000364, 16.091114487654600396, 5243.4600000000000364, -6.5696999967708435975, 5243.4600000000000364, 68.190715679253372627, 5243.4089999999996508, 1, 5243.4600000000000364, 4.8106432647368313482, 5243.4600000000000364, 15.494781866818634342, 5243.4600000000000364, 0, 5243.4089999999996508, 0, 5243.4600000000000364, 0, 5243.4600000000000364, 0
5243.4650000000001455, 0, 5243.4139999999997599, 0, 5243.4650000000001455, 0, 5243.4650000000001455, 0, 5243.4650000000001455, 127.6695728005359598, 5243.4139999999997599, 1, 5243.4650000000001455, 15.327152405975276395, 5243.4650000000001455, -7.2207694404630160534, 5243.4650000000001455, 75.963577283118141281, 5243.4139999999997599, 1, 5243.4650000000001455, 5.9380941407072720395, 5243.4650000000001455, 14.176416867474575412, 5243.4650000000001455, 0, 5243.4139999999997599, 0, 5243.4650000000001455, 0, 5243.4650000000001455, 0
5243.4700000000002547, 0, 5243.4179999999996653, 0, 5243.4700000000002547, 0, 5243.4700000000002547, 0, 5243.4700000000002547, 125.74457365228030881, 5243.4179999999996653, 1, 5243.4700000000002547, 14.479772899028423794, 5243.4700000000002547, -6.5482646241020532329, 5243.4700000000002547, 74.298981787583187497, 5243.4179999999996653, 1, 5243.4700000000002547, 3.8356624685940015063, 5243.4700000000002547, 15.231218867766283864, 5243.4700000000002547, 0, 5243.4179999999996653, 0, 5243.4700000000002547, 0, 5243.4700000000002547, 0
5243.4799999999995634, 0, 5243.4229999999997744, 0, 5243.4799999999995634, 0, 5243.4799999999995634, 0, 5243.4799999999995634, 124.04405580083050609, 5243.4229999999997744, 1, 5243.4799999999995634, 15.122782385840109143, 5243.4799999999995634, -9.9937939623214404605, 5243.4799999999995634, 81.062826616123629719, 5243.4229999999997744, 1, 5243.4799999999995634, 2.8003686051540421786, 5243.4799999999995634, 10.626005941017425016, 5243.4799999999995634, 0, 5243.4229999999997744, 0, 5243.4799999999995634, 0, 5243.4799999999995634, 0
5243.4799999999995634, 0, 5243.4279999999998836, 0, 5243.4799999999995634, 0, 5243.4799999999995634, 0, 5243.4799999999995634, 122.42194845917340729, 5243.4279999999998836, 1, 5243.4799999999995634, 14.391715470951895739, 5243.4799999999995634, -9.5795131597375728916, 5243.4799999999995634, 81.02722819028184631, 5243.4279999999998836, 1, 5243.4799999999995634, 0.9234204016201275067, 5243.4799999999995634, 11.146885454732903042, 5243.4799999999995634, 0, 5243.4279999999998836, 0, 5243.4799999999995634, 0, 5243.4799999999995634, 0
5243.4849999999996726, 0, 5243.4329999999999927, 0, 5243.4849999999996726, 0, 5243.4849999999996726, 0, 5243.4849999999996726, 121.64017854542282748, 5243.4329999999999927, 1, 5243.4849999999996726, 13.412924193757314484, 5243.4849999999996726, -9.8701421600412331259, 5243.4849999999996726, 84.848417248042267147, 5243.4329999999999927, 1, 5243.4849999999996726, 1.9062994858491615346, 5243.4849999999996726, 10.478609734753760563, 5243.4849999999996726, 0, 5243.4329999999999927, 0, 5243.4849999999996726, 0, 5243.4849999999996726, 0
5243.4949999999998909, 0, 5243.4380000000001019, 0, 5243.4949999999998909, 0, 5243.4949999999998909, 0, 5243.4949999999998909, 121.11392302711803381, 5243.4380000000001019, 1, 5243.4949999999998909, 10.816390958213924378, 5243.4949999999998909, 2.226670309589728447, 5243.4949999999998909, 80.767722102774769155, 5243.4380000000001019, 1, 5243.4949999999998909, 2.2252628879651061844, 5243.4949999999998909, 21.148971840689828383, 5243.4949999999998909, 0, 5243.4380000000001019, 0, 5243.4949999999998909, 0, 5243.4949999999998909, 0
5243.5, 0, 5243.443000000000211, 0, 5243.5, 0, 5243.5, 0, 5243.5, 119.81414898848028372, 5243.443000000000211, 1, 5243.5, 10.782513809941628224, 5243.5, 1.4337092883274351607, 5243.5, 87.369103154239496689, 5243.443000000000211, 1, 5243.5, 3.8192431873044898616, 5243.5, 20.231460727615463213, 5243.5, 0, 5243.443000000000211, 0, 5243.5, 0, 5243.5, 0
5243.5050000000001091, 0, 5243.4489999999996144, 0, 5243.5050000000001091, 0, 5243.5050000000001091, 0, 5243.5050000000001091, 118.42578197668278506, 5243.4489999999996144, 1, 5243.5050000000001091, 8.8315988374949352391, 5243.5050000000001091, 2.0876153176115508359, 5243.5050000000001091, 83.401890977611174094, 5243.4489999999996144, 1, 5243.5050000000001091, 1.2162267404665907389, 5243.5050000000001091, 21.407647890159424264, 5243.5050000000001091, 0, 5243.4489999999996144, 0, 5243.5050000000001091, 0, 5243.5050000000001091, 0
5243.5100000000002183, 0, 5243.4530000000004293, 0, 5243.5100000000002183, 0, 5243.5100000000002183, 0, 5243.5100000000002183, 117.15629452451014458, 5243.4530000000004293, 1, 5243.5100000000002183, 9.4128473096145413024, 5243.5100000000002183, 1.281996917085905352, 5243.5100000000002183, 88.018506739392563532, 5243.4530000000004293, 1, 5243.5100000000002183, 2.2431721607848156275, 5243.5100000000002183, 20.859879568157886354, 5243.5100000000002183, 0, 5243.4530000000004293, 0, 5243.5100000000002183, 0, 5243.5100000000002183, 0
5243.5100000000002183, 0, 5243.4579999999996289, 0, 5243.5100000000002183, 0, 5243.5100000000002183, 0, 5243.5100000000002183, 116.24862749634644388, 5243.4579999999996289, 1, 5243.5100000000002183, 7.2134311761312277511, 5243.5100000000002183, 1.7733066440844993394, 5243.5100000000002183, 90.841545661682971513, 5243.4579999999996289, 1, 5243.5100000000002183, 3.1210766418839206437, 5243.5100000000002183, 20.48570581874782448, 5243.5100000000002183, 0, 5243.4579999999996289, 0, 5243.5100000000002183, 0, 5243.5100000000002183, 0
5243.5150000000003274, 0, 5243.4629999999997381, 0, 5243.5150000000003274, 0, 5243.5150000000003274, 0, 5243.5150000000003274, 114.2399450674736272, 5243.4629999999997381, 1, 5243.5150000000003274, 8.4071959073347244384, 5243.5150000000003274, 0.93826652838679791557, 5243.5150000000003274, 90.609165522295995743, 5243.4629999999997381, 1, 5243.5150000000003274, 1.9861336287563240433, 5243.5150000000003274, 20.79685871933008201, 5243.5150000000003274, 0, 5243.4629999999997381, 0, 5243.5150000000003274, 0, 5243.5150000000003274, 0
5243.5209999999997308, 0, 5243.4679999999998472, 0, 5243.5209999999997308, 0, 5243.5209999999997308, 0, 5243.5209999999997308, 115.15863728603943628, 5243.4679999999998472, 1, 5243.5209999999997308, 5.3415785585479786945, 5243.5209999999997308, 1.6010651161696074496, 5243.5209999999997308, 88.482908201408918103, 5243.4679999999998472, 1, 5243.5209999999997308, -0.10441634578108115183, 5243.5209999999997308, 21.498762146501540826, 5243.5209999999997308, 0, 5243.4679999999998472, 0, 5243.5209999999997308, 0, 5243.5209999999997308, 0
5243.5299999999997453, 0, 5243.4750000000003638, 0, 5243.5299999999997453, 0, 5243.5299999999997453, 0, 5243.5299999999997453, 112.08332039625243226, 5243.4750000000003638, 1, 5243.5299999999997453, 7.6281889192649492415, 5243.5299999999997453, 8.2060486834638979303, 5243.5299999999997453, 91.825648910815516501, 5243.4750000000003638, 1, 5243.5299999999997453, 3.5079918356179713435, 5243.5299999999997453, 26.651807313527626775, 5243.5299999999997453, 0, 5243.4750000000003638, 0, 5243.5299999999997453, 0, 5243.5299999999997453, 0
5243.5349999999998545, 0, 5243.4780000000000655, 0, 5243.5349999999998545, 0, 5243.5349999999998545, 0, 5243.5349999999998545, 111.39300162675408501, 5243.4780000000000655, 1, 5243.5349999999998545, 7.8736410333886324153, 5243.5349999999998545, 0.39765519814617533711, 5243.5349999999998545, 92.998074837376861979, 5243.4780000000000655, 1, 5243.5349999999998545, -1.6798552719073747141, 5243.5349999999998545, 17.243736921176576971, 5243.5349999999998545, 0, 5243.4780000000000655, 0, 5243.5349999999998545, 0, 5243.5349999999998545, 0
5243.5399999999999636, 0, 5243.4830000000001746, 0, 5243.5399999999999636, 0, 5243.5399999999999636, 0, 5243.5399999999999636, 110.57729588508786378, 5243.4830000000001746, 1, 5243.5399999999999636, 7.180252052803476559, 5243.5399999999999636, 0.085841558110622884215, 5243.5399999999999636, 94.434361437913011628, 5243.4830000000001746, 1, 5243.5399999999999636, -1.9976350684841683858, 5243.5399999999999636, 16.928677275309887307, 5243.5399999999999636, 0, 5243.4830000000001746, 0, 5243.5399999999999636, 0, 5243.5399999999999636, 0
5243.5399999999999636, 0, 5243.4880000000002838, 0, 5243.5399999999999636, 0, 5243.5399999999999636, 0, 5243.5399999999999636, 110.26223526705845757, 5243.4880000000002838, 1, 5243.5399999999999636, 5.4700764674645592223, 5243.5399999999999636, -0.34724870681488084756, 5243.5399999999999636, 95.950042310234607612, 5243.4880000000002838, 1, 5243.5399999999999636, -3.4095953313922189309, 5243.5399999999999636, 16.542639196528291734, 5243.5399999999999636, 0, 5243.4880000000002838, 0, 5243.5399999999999636, 0, 5243.5399999999999636, 0
5243.5450000000000728, 0, 5243.4930000000003929, 0, 5243.5450000000000728, 0, 5243.5450000000000728, 0, 5243.5450000000000728, 107.94930461992602488, 5243.4930000000003929, 1, 5243.5450000000000728, 6.5313510870288071786, 5243.5450000000000728, -1.0409023034203102043, 5243.5450000000000728, 98.697191385476727987, 5243.4930000000003929, 1, 5243.5450000000000728, -1.9985106495827142936, 5243.5450000000000728, 15.624564732396073907, 5243.5450000000000728, 0, 5243.4930000000003929, 0, 5243.5450000000000728, 0, 5243.5450000000000728, 0
5243.555000000000291, 0, 5243.4989999999997963, 0, 5243.555000000000291, 0, 5243.555000000000291, 0, 5243.555000000000291, 107.28656059285989954, 5243.4989999999997963, 1, 5243.555000000000291, 4.6798152194978790419, 5243.555000000000291, -1.5911317899477097626, 5243.555000000000291, 99.558152813724376529, 5243.4989999999997963, 1, 5243.555000000000291, -3.6466112889711874701, 5243.555000000000291, 15.138675946336903166, 5243.555000000000291, 0, 5243.4989999999997963, 0, 5243.555000000000291, 0, 5243.555000000000291, 0
5243.5600000000004002, 0, 5243.5029999999997017, 0, 5243.5600000000004002, 0, 5243.5600000000004002, 0, 5243.5600000000004002, 105.75598446144574893, 5243.5029999999997017, 1, 5243.5600000000004002, 4.5513330028569622954, 5243.5600000000004002, -2.4660453112166749179, 5243.5600000000004002, 102.11820904509079355, 5243.5029999999997017, 1, 5243.5600000000004002, -3.4930796321191186493, 5243.5600000000004002, 14.082819431558604606, 5243.5600000000004002, 0, 5243.5029999999997017, 0, 5243.5600000000004002, 0, 5243.5600000000004002, 0
5243.5649999999995998, 0, 5243.5079999999998108, 0, 5243.5649999999995998, 0, 5243.5649999999995998, 0, 5243.5649999999995998, 104.58902234574051704, 5243.5079999999998108, 1, 5243.5649999999995998, 3.4787868726476234293, 5243.5649999999995998, -3.3292141609384131584, 5243.5649999999995998, 103.62048844431251382, 5243.5079999999998108, 1, 5243.5649999999995998, -4.3380572127446352937, 5243.5649999999995998, 13.158117755232261459, 5243.5649999999995998, 0, 5243.5079999999998108, 0, 5243.5649999999995998, 0, 5243.5649999999995998, 0
5243.569999999999709, 0, 5243.5150000000003274, 0, 5243.569999999999709, 0, 5243.569999999999709, 0, 5243.569999999999709, 103.21474817160688531, 5243.5150000000003274, 1, 5243.569999999999709, 3.3306623852240537786, 5243.569999999999709, 1.8440475620286491676, 5243.569999999999709, 104.90384587854944698, 5243.5150000000003274, 1, 5243.569999999999709, -4.8362573840611426945, 5243.569999999999709, 17.440545486997137914, 5243.569999999999709, 0, 5243.5150000000003274, 0, 5243.569999999999709, 0, 5243.569999999999709, 0
5243.5749999999998181, 0, 5243.5180000000000291, 0, 5243.5749999999998181, 0, 5243.5749999999998181, 0, 5243.5749999999998181, 101.17215317265366537, 5243.5180000000000291, 1, 5243.5749999999998181, -0.015578909809756718435, 5243.5749999999998181, 8.6866018589535798355, 5243.5749999999998181, 103.20314839176489841, 5243.5180000000000291, 1, 5243.5749999999998181, -1.4917141736375705285, 5243.5749999999998181, 29.076647579662868282, 5243.5749999999998181, 0, 5243.5180000000000291, 0, 5243.5749999999998181, 0, 5243.5749999999998181, 0
5243.5789999999997235, 0, 5243.5230000000001382, 0, 5243.5789999999997235, 0, 5243.5789999999997235, 0, 5243.5789999999997235, 100.88973256963782887, 5243.5230000000001382, 1, 5243.5789999999997235, -1.0935146300668809882, 5243.5789999999997235, 7.2963789960013514246, 5243.5789999999997235, 105.64676118525892434, 5243.5230000000001382, 1, 5243.5789999999997235, -2.4129763448086678501, 5243.5789999999997235, 28.121582537003746438, 5243.5789999999997235, 0, 5243.5230000000001382, 0, 5243.5789999999997235, 0, 5243.5789999999997235, 0
5243.5799999999999272, 358.36188929424235994, 5243.5280000000002474, 0, 5243.5799999999999272, -72.585706130584867424, 5243.5799999999999272, -235.77693608882788112, 5243.5799999999999272, 93.961821164209851531, 5243.5280000000002474, 1, 5243.5799999999999272, -8.9317664968016288185, 5243.5799999999999272, 4.9971808077706754148, 5243.5799999999999272, 102.11176473256661268, 5243.5280000000002474, 1, 5243.5799999999999272, -3.7656059873323175502, 5243.5799999999999272, 26.073624036753891176, 5243.5799999999999272, 0, 5243.5280000000002474, 0, 5243.5799999999999272, 0, 5243.5799999999999272, 0
5243.5839999999998327, 381.33113721813276698, 5243.5339999999996508, 0, 5243.5839999999998327, -108.42499471092692431, 5243.5839999999998327, -240.5213888417255248, 5243.5839999999998327, 49.033498385792881891, 5243.5339999999996508, 1, 5243.5839999999998327, -27.450534156061134894, 5243.5839999999998327, -0.97511873484308253524, 5243.5839999999998327, 86.487313893308368051, 5243.5339999999996508, 1, 5243.5839999999998327, -11.178061258668106959, 5243.5839999999998327, 21.950796622112477507, 5243.5839999999998327, 0, 5243.5339999999996508, 0, 5243.5839999999998327, 0, 5243.5839999999998327, 0
5243.5950000000002547, 374.12156630523003287, 5243.5379999999995562, 0, 5243.5950000000002547, -116.62735631367435474, 5243.5950000000002547, -211.15209569938960499, 5243.5950000000002547, 20.906312095464798517, 5243.5379999999995562, 1, 5243.5950000000002547, -15.265559938452627264, 5243.5950000000002547, -5.5542411350481133425, 5243.5950000000002547, 77.826904501293498129, 5243.5379999999995562, 1, 5243.5950000000002547, -14.440693279849508457, 5243.5950000000002547, 17.40932489524774951, 5243.5950000000002547, 0, 5243.5379999999995562, 0, 5243.5950000000002547, 0, 5243.5950000000002547, 0
5243.5950000000002547, 369.45909556694226694, 5243.5429999999996653, 0, 5243.5950000000002547, -123.82814481508515314, 5243.5950000000002547, -203.93366138688853084, 5243.5950000000002547, 4.1633296785106965743, 5243.5429999999996653, 1, 5243.5950000000002547, -3.0361285260731500912, 5243.5950000000002547, -2.7419514810110667824, 5243.5950000000002547, 68.850033665420539819, 5243.5429999999996653, 1, 5243.5950000000002547, -21.240295703962569718, 5243.5950000000002547, 13.199048041223189642, 5243.5950000000002547, 0, 5243.5429999999996653, 0, 5243.5950000000002547, 0, 5243.5950000000002547, 0
5243.6000000000003638, 332.36919219351057109, 5243.5479999999997744, 0, 5243.6000000000003638, -122.88091725300914447, 5243.6000000000003638, -159.99200536893590652, 5243.6000000000003638, 0, 5243.5479999999997744, 1, 5243.6000000000003638, 0, 5243.6000000000003638, 0, 5243.6000000000003638, 72.426037552666443275, 5243.5479999999997744, 1, 5243.6000000000003638, -29.847370582613962142, 5243.6000000000003638, 7.9220457381150986009, 5243.6000000000003638, 0, 5243.5479999999997744, 0, 5243.6000000000003638, 0, 5243.6000000000003638, 0
5243.6040000000002692, 251.51458335538200117, 5243.5529999999998836, 0, 5243.6040000000002692, -101.75865801337923244, 5243.6040000000002692, -72.891487325472127168, 5243.6040000000002692, 0, 5243.5529999999998836, 1, 5243.6040000000002692, 0, 5243.6040000000002692, 0, 5243.6040000000002692, 78.809131857488324613, 5243.5529999999998836, 1, 5243.6040000000002692, -32.792633191114305191, 5243.6040000000002692, 4.420816074673783902, 5243.6040000000002692, 0, 5243.5529999999998836, 0, 5243.6040000000002692, 0, 5243.6040000000002692, 0
5243.6099999999996726, 140.82632618177177619, 5243.5579999999999927, 0, 5243.6099999999996726, -64.708636497430020995, 5243.6099999999996726, -65.903188602408633301, 5243.6099999999996726, 0, 5243.5579999999999927, 1, 5243.6099999999996726, 0, 5243.6099999999996726, 0, 5243.6099999999996726, 65.12341439553034661, 5243.5579999999999927, 1, 5243.6099999999996726, -26.879142341892578116, 5243.6099999999996726, -15.352114763554165933, 5243.6099999999996726, 0, 5243.5579999999999927, 0, 5243.6099999999996726, 0, 5243.6099999999996726, 0
5243.6149999999997817, 33.507364307471171117, 5243.5630000000001019, 0, 5243.6149999999997817, -22.161481968273246679, 5243.6149999999997817, 16.93792430980246877, 5243.6149999999997817, 0, 5243.5630000000001019, 1, 5243.6149999999997817, 0, 5243.6149999999997817, 0, 5243.6149999999997817, 65.144816390270577244, 5243.5630000000001019, 1, 5243.6149999999997817, -22.567744017376213606, 5243.6149999999997817, -24.51023780859591028, 5243.6149999999997817, 0, 5243.5630000000001019, 0, 5243.6149999999997817, 0, 5243.6149999999997817, 0
5243.6199999999998909, 7.1767368432004277068, 5243.5690000000004147, 0, 5243.6199999999998909, -4.6375768631120921626, 5243.6199999999998909, 3.8800632627652058559, 5243.6199999999998909, 0, 5243.5690000000004147, 1, 5243.6199999999998909, 0, 5243.6199999999998909, 0, 5243.6199999999998909, 56.922105414640476795, 5243.5690000000004147, 1, 5243.6199999999998909, -17.167693726249883213, 5243.6199999999998909, -28.450327330709558993, 5243.6199999999998909, 0, 5243.5690000000004147, 0, 5243.6199999999998909, 0, 5243.6199999999998909, 0
5243.625, 7.4556618812415278463e-100, 5243.5730000000003201, 0, 5243.625, -4.7632537779785540594e-100, 5243.625, 3.9382096549741707512e-100, 5243.625, 0, 5243.5730000000003201, 1, 5243.625, 0, 5243.625, 0, 5243.625, 36.086896439171937345, 5243.5730000000003201, 1, 5243.625, -12.694861422594851064, 5243.625, -24.141576199295712968, 5243.625, 0, 5243.5730000000003201, 0, 5243.625, 0, 5243.625, 0
5243.6350000000002183, 0, 5243.5789999999997235, 0, 5243.6350000000002183, 0, 5243.6350000000002183, 0, 5243.6350000000002183, 0, 5243.5789999999997235, 1, 5243.6350000000002183, 0, 5243.6350000000002183, 0, 5243.6350000000002183, 28.255198930305212457, 5243.5789999999997235, 1, 5243.6350000000002183, -6.4294341695851464635, 5243.6350000000002183, -19.326512283093617128, 5243.6350000000002183, 65.732540195916129733, 5243.5789999999997235, 0, 5243.6350000000002183, -1.5770646272058832515, 5243.6350000000002183, -6.5090892359920289323
5243.6400000000003274, 0, 5243.5829999999996289, 0, 5243.6400000000003274, 0, 5243.6400000000003274, 0, 5243.6400000000003274, 0, 5243.5829999999996289, 1, 5243.6400000000003274, 0, 5243.6400000000003274, 0, 5243.6400000000003274, 18.828974940368286894, 5243.5829999999996289, 1, 5243.6400000000003274, -3.2796386280976630445, 5243.6400000000003274, -12.97666126729339986, 5243.6400000000003274, 17.313628604173437964, 5243.5829999999996289, 0, 5243.6400000000003274, -5.7714862433340980985, 5243.6400000000003274, 6.850754944611842312
5243.6450000000004366, 0, 5243.5879999999997381, 0, 5243.6450000000004366, 0, 5243.6450000000004366, 0, 5243.6450000000004366, 0, 5243.5879999999997381, 1, 5243.6450000000004366, 0, 5243.6450000000004366, 0, 5243.6450000000004366, 23.753080303996295441, 5243.5879999999997381, 1, 5243.6450000000004366, -3.1382342792405095722, 5243.6450000000004366, -16.469661548327959366, 5243.6450000000004366, 15.701903476896960754, 5243.5879999999997381, 0, 5243.6450000000004366, -2.7944821314525452038, 5243.6450000000004366, 5.6326140052650766066
5243.6450000000004366, 0, 5243.5940000000000509, 0, 5243.6450000000004366, 0, 5243.6450000000004366, 0, 5243.6450000000004366, 0, 5243.5940000000000509, 1, 5243.6450000000004366, 0, 5243.6450000000004366, 0, 5243.6450000000004366, 23.934903090877050147, 5243.5940000000000509, 1, 5243.6450000000004366, -3.8000777388453172989, 5243.6450000000004366, -16.777702012697670142, 5243.6450000000004366, 17.274662465807232081, 5243.5940000000000509, 0, 5243.6450000000004366, -4.4575315985478205505, 5243.6450000000004366, 6.1370575470778376825
5243.6549999999997453, 33.968264705396975955, 5243.5979999999999563, 0, 5243.6549999999997453, -22.700385795844418624, 5243.6549999999997453, 5.3085380808112940798, 5243.6549999999997453, 0, 5243.5979999999999563, 1, 5243.6549999999997453, 0, 5243.6549999999997453, 0, 5243.6549999999997453, 30.375023414870266691, 5243.5979999999999563, 1, 5243.6549999999997453, 0.52112808204951477364, 5243.6549999999997453, -17.548909218390775777, 5243.6549999999997453, 20.266600836486340143, 5243.5979999999999563, 0, 5243.6549999999997453, -0.91160368018824977643, 5243.6549999999997453, 8.515590568457556131
5243.6549999999997453, 55.575316078929773767, 5243.6030000000000655, 0, 5243.6549999999997453, -34.229502834088606278, 5243.6549999999997453, -0.2981878031126043993, 5243.6549999999997453, 0, 5243.6030000000000655, 1, 5243.6549999999997453, 0, 5243.6549999999997453, 0, 5243.6549999999997453, 33.546992691477470316, 5243.6030000000000655, 1, 5243.6549999999997453, -1.3899304112656452048, 5243.6549999999997453, -19.639044964065643484, 5243.6549999999997453, 23.708362198102104657, 5243.6030000000000655, 0, 5243.6549999999997453, -0.20291826021665698709, 5243.6549999999997453, 9.0207157380532514424
5243.6599999999998545, 68.146190319336582775, 5243.6080000000001746, 1, 5243.6599999999998545, -33.91273260630991615, 5243.6599999999998545, -2.237177520686422838, 5243.6599999999998545, 0, 5243.6080000000001746, 1, 5243.6599999999998545, 0, 5243.6599999999998545, 0, 5243.6599999999998545, 38.432729493325126668, 5243.6080000000001746, 1, 5243.6599999999998545, 3.116982136683349669, 5243.6599999999998545, -22.644588692450138723, 5243.6599999999998545, 26.452192304336787032, 5243.6080000000001746, 1, 5243.6599999999998545, 4.1385309859982601921, 5243.6599999999998545, 9.560864311989327291
5243.6649999999999636, 77.739128055231816461, 5243.6130000000002838, 1, 5243.6649999999999636, -37.057822046713816633, 5243.6649999999999636, -2.527646390879773719, 5243.6649999999999636, 0, 5243.6130000000002838, 1, 5243.6649999999999636, 0, 5243.6649999999999636, 0, 5243.6649999999999636, 36.675919320677465407, 5243.6130000000002838, 1, 5243.6649999999999636, -0.93288155495564961672, 5243.6649999999999636, -21.969174859418028944, 5243.6649999999999636, 29.190527448860891013, 5243.6130000000002838, 1, 5243.6649999999999636, 2.526718207601065469, 5243.6649999999999636, 11.375851949775299232
5243.6700000000000728, 83.445958681615991281, 5243.6180000000003929, 1, 5243.6700000000000728, -36.365895627614833074, 5243.6700000000000728, -2.546320322234585376, 5243.6700000000000728, 0, 5243.6180000000003929, 1, 5243.6700000000000728, 0, 5243.6700000000000728, 0, 5243.6700000000000728, 40.058600188010444754, 5243.6180000000003929, 1, 5243.6700000000000728, 2.0637269115867522551, 5243.6700000000000728, -24.204636852333745622, 5243.6700000000000728, 32.729043266314235439, 5243.6180000000003929, 1, 5243.6700000000000728, 5.3614141661476653056, 5243.6700000000000728, 12.075023559178438504
5243.6750000000001819, 90.06899540264490156, 5243.6229999999995925, 1, 5243.6750000000001819, -38.717522982887089711, 5243.6750000000001819, -2.2613852749935929864, 5243.6750000000001819, 0, 5243.6229999999995925, 1, 5243.6750000000001819, 0, 5243.6750000000001819, 0, 5243.6750000000001819, 37.54858756209779358, 5243.6229999999995925, 1, 5243.6750000000001819, -2.267439140643228157, 5243.6750000000001819, -23.059077950376398292, 5243.6750000000001819, 36.037113879375276326, 5243.6229999999995925, 1, 5243.6750000000001819, 3.4050807397373712426, 5243.6750000000001819, 13.646500461511116953
5243.680000000000291, 93.543761064884364487, 5243.6279999999997017, 1, 5243.680000000000291, -37.360384493658337135, 5243.680000000000291, -1.8363724925279640843, 5243.680000000000291, 0, 5243.6279999999997017, 1, 5243.680000000000291, 0, 5243.680000000000291, 0, 5243.680000000000291, 40.569723459117355446, 5243.6279999999997017, 1, 5243.680000000000291, 0.77549111926633129688, 5243.680000000000291, -25.11657973063006466, 5243.680000000000291, 39.846206609145966127, 5243.6279999999997017, 1, 5243.680000000000291, 6.2699004804504916422, 5243.680000000000291, 14.208598051901553561
5243.6890000000003056, 90.432671290285725263, 5243.6340000000000146, 1, 5243.6890000000003056, -29.838505206546503956, 5243.6890000000003056, 2.330955396059160023, 5243.6890000000003056, 134.18375031278844745, 5243.6340000000000146, 1, 5243.6890000000003056, 15.478027982009001207, 5243.6890000000003056, 34.49874737608513442, 5243.6890000000003056, 74.888137855852846769, 5243.6340000000000146, 1, 5243.6890000000003056, -5.9170908267349586751, 5243.6890000000003056, 25.018612045231261476, 5243.6890000000003056, 41.88263841454566716, 5243.6340000000000146, 1, 5243.6890000000003056, 9.5595806218389558495, 5243.6890000000003056, 15.780510632850617725
5243.6890000000003056, 45.752725705155029345, 5243.6390000000001237, 1, 5243.6890000000003056, -14.776983213240175274, 5243.6890000000003056, -5.1573916350748092441, 5243.6890000000003056, 158.5763222352181856, 5243.6390000000001237, 1, 5243.6890000000003056, 30.14366650132159009, 5243.6890000000003056, 137.83100742064533506, 5243.6890000000003056, 176.91852008527806106, 5243.6390000000001237, 1, 5243.6890000000003056, -25.139636620083301466, 5243.6890000000003056, 141.97958057585466918, 5243.6890000000003056, 89.577469970812416022, 5243.6390000000001237, 1, 5243.6890000000003056, 21.055577532935458862, 5243.6890000000003056, -9.6232075408206725342
5243.6940000000004147, 20.875170386322977834, 5243.6430000000000291, 1, 5243.6940000000004147, -13.013081542304851368, 5243.6940000000004147, -6.3041002579156462104, 5243.6940000000004147, 13.754013244506962721, 5243.6430000000000291, 1, 5243.6940000000004147, 1.3921386584895629746, 5243.6940000000004147, 11.534561748495036682, 5243.6940000000004147, 64.59404942087135737, 5243.6430000000000291, 1, 5243.6940000000004147, -0.81642201637201006204, 5243.6940000000004147, 50.05381149964594556, 5243.6940000000004147, 96.330377823078549682, 5243.6430000000000291, 1, 5243.6940000000004147, 21.398396013941848537, 5243.6940000000004147, -17.48494392668148123
5243.6999999999998181, 35.315479145913691639, 5243.649000000000342, 1, 5243.6999999999998181, -16.828606869293281534, 5243.6999999999998181, -7.2978462932918475303, 5243.6999999999998181, 0, 5243.649000000000342, 1, 5243.6999999999998181, 0, 5243.6999999999998181, 0, 5243.6999999999998181, 1.3440540586389466693, 5243.649000000000342, 1, 5243.6999999999998181, 0.83655595237669566622, 5243.6999999999998181, 1.0118665371404194087, 5243.6999999999998181, 88.669035638212122308, 5243.649000000000342, 1, 5243.6999999999998181, 19.083899704484945659, 5243.6999999999998181, -12.674626049218069568
5243.7049999999999272, 56.252785664366967922, 5243.6540000000004511, 1, 5243.7049999999999272, -14.761155177867788524, 5243.7049999999999272, -8.1297627461760946233, 5243.7049999999999272, 0, 5243.6540000000004511, 1, 5243.7049999999999272, 0, 5243.7049999999999272, 0, 5243.7049999999999272, 0, 5243.6540000000004511, 1, 5243.7049999999999272, 0, 5243.7049999999999272, 0, 5243.7049999999999272, 80.108282649017183985, 5243.6540000000004511, 1, 5243.7049999999999272, 22.401400011462190065, 5243.7049999999999272, -6.2799472824239330748
5243.7089999999998327, 71.646188762181651555, 5243.6580000000003565, 1, 5243.7089999999998327, -16.775447730004522384, 5243.7089999999998327, -9.0477757184901683729, 5243.7089999999998327, 0, 5243.6580000000003565, 1, 5243.7089999999998327, 0, 5243.7089999999998327, 0, 5243.7089999999998327, 0, 5243.6580000000003565, 1, 5243.7089999999998327, 0, 5243.7089999999998327, 0, 5243.7089999999998327, 80.628181923129261577, 5243.6580000000003565, 1, 5243.7089999999998327, 19.10515697710943428, 5243.7089999999998327, -3.1733029655387028356
5243.7150000000001455, 82.278877401712350093, 5243.6629999999995562, 1, 5243.7150000000001455, -16.211583389460948013, 5243.7150000000001455, -8.1144550816560467865, 5243.7150000000001455, 0, 5243.6629999999995562, 1, 5243.7150000000001455, 0, 5243.7150000000001455, 0, 5243.7150000000001455, 0, 5243.6629999999995562, 1, 5243.7150000000001455, 0, 5243.7150000000001455, 0, 5243.7150000000001455, 74.109525227892632415, 5243.6629999999995562, 1, 5243.7150000000001455, 20.018902822360512772, 5243.7150000000001455, 2.541838552797294426
5243.7250000000003638, 89.489626006479937814, 5243.6679999999996653, 1, 5243.7250000000003638, -17.321529439613268408, 5243.7250000000003638, -10.289567961198081036, 5243.7250000000003638, 0, 5243.6679999999996653, 1, 5243.7250000000003638, 0, 5243.7250000000003638, 0, 5243.7250000000003638, 0, 5243.6679999999996653, 1, 5243.7250000000003638, 0, 5243.7250000000003638, 0, 5243.7250000000003638, 82.059724675342351929, 5243.6679999999996653, 1, 5243.7250000000003638, 15.823229830993373213, 5243.7250000000003638, 0.86610005852504201584
5243.7250000000003638, 95.042256521747574993, 5243.6729999999997744, 1, 5243.7250000000003638, -15.876977302280955939, 5243.7250000000003638, -9.4783592599379034027, 5243.7250000000003638, 0, 5243.6729999999997744, 1, 5243.7250000000003638, 0, 5243.7250000000003638, 0, 5243.7250000000003638, 0, 5243.6729999999997744, 1, 5243.7250000000003638, 0, 5243.7250000000003638, 0, 5243.7250000000003638, 77.888436692601487721, 5243.6729999999997744, 1, 5243.7250000000003638, 17.227049317883651014, 5243.7250000000003638, 5.1446883488288577269
5243.7299999999995634, 100.24597319666899864, 5243.6779999999998836, 1, 5243.7299999999995634, -19.560898913481789663, 5243.7299999999995634, -3.1493826457258364826, 5243.7299999999995634, 0, 5243.6779999999998836, 1, 5243.7299999999995634, 0, 5243.7299999999995634, 0, 5243.7299999999995634, 0, 5243.6779999999998836, 1, 5243.7299999999995634, 0, 5243.7299999999995634, 0, 5243.7299999999995634, 83.758543915403009805, 5243.6779999999998836, 1, 5243.7299999999995634, 13.082469767191660992, 5243.7299999999995634, 11.123025628897991623
5243.7349999999996726, 103.25454934165128407, 5243.6829999999999927, 1, 5243.7349999999996726, -17.559453192757842999, 5243.7349999999996726, -1.9399722296726196191, 5243.7349999999996726, 0, 5243.6829999999999927, 0, 5243.7349999999996726, 0, 5243.7349999999996726, 0, 5243.7349999999996726, 0, 5243.6829999999999927, 0, 5243.7349999999996726, 0, 5243.7349999999996726, 0, 5243.7349999999996726, 79.141366917948914761, 5243.6829999999999927, 1, 5243.7349999999996726, 14.677170523594709195, 5243.7349999999996726, 14.772587407716152086
5243.7399999999997817, 106.49346561311456583, 5243.6890000000003056, 1, 5243.7399999999997817, -19.229980397829130823, 5243.7399999999997817, -2.1479001858061081975, 5243.7399999999997817, 0, 5243.6890000000003056, 0, 5243.7399999999997817, 0, 5243.7399999999997817, 0, 5243.7399999999997817, 0, 5243.6890000000003056, 0, 5243.7399999999997817, 0, 5243.7399999999997817, 0, 5243.7399999999997817, 84.794676357182439119, 5243.6890000000003056, 1, 5243.7399999999997817, 10.288151467830731534, 5243.7399999999997817, 15.017732698355729326
5243.7449999999998909, 107.51531478286177901, 5243.693000000000211, 1, 5243.7449999999998909, -16.612997486680679771, 5243.7449999999998909, -1.0863517747972366578, 5243.7449999999998909, 0, 5243.693000000000211, 0, 5243.7449999999998909, 0, 5243.7449999999998909, 0, 5243.7449999999998909, 0, 5243.693000000000211, 0, 5243.7449999999998909, 0, 5243.7449999999998909, 0, 5243.7449999999998909, 80.999991593564686809, 5243.693000000000211, 1, 5243.7449999999998909, 12.23565975147867313, 5243.7449999999998909, 18.109479647827715354
5243.75, 109.21503360146434147, 5243.6989999999996144, 1, 5243.75, -17.980400039350282526, 5243.75, -1.4035005661709618607, 5243.75, 0, 5243.6989999999996144, 0, 5243.75, 0, 5243.75, 0, 5243.75, 0, 5243.6989999999996144, 0, 5243.75, 0, 5243.75, 0, 5243.75, 87.179284559582796987, 5243.6989999999996144, 1, 5243.75, 8.0773720609863364217, 5243.75, 17.874566842629477037
5243.7600000000002183, 109.3632732434822401, 5243.7030000000004293, 1, 5243.7600000000002183, -15.012486250791187814, 5243.7600000000002183, 0.3368846349818568342, 5243.7600000000002183, 0, 5243.7030000000004293, 0, 5243.7600000000002183, 0, 5243.7600000000002183, 0, 5243.7600000000002183, 0, 5243.7030000000004293, 0, 5243.7600000000002183, 0, 5243.7600000000002183, 0, 5243.7600000000002183, 85.02859856857065779, 5243.7030000000004293, 1, 5243.7600000000002183, 10.154430340833059176, 5243.7600000000002183, 14.752979115957685963
5243.7600000000002183, 109.87072859027075822, 5243.7089999999998327, 1, 5243.7600000000002183, -16.067506935816670222, 5243.7600000000002183, -0.121998624147003909, 5243.7600000000002183, 0, 5243.7089999999998327, 0, 5243.7600000000002183, 0, 5243.7600000000002183, 0, 5243.7600000000002183, 0, 5243.7089999999998327, 0, 5243.7600000000002183, 0, 5243.7600000000002183, 0, 5243.7600000000002183, 91.706147038673449856, 5243.7089999999998327, 1, 5243.7600000000002183, 6.2596627653874179487, 5243.7600000000002183, 13.608524055233694128
5243.7650000000003274, 109.51120194032506561, 5243.7129999999997381, 1, 5243.7650000000003274, -12.219383025841191071, 5243.7650000000003274, -2.829535486007834777, 5243.7650000000003274, 0, 5243.7129999999997381, 0, 5243.7650000000003274, 0, 5243.7650000000003274, 0, 5243.7650000000003274, 0, 5243.7129999999997381, 0, 5243.7650000000003274, 0, 5243.7650000000003274, 0, 5243.7650000000003274, 87.541645663444001002, 5243.7129999999997381, 1, 5243.7650000000003274, 9.3592398928484143994, 5243.7650000000003274, 18.846947709006819593
5243.7749999999996362, 110.12962578677493752, 5243.7179999999998472, 1, 5243.7749999999996362, -14.210063607738465663, 5243.7749999999996362, 6.1589701111639101327, 5243.7749999999996362, 0, 5243.7179999999998472, 0, 5243.7749999999996362, 0, 5243.7749999999996362, 0, 5243.7749999999996362, 0, 5243.7179999999998472, 0, 5243.7749999999996362, 0, 5243.7749999999996362, 0, 5243.7749999999996362, 92.587012913275344772, 5243.7179999999998472, 1, 5243.7749999999996362, 4.9600493370649108016, 5243.7749999999996362, 27.331594850191422097
5243.7749999999996362, 108.93056071456771861, 5243.7229999999999563, 1, 5243.7749999999996362, -10.66292858931569576, 5243.7749999999996362, 7.0233101324680191624, 5243.7749999999996362, 0, 5243.7229999999999563, 0, 5243.7749999999996362, 0, 5243.7749999999996362, 0, 5243.7749999999996362, 0, 5243.7229999999999563, 0, 5243.7749999999996362, 0, 5243.7749999999996362, 0, 5243.7749999999996362, 87.886247661859499658, 5243.7229999999999563, 1, 5243.7749999999996362, 7.9922627733420883445, 5243.7749999999996362, 29.75718536803966785
5243.7799999999997453, 109.18848409636709107, 5243.7280000000000655, 1, 5243.7799999999997453, -12.002811701458108828, 5243.7799999999997453, 6.2120253660619866309, 5243.7799999999997453, 0, 5243.7280000000000655, 0, 5243.7799999999997453, 0, 5243.7799999999997453, 0, 5243.7799999999997453, 0, 5243.7280000000000655, 0, 5243.7799999999997453, 0, 5243.7799999999997453, 0, 5243.7799999999997453, 96.268867229947346686, 5243.7280000000000655, 1, 5243.7799999999997453, 4.0588660069240001249, 5243.7799999999997453, 28.718892825313730555
5243.7910000000001673, 107.90618351801822428, 5243.7330000000001746, 1, 5243.7910000000001673, -8.6070314172929371921, 5243.7910000000001673, 11.089375509812946063, 5243.7910000000001673, 0, 5243.7330000000001746, 0, 5243.7910000000001673, 0, 5243.7910000000001673, 0, 5243.7910000000001673, 0, 5243.7330000000001746, 0, 5243.7910000000001673, 0, 5243.7910000000001673, 0, 5243.7910000000001673, 91.284876100396417087, 5243.7330000000001746, 1, 5243.7910000000001673, 7.0698202687633617813, 5243.7910000000001673, 34.335608471137561537
5243.7950000000000728, 107.12307502210157395, 5243.7380000000002838, 1, 5243.7950000000000728, -8.5179947823988939604, 5243.7950000000000728, 11.349537473271105625, 5243.7950000000000728, 0, 5243.7380000000002838, 0, 5243.7950000000000728, 0, 5243.7950000000000728, 0, 5243.7950000000000728, 0, 5243.7380000000002838, 0, 5243.7950000000000728, 0, 5243.7950000000000728, 0, 5243.7950000000000728, 98.106460897859278703, 5243.7380000000002838, 1, 5243.7950000000000728, 3.6555444397488900954, 5243.7950000000000728, 34.31270208426145274
5243.7950000000000728, 106.80178595208587922, 5243.7430000000003929, 1, 5243.7950000000000728, -7.6011888808650081018, 5243.7950000000000728, 11.019784562387648919, 5243.7950000000000728, 0, 5243.7430000000003929, 0, 5243.7950000000000728, 0, 5243.7950000000000728, 0, 5243.7950000000000728, 0, 5243.7430000000003929, 0, 5243.7950000000000728, 0, 5243.7950000000000728, 0, 5243.7950000000000728, 95.413339994805426159, 5243.7430000000003929, 1, 5243.7950000000000728, 6.5511543484615817334, 5243.7950000000000728, 35.76397201461050912
5243.8040000000000873, 105.51597298883120857, 5243.7479999999995925, 1, 5243.8040000000000873, -7.2708525722112637979, 5243.8040000000000873, 10.361624719889199753, 5243.8040000000000873, 0, 5243.7479999999995925, 0, 5243.8040000000000873, 0, 5243.8040000000000873, 0, 5243.8040000000000873, 0, 5243.7479999999995925, 0, 5243.8040000000000873, 0, 5243.8040000000000873, 0, 5243.8040000000000873, 102.46717667190520729, 5243.7479999999995925, 1, 5243.8040000000000873, 3.3879470008399423797, 5243.8040000000000873, 34.937671986046943573
5243.8040000000000873, 104.6766292885272378, 5243.7529999999997017, 1, 5243.8040000000000873, -5.0605599301457102612, 5243.8040000000000873, 10.364013010643184032, 5243.8040000000000873, 0, 5243.7529999999997017, 0, 5243.8040000000000873, 0, 5243.8040000000000873, 0, 5243.8040000000000873, 0, 5243.7529999999997017, 0, 5243.8040000000000873, 0, 5243.8040000000000873, 0, 5243.8040000000000873, 100.42742203416098334, 5243.7529999999997017, 1, 5243.8040000000000873, 6.3501590152138804868, 5243.8040000000000873, 36.072694969061188885
5243.8100000000004002, 104.09583822255578411, 5243.7579999999998108, 1, 5243.8100000000004002, -4.1708460577641028877, 5243.8100000000004002, 9.9589294088599942256, 5243.8100000000004002, 0, 5243.7579999999998108, 0, 5243.8100000000004002, 0, 5243.8100000000004002, 0, 5243.8100000000004002, 0, 5243.7579999999998108, 0, 5243.8100000000004002, 0, 5243.8100000000004002, 0, 5243.8100000000004002, 105.63819869134908913, 5243.7579999999998108, 1, 5243.8100000000004002, 3.2811021096736499025, 5243.8100000000004002, 35.385773186113461009
5243.8149999999995998, 104.42954971564446964, 5243.7640000000001237, 1, 5243.8149999999995998, -1.9782450533200930387, 5243.8149999999995998, 9.8650223906917346994, 5243.8149999999995998, 0, 5243.7640000000001237, 0, 5243.8149999999995998, 0, 5243.8149999999995998, 0, 5243.8149999999995998, 0, 5243.7640000000001237, 0, 5243.8149999999995998, 0, 5243.8149999999995998, 0, 5243.8149999999995998, 103.95057368077036131, 5243.7640000000001237, 1, 5243.8149999999995998, 5.9344242795248982603, 5243.8149999999995998, 36.414380287462734032
5243.819999999999709, 102.60146846822428301, 5243.7680000000000291, 1, 5243.819999999999709, -3.7403022998309003455, 5243.819999999999709, 8.9458131735646446714, 5243.819999999999709, 0, 5243.7680000000000291, 0, 5243.819999999999709, 0, 5243.819999999999709, 0, 5243.819999999999709, 0, 5243.7680000000000291, 0, 5243.819999999999709, 0, 5243.819999999999709, 0, 5243.819999999999709, 108.82401928537527169, 5243.7680000000000291, 1, 5243.819999999999709, 2.2919454354944490682, 5243.819999999999709, 35.589159100109213796
5243.8249999999998181, 103.11421627320717676, 5243.774000000000342, 1, 5243.8249999999998181, 0.71185738429813816275, 5243.8249999999998181, 9.1146090699972432958, 5243.8249999999998181, 0, 5243.774000000000342, 0, 5243.8249999999998181, 0, 5243.8249999999998181, 0, 5243.8249999999998181, 0, 5243.774000000000342, 0, 5243.8249999999998181, 0, 5243.8249999999998181, 0, 5243.8249999999998181, 105.9284940328941218, 5243.774000000000342, 1, 5243.8249999999998181, 6.2865124427819178976, 5243.8249999999998181, 36.682861790194309037
5243.8299999999999272, 101.33322283781254214, 5243.7780000000002474, 1, 5243.8299999999999272, -2.9957382426353635907, 5243.8299999999999272, 8.1806598497662577074, 5243.8299999999999272, 0, 5243.7780000000002474, 0, 5243.8299999999999272, 0, 5243.8299999999999272, 0, 5243.8299999999999272, 0, 5243.7780000000002474, 0, 5243.8299999999999272, 0, 5243.8299999999999272, 0, 5243.8299999999999272, 111.01925003312555873, 5243.7780000000002474, 1, 5243.8299999999999272, 0.97970439922493957052, 5243.8299999999999272, 35.662106703654494311
5243.8350000000000364, 102.37432166936508793, 5243.7830000000003565, 1, 5243.8350000000000364, 1.768639440609073743, 5243.8350000000000364, 4.5955943340942653208, 5243.8350000000000364, 0, 5243.7830000000003565, 0, 5243.8350000000000364, 0, 5243.8350000000000364, 0, 5243.8350000000000364, 0, 5243.7830000000003565, 0, 5243.8350000000000364, 0, 5243.8350000000000364, 0, 5243.8350000000000364, 109.73222304953077355, 5243.7830000000003565, 1, 5243.8350000000000364, 8.9305321124181418213, 5243.8350000000000364, 27.398085347137978829
5243.8400000000001455, 100.05244831023139795, 5243.7889999999997599, 1, 5243.8400000000001455, -4.1754064191979374243, 5243.8400000000001455, 4.4722136977518260892, 5243.8400000000001455, 0, 5243.7889999999997599, 0, 5243.8400000000001455, 0, 5243.8400000000001455, 0, 5243.8400000000001455, 0, 5243.7889999999997599, 0, 5243.8400000000001455, 0, 5243.8400000000001455, 0, 5243.8400000000001455, 115.37751687580056625, 5243.7889999999997599, 1, 5243.8400000000001455, 1.889471011043843518, 5243.8400000000001455, 26.228034707249456403
5243.8500000000003638, 102.58672261865342534, 5243.7929999999996653, 1, 5243.8500000000003638, 3.470127807835200251, 5243.8500000000003638, 4.4344509881035349963, 5243.8500000000003638, 0, 5243.7929999999996653, 0, 5243.8500000000003638, 0, 5243.8500000000003638, 0, 5243.8500000000003638, 0, 5243.7929999999996653, 0, 5243.8500000000003638, 0, 5243.8500000000003638, 0, 5243.8500000000003638, 111.67851156210572583, 5243.7929999999996653, 1, 5243.8500000000003638, 8.8785695279204350783, 5243.8500000000003638, 27.515375866741905497
5243.8500000000003638, 99.563898738712040881, 5243.7979999999997744, 1, 5243.8500000000003638, -3.2245652311255637024, 5243.8500000000003638, 3.7544249236780942169, 5243.8500000000003638, 0, 5243.7979999999997744, 0, 5243.8500000000003638, 0, 5243.8500000000003638, 0, 5243.8500000000003638, 0, 5243.7979999999997744, 0, 5243.8500000000003638, 0, 5243.8500000000003638, 0, 5243.8500000000003638, 115.48378205067866986, 5243.7979999999997744, 1, 5243.8500000000003638, 1.2782623165477120519, 5243.8500000000003638, 26.196194766392139286
5243.8549999999995634, 101.2001348989305427, 5243.8029999999998836, 1, 5243.8549999999995634, 4.1833897952471943427, 5243.8549999999995634, 3.3983481493655176564, 5243.8549999999995634, 0, 5243.8029999999998836, 0, 5243.8549999999995634, 0, 5243.8549999999995634, 0, 5243.8549999999995634, 0, 5243.8029999999998836, 0, 5243.8549999999995634, 0, 5243.8549999999995634, 0, 5243.8549999999995634, 113.20307843842371653, 5243.8029999999998836, 1, 5243.8549999999995634, 8.1684771264406528246, 5243.8549999999995634, 26.785162531820184029
5243.8649999999997817, 99.300406234042384312, 5243.8090000000001965, 1, 5243.8649999999997817, 1.0544137938888948902, 5243.8649999999997817, 2.7266382911444679849, 5243.8649999999997817, 0, 5243.8090000000001965, 0, 5243.8649999999997817, 0, 5243.8649999999997817, 0, 5243.8649999999997817, 0, 5243.8090000000001965, 0, 5243.8649999999997817, 0, 5243.8649999999997817, 0, 5243.8649999999997817, 117.04666999020116691, 5243.8090000000001965, 1, 5243.8649999999997817, 2.1641755363680523772, 5243.8649999999997817, 25.278318864819304679
5243.8649999999997817, 99.487247543442421716, 5243.8130000000001019, 1, 5243.8649999999997817, 1.5773512622443144338, 5243.8649999999997817, 1.9691691017575081446, 5243.8649999999997817, 0, 5243.8130000000001019, 0, 5243.8649999999997817, 0, 5243.8649999999997817, 0, 5243.8649999999997817, 0, 5243.8130000000001019, 0, 5243.8649999999997817, 0, 5243.8649999999997817, 0, 5243.8649999999997817, 115.81094723779631295, 5243.8130000000001019, 1, 5243.8649999999997817, 6.7385261091272727896, 5243.8649999999997817, 25.344676747250481696
5243.875, 97.98966361717114637, 5243.818000000000211, 1, 5243.875, 1.3138158742728478501, 5243.875, 1.0341581075405770207, 5243.875, 0, 5243.818000000000211, 0, 5243.875, 0, 5243.875, 0, 5243.875, 0, 5243.818000000000211, 0, 5243.875, 0, 5243.875, 0, 5243.875, 118.52054569563563291, 5243.818000000000211, 1, 5243.875, 3.6972235666895150175, 5243.875, 23.905471366210690576
5243.875, 99.218364562740447354, 5243.8230000000003201, 1, 5243.875, 4.2760140300570155247, 5243.875, -2.7315360661418992549, 5243.875, 0, 5243.8230000000003201, 0, 5243.875, 0, 5243.875, 0, 5243.875, 0, 5243.8230000000003201, 0, 5243.875, 0, 5243.875, 0, 5243.875, 120.57920866091505729, 5243.8230000000003201, 1, 5243.875, 7.1061840967172944517, 5243.875, 20.188997485265552712
5243.8800000000001091, 97.833271013645614289, 5243.8280000000004293, 1, 5243.8800000000001091, 1.9881779699796278127, 5243.8800000000001091, 6.0564790343849495002, 5243.8800000000001091, 0, 5243.8280000000004293, 0, 5243.8800000000001091, 0, 5243.8800000000001091, 0, 5243.8800000000001091, 0, 5243.8280000000004293, 0, 5243.8800000000001091, 0, 5243.8800000000001091, 0, 5243.8800000000001091, 118.44265018450403204, 5243.8280000000004293, 1, 5243.8800000000001091, 5.3470992182150496319, 5243.8800000000001091, 28.602120199238719067
5243.8850000000002183, 96.600098323816681045, 5243.8329999999996289, 1, 5243.8850000000002183, 5.4238152036467512929, 5243.8850000000002183, 12.509621984582970811, 5243.8850000000002183, 0, 5243.8329999999996289, 0, 5243.8850000000002183, 0, 5243.8850000000002183, 0, 5243.8850000000002183, 0, 5243.8329999999996289, 0, 5243.8850000000002183, 0, 5243.8850000000002183, 0, 5243.8850000000002183, 115.63885505200542525, 5243.8329999999996289, 1, 5243.8850000000002183, 3.1498085834059521559, 5243.8850000000002183, 44.424340662747596298
5243.8900000000003274, 96.25439574788435948, 5243.8379999999997381, 1, 5243.8900000000003274, 6.0499889510452513619, 5243.8900000000003274, 13.953362710378009126, 5243.8900000000003274, 0, 5243.8379999999997381, 0, 5243.8900000000003274, 0, 5243.8900000000003274, 0, 5243.8900000000003274, 0, 5243.8379999999997381, 0, 5243.8900000000003274, 0, 5243.8900000000003274, 0, 5243.8900000000003274, 115.37677807754543835, 5243.8379999999997381, 1, 5243.8900000000003274, 2.7989150229908092982, 5243.8900000000003274, 46.675174519012365693
5243.8950000000004366, 94.983374100375073112, 5243.8429999999998472, 1, 5243.8950000000004366, 6.6126343832134537593, 5243.8950000000004366, 12.180968262483062858, 5243.8950000000004366, 0, 5243.8429999999998472, 0, 5243.8950000000004366, 0, 5243.8950000000004366, 0, 5243.8950000000004366, 0, 5243.8429999999998472, 0, 5243.8950000000004366, 0, 5243.8950000000004366, 0, 5243.8950000000004366, 117.26806236908456071, 5243.8429999999998472, 1, 5243.8950000000004366, 3.2176008427485518482, 5243.8950000000004366, 44.87466724714844446
5243.8999999999996362, 94.339821713149376592, 5243.8479999999999563, 1, 5243.8999999999996362, 6.9911108819378684487, 5243.8999999999996362, 10.163450508246967274, 5243.8999999999996362, 0, 5243.8479999999999563, 0, 5243.8999999999996362, 0, 5243.8999999999996362, 0, 5243.8999999999996362, 0, 5243.8479999999999563, 0, 5243.8999999999996362, 0, 5243.8999999999996362, 0, 5243.8999999999996362, 118.64444984039147357, 5243.8479999999999563, 1, 5243.8999999999996362, 3.2657675411907569618, 5243.8999999999996362, 43.175767920621218821
5243.9049999999997453, 93.782369106785552049, 5243.8530000000000655, 1, 5243.9049999999997453, 7.6252222174298918134, 5243.9049999999997453, 8.0632488440740957003, 5243.9049999999997453, 0, 5243.8530000000000655, 0, 5243.9049999999997453, 0, 5243.9049999999997453, 0, 5243.9049999999997453, 0, 5243.8530000000000655, 0, 5243.9049999999997453, 0, 5243.9049999999997453, 0, 5243.9049999999997453, 121.69097645037408029, 5243.8530000000000655, 1, 5243.9049999999997453, 3.9231395906196082635, 5243.9049999999997453, 41.370399756874476793
5243.9120000000002619, 93.403652817620766768, 5243.8580000000001746, 1, 5243.9120000000002619, 7.8369881284719653536, 5243.9120000000002619, 6.2890057729230477435, 5243.9120000000002619, 0, 5243.8580000000001746, 0, 5243.9120000000002619, 0, 5243.9120000000002619, 0, 5243.9120000000002619, 0, 5243.8580000000001746, 0, 5243.9120000000002619, 0, 5243.9120000000002619, 0, 5243.9120000000002619, 121.82209081745077128, 5243.8580000000001746, 1, 5243.9120000000002619, 3.5975062518565956715, 5243.9120000000002619, 39.537567549767608455
5243.9149999999999636, 93.281952692409092265, 5243.8630000000002838, 1, 5243.9149999999999636, 7.7721098156397863121, 5243.9149999999999636, 5.1921300958436020778, 5243.9149999999999636, 0, 5243.8630000000002838, 0, 5243.9149999999999636, 0, 5243.9149999999999636, 0, 5243.9149999999999636, 0, 5243.8630000000002838, 0, 5243.9149999999999636, 0, 5243.9149999999999636, 0, 5243.9149999999999636, 117.87659275889640753, 5243.8630000000002838, 1, 5243.9149999999999636, 2.4546144654027508558, 5243.9149999999999636, 38.104217354151494135
5243.9200000000000728, 94.75291891760932117, 5243.8689999999996871, 1, 5243.9200000000000728, 8.0568179886244273291, 5243.9200000000000728, 9.4257768138531830004, 5243.9200000000000728, 0, 5243.8689999999996871, 0, 5243.9200000000000728, 0, 5243.9200000000000728, 0, 5243.9200000000000728, 0, 5243.8689999999996871, 0, 5243.9200000000000728, 0, 5243.9200000000000728, 0, 5243.9200000000000728, 116.1172313522947519, 5243.8689999999996871, 1, 5243.9200000000000728, 3.2966106778974118008, 5243.9200000000000728, 43.802257557849564762
5243.9250000000001819, 95.130392836990466776, 5243.8729999999995925, 1, 5243.9250000000001819, 7.0463311516797917378, 5243.9250000000001819, 8.3852341394834155608, 5243.9250000000001819, 0, 5243.8729999999995925, 0, 5243.9250000000001819, 0, 5243.9250000000001819, 0, 5243.9250000000001819, 284.11306644306552016, 5243.8729999999995925, 0, 5243.9250000000001819, -19.624889130257539449, 5243.9250000000001819, -85.36226171953316566, 5243.9250000000001819, 116.16512487130937359, 5243.8729999999995925, 1, 5243.9250000000001819, 0.76009167794419696396, 5243.9250000000001819, 42.518157475254412248
5243.930000000000291, 87.918268105345617869, 5243.8789999999999054, 1, 5243.930000000000291, -4.1374116414773451922, 5243.930000000000291, 18.54893522787581972, 5243.930000000000291, 286.97086369134774486, 5243.8789999999999054, 0, 5243.930000000000291, 31.607540725736967602, 5243.930000000000291, -42.724689230767069148, 5243.930000000000291, 297.88438013707610708, 5243.8789999999999054, 0, 5243.930000000000291, -69.441021285030871013, 5243.930000000000291, -64.970621389985893757, 5243.930000000000291, 50.886127631179988384, 5243.8789999999999054, 1, 5243.930000000000291, -21.969107050466725184, 5243.930000000000291, 34.171491420685313756
5243.9409999999998035, 39.450708414434529914, 5243.8840000000000146, 1, 5243.9409999999998035, 14.100070304309483049, 5243.9409999999998035, 17.070709262145442153, 5243.9409999999998035, 232.13071226981489303, 5243.8840000000000146, 0, 5243.9409999999998035, 44.427427203817067891, 5243.9409999999998035, -42.932612727065588842, 5243.9409999999998035, 160.2835612243569301, 5243.8840000000000146, 0, 5243.9409999999998035, -35.548303864984902134, 5243.9409999999998035, -17.096528179247471257, 5243.9409999999998035, 9.3934526736252870194, 5243.8840000000000146, 1, 5243.9409999999998035, -6.3753451682667465761, 5243.9409999999998035, 8.0632546398472975113
5243.9409999999998035, 7.7865062400697873102, 5243.88799999999992, 1, 5243.9409999999998035, 5.4715333369567087374, 5243.9409999999998035, 5.0641461899204101016, 5243.9409999999998035, 116.36135164372643658, 5243.88799999999992, 0, 5243.9409999999998035, 18.168502744388142389, 5243.9409999999998035, 20.805819868568399045, 5243.9409999999998035, 94.455520645016832759, 5243.88799999999992, 0, 5243.9409999999998035, -21.664907007758472446, 5243.9409999999998035, 33.074257597787550367, 5243.9409999999998035, 16.940661522727619825, 5243.88799999999992, 1, 5243.9409999999998035, -8.2759498900293095858, 5243.9409999999998035, 13.77774554671186813
5243.944999999999709, 1.2929603954024697643, 5243.8930000000000291, 1, 5243.944999999999709, 0.89894314399444541497, 5243.944999999999709, 0.82308694412543537133, 5243.944999999999709, 57.355999963039529632, 5243.8930000000000291, 0, 5243.944999999999709, 10.213653279950964503, 5243.944999999999709, 17.405463573207800465, 5243.944999999999709, 74.620192995501469113, 5243.8930000000000291, 0, 5243.944999999999709, -10.659999804183371452, 5243.944999999999709, 17.421314117202665983, 5243.944999999999709, 26.8513924244477451, 5243.8930000000000291, 1, 5243.944999999999709, 1.0069548652476554285, 5243.944999999999709, 20.215652815836918421
5243.9499999999998181, 2.0130040521612153626, 5243.8980000000001382, 1, 5243.9499999999998181, 1.4299694164470548863, 5243.9499999999998181, 1.4024067028421707271, 5243.9499999999998181, 25.072885721795568514, 5243.8980000000001382, 0, 5243.9499999999998181, 3.3637101192475205025, 5243.9499999999998181, 12.775681789202899097, 5243.9499999999998181, 48.607955421794216022, 5243.8980000000001382, 0, 5243.9499999999998181, -2.2650113511096661156, 5243.9499999999998181, 13.062822183626686012, 5243.9499999999998181, 38.731965513970074255, 5243.8980000000001382, 1, 5243.9499999999998181, 5.3908064463676588218, 5243.9499999999998181, 23.332214017367036263
5243.9549999999999272, 4.6731890571474057339, 5243.9030000000002474, 1, 5243.9549999999999272, 3.205115294976649043, 5243.9549999999999272, 2.4711078001218940159, 5243.9549999999999272, 20.592441460992951363, 5243.9030000000002474, 0, 5243.9549999999999272, 1.1552900654682367598, 5243.9549999999999272, 7.7798938408815558887, 5243.9549999999999272, 40.484715408554734495, 5243.9030000000002474, 0, 5243.9549999999999272, 0.48024626493928662674, 5243.9549999999999272, 9.3040814312291395538, 5243.9549999999999272, 44.752364395686939247, 5243.9030000000002474, 1, 5243.9549999999999272, 6.7512166954862014023, 5243.9549999999999272, 22.443600850662470236
5243.9600000000000364, 9.2790241943689668602, 5243.9080000000003565, 1, 5243.9600000000000364, 6.1157077915085800157, 5243.9600000000000364, 2.6801232994968664514, 5243.9600000000000364, 19.573429016983471485, 5243.9080000000003565, 0, 5243.9600000000000364, -0.2220150081478177162, 5243.9600000000000364, 3.0081392389880887706, 5243.9600000000000364, 31.286532620842805841, 5243.9080000000003565, 0, 5243.9600000000000364, 2.1713317946437853401, 5243.9600000000000364, 6.9507235331348127261, 5243.9600000000000364, 48.371696277387691509, 5243.9080000000003565, 1, 5243.9600000000000364, 7.1675222256715125368, 5243.9600000000000364, 23.084563611149974349
5243.9650000000001455, 14.170184847686343232, 5243.9139999999997599, 1, 5243.9650000000001455, 9.2427457552881886471, 5243.9650000000001455, 3.4728036679775859952, 5243.9650000000001455, 24.87321563027011706, 5243.9139999999997599, 0, 5243.9650000000001455, -0.88686344460769528375, 5243.9650000000001455, -1.3746626644509181148, 5243.9650000000001455, 25.672033001975840705, 5243.9139999999997599, 0, 5243.9650000000001455, 2.6387184961413043816, 5243.9650000000001455, 5.5274991970952385145, 5243.9650000000001455, 50.474304171214839698, 5243.9139999999997599, 1, 5243.9650000000001455, 6.6983268546280916311, 5243.9650000000001455, 23.38457691435658603
5243.9750000000003638, 19.956728534361115379, 5243.9179999999996653, 1, 5243.9750000000003638, 8.4675132201192866432, 5243.9750000000003638, 4.3571547595684929632, 5243.9750000000003638, 31.923333690547963215, 5243.9179999999996653, 0, 5243.9750000000003638, -0.88710394728308250567, 5243.9750000000003638, -4.8296402707218142325, 5243.9750000000003638, 23.441214420602154433, 5243.9179999999996653, 0, 5243.9750000000003638, 2.412050965747108755, 5243.9750000000003638, 4.6588282347272826911, 5243.9750000000003638, 51.798016843051037483, 5243.9179999999996653, 1, 5243.9750000000003638, 6.167366882043109122, 5243.9750000000003638, 23.453814966636016948
5243.9750000000003638, 29.485999995324849721, 5243.9229999999997744, 1, 5243.9750000000003638, 6.3453793807457934406, 5243.9750000000003638, 5.4551980825770485239, 5243.9750000000003638, 37.288809107604720339, 5243.9229999999997744, 0, 5243.9750000000003638, -0.26905129991599868733, 5243.9750000000003638, -8.1391507339799051834, 5243.9750000000003638, 22.583447941604855913, 5243.9229999999997744, 0, 5243.9750000000003638, 2.5605270948328886504, 5243.9750000000003638, 3.1029014250062267877, 5243.9750000000003638, 53.332503199415199902, 5243.9229999999997744, 1, 5243.9750000000003638, 6.2529795023215788419, 5243.9750000000003638, 23.3592777716490545
5243.9799999999995634, 37.127709497199099076, 5243.9279999999998836, 1, 5243.9799999999995634, 4.7923770077032523673, 5243.9799999999995634, 6.1674762971100030029, 5243.9799999999995634, 42.549544177209654094, 5243.9279999999998836, 0, 5243.9799999999995634, 0.59268083820028860664, 5243.9799999999995634, -10.970585658900162684, 5243.9799999999995634, 22.893665068631197101, 5243.9279999999998836, 0, 5243.9799999999995634, 2.5695268771747010739, 5243.9799999999995634, 1.6400622173959149563, 5243.9799999999995634, 54.25098826754679493, 5243.9279999999998836, 1, 5243.9799999999995634, 6.2417964005442616582, 5243.9799999999995634, 23.112024871931442505
5243.9849999999996726, 42.533433442064747965, 5243.9329999999999927, 1, 5243.9849999999996726, 3.7278636979759092185, 5243.9849999999996726, 6.4614088679899346346, 5243.9849999999996726, 47.017570129836215642, 5243.9329999999999927, 1, 5243.9849999999996726, 1.3823315373612272694, 5243.9849999999996726, -12.918540474866372136, 5243.9849999999996726, 23.601537680679658848, 5243.9329999999999927, 1, 5243.9849999999996726, 2.3579132048272244404, 5243.9849999999996726, 0.73304655852676070538, 5243.9849999999996726, 53.16856914828063907, 5243.9329999999999927, 1, 5243.9849999999996726, 5.8023853021587052936, 5243.9849999999996726, 22.554221999269859822
5243.9949999999998909, 47.011107540997613796, 5243.9399999999995998, 1, 5243.9949999999998909, 2.7099672054929184739, 5243.9949999999998909, 9.4053185713426827874, 5243.9949999999998909, 51.185112011376432406, 5243.9399999999995998, 1, 5243.9949999999998909, 2.0649857033955680841, 5243.9949999999998909, -12.576688153515309665, 5243.9949999999998909, 24.501990165452944836, 5243.9399999999995998, 1, 5243.9949999999998909, 2.1217125274955876968, 5243.9949999999998909, 0.64375134781774967507, 5243.9949999999998909, 51.226741690824731279, 5243.9399999999995998, 1, 5243.9949999999998909, 5.4383013899825698445, 5243.9949999999998909, 25.129043212361324322
5243.9949999999998909, 49.921385221241763475, 5243.943000000000211, 1, 5243.9949999999998909, 2.1112706923131461245, 5243.9949999999998909, 9.4624851545301478239, 5243.9949999999998909, 53.4890095470267255, 5243.943000000000211, 1, 5243.9949999999998909, 2.5223315467544860091, 5243.9949999999998909, -13.827171520656964532, 5243.9949999999998909, 25.055304241994896586, 5243.943000000000211, 1, 5243.9949999999998909, 1.919813160329881585, 5243.9949999999998909, -0.19150844800733857198, 5243.9949999999998909, 50.280776212723843344, 5243.943000000000211, 1, 5243.9949999999998909, 4.9870876729482409573, 5243.9949999999998909, 24.414983361316753729
5244, 52.72467344712433146, 5243.9480000000003201, 1, 5244, 1.4549314817190912574, 5244, 9.9325075965873796946, 5244, 55.974686884796668096, 5243.9480000000003201, 1, 5244, 2.9699979921003172301, 5244, -14.806159858611124491, 5244, 26.06553855842870604, 5243.9480000000003201, 1, 5244, 1.6499529014042362274, 5244, -1.0289436221823802242, 5244, 48.848111983545663861, 5243.9480000000003201, 1, 5244, 4.499114946997909037, 5244, 24.080999649658544115
5244.0100000000002183, 54.143491263847110417, 5243.9539999999997235, 1, 5244.0100000000002183, 1.1610663095592788085, 5244.0100000000002183, 9.6479854404646747668, 5244.0100000000002183, 57.908399942325956999, 5243.9539999999997235, 1, 5244.0100000000002183, 3.4625225636305123622, 5244.0100000000002183, -15.99826945968380798, 5244.0100000000002183, 26.664350276397449591, 5243.9539999999997235, 1, 5244.0100000000002183, 1.4183879373112642241, 5244.0100000000002183, -1.8895373849532273169, 5244.0100000000002183, 44.025243576433233272, 5243.9539999999997235, 1, 5244.0100000000002183, 3.1580600009664361316, 5244.0100000000002183, 20.000720560938695769
5244.0150000000003274, 47.16731827389523346, 5243.9579999999996289, 1, 5244.0150000000003274, 2.4466920771098612519, 5244.0150000000003274, 3.2434192314043954752, 5244.0150000000003274, 62.993580306193109664, 5243.9579999999996289, 1, 5244.0150000000003274, 4.2491059299011881834, 5244.0150000000003274, -16.958818913856834598, 5244.0150000000003274, 25.85793519603811319, 5243.9579999999996289, 1, 5244.0150000000003274, 1.2551011902629543027, 5244.0150000000003274, -1.2663507226761403501, 5244.0150000000003274, 34.835998510459369015, 5243.9579999999996289, 1, 5244.0150000000003274, 1.2031124660052288089, 5244.0150000000003274, 13.919902434131117275
5244.0150000000003274, 62.92212630708551302, 5243.9629999999997381, 1, 5244.0150000000003274, -0.076225325839284180374, 5244.0150000000003274, 39.752930330423815519, 5244.0150000000003274, 59.239287701345602954, 5243.9629999999997381, 1, 5244.0150000000003274, 2.2407666952092699653, 5244.0150000000003274, -19.673797740934194422, 5244.0150000000003274, 38.476229677412874253, 5243.9629999999997381, 1, 5244.0150000000003274, -2.1090712321229183601, 5244.0150000000003274, -7.4175573587969338973, 5244.0150000000003274, 44.220740675172230283, 5243.9629999999997381, 1, 5244.0150000000003274, 3.9405846288081844975, 5244.0150000000003274, 31.164179908084825854
5244.0200000000004366, 8.2257273875855071778e-97, 5243.9690000000000509, 1, 5244.0200000000004366, 5.4187580745249487952e-97, 5244.0200000000004366, 4.991113363159615931e-97, 5244.0200000000004366, 59.086658328170884147, 5243.9690000000000509, 1, 5244.0200000000004366, 4.0334556888303714217, 5244.0200000000004366, -23.393999966549898772, 5244.0200000000004366, 60.04170851591175051, 5243.9690000000000509, 1, 5244.0200000000004366, -5.9715595638732477113, 5244.0200000000004366, -15.902911951171581961, 5244.0200000000004366, 0.39042603450073426474, 5243.9690000000000509, 1, 5244.0200000000004366, -0.24559173220232399792, 5244.0200000000004366, 0.28353029584216660197
5244.0249999999996362, 0, 5243.9740000000001601, 1, 5244.0249999999996362, 0, 5244.0249999999996362, 0, 5244.0249999999996362, 72.443098962637392901, 5243.9740000000001601, 1, 5244.0249999999996362, 7.4768710432940892474, 5244.0249999999996362, -26.262741379099917793, 5244.0249999999996362, 69.918987566990750793, 5243.9740000000001601, 1, 5244.0249999999996362, -7.67601265412702638, 5244.0249999999996362, -17.324488281551616353, 5244.0249999999996362, 0, 5243.9740000000001601, 1, 5244.0249999999996362, 0, 5244.0249999999996362, 0
5244.0349999999998545, 0, 5243.9780000000000655, 1, 5244.0349999999998545, 0, 5244.0349999999998545, 0, 5244.0349999999998545, 87.557833035581211334, 5243.9780000000000655, 1, 5244.0349999999998545, 10.953355888609419111, 5244.0349999999998545, -28.442690091192151414, 5244.0349999999998545, 74.836519954028943857, 5243.9780000000000655, 1, 5244.0349999999998545, -5.414554630753743325, 5244.0349999999998545, -17.895254348562801283, 5244.0349999999998545, 0, 5243.9780000000000655, 1, 5244.0349999999998545, 0, 5244.0349999999998545, 0
5244.0349999999998545, 0, 5243.9830000000001746, 1, 5244.0349999999998545, 0, 5244.0349999999998545, 0, 5244.0349999999998545, 96.398063599462687989, 5243.9830000000001746, 1, 5244.0349999999998545, 12.782216112596781699, 5244.0349999999998545, -28.621968026629360793, 5244.0349999999998545, 70.995657746017229783, 5243.9830000000001746, 1, 5244.0349999999998545, -6.7866261315333877846, 5244.0349999999998545, -14.343644276688447547, 5244.0349999999998545, 0, 5243.9830000000001746, 1, 5244.0349999999998545, 0, 5244.0349999999998545, 0
5244.0389999999997599, 0, 5243.9880000000002838, 1, 5244.0389999999997599, 0, 5244.0389999999997599, 0, 5244.0389999999997599, 105.50056402936573363, 5243.9880000000002838, 1, 5244.0389999999997599, 14.909429195469368068, 5244.0389999999997599, -30.511801300803512049, 5244.0389999999997599, 77.266510519088711817, 5243.9880000000002838, 1, 5244.0389999999997599, -3.7368841485013031267, 5244.0389999999997599, -15.238640873200953507, 5244.0389999999997599, 0, 5243.9880000000002838, 1, 5244.0389999999997599, 0, 5244.0389999999997599, 0
5244.043999999999869, 0, 5243.9930000000003929, 1, 5244.043999999999869, 0, 5244.043999999999869, 0, 5244.043999999999869, 111.98995126741779416, 5243.9930000000003929, 1, 5244.043999999999869, 16.285969357995238482, 5244.043999999999869, -30.042619183769176061, 5244.043999999999869, 69.245449193931818854, 5243.9930000000003929, 1, 5244.043999999999869, -3.476190088477826734, 5244.043999999999869, -10.140697299544569887, 5244.043999999999869, 0, 5243.9930000000003929, 1, 5244.043999999999869, 0, 5244.043999999999869, 0
5244.0540000000000873, 0, 5243.9979999999995925, 1, 5244.0540000000000873, 0, 5244.0540000000000873, 0, 5244.0540000000000873, 116.41585947611642382, 5243.9979999999995925, 1, 5244.0540000000000873, 17.393087836848053485, 5244.0540000000000873, -29.488855671432077088, 5244.0540000000000873, 72.603454555196464071, 5243.9979999999995925, 1, 5244.0540000000000873, -0.083007530588600469956, 5244.0540000000000873, -9.9076887337073777928, 5244.0540000000000873, 0, 5243.9979999999995925, 1, 5244.0540000000000873, 0, 5244.0540000000000873, 0
5244.0540000000000873, 0, 5244.0029999999997017, 1, 5244.0540000000000873, 0, 5244.0540000000000873, 0, 5244.0540000000000873, 121.53123553151456804, 5244.0029999999997017, 1, 5244.0540000000000873, 18.525770059751895502, 5244.0540000000000873, -29.581995304539447034, 5244.0540000000000873, 64.802178667969556614, 5244.0029999999997017, 1, 5244.0540000000000873, -0.2320770639056938256, 5244.0540000000000873, -5.1899036210950661996, 5244.0540000000000873, 0, 5244.0029999999997017, 1, 5244.0540000000000873, 0, 5244.0540000000000873, 0
5244.0590000000001965, 0, 5244.0079999999998108, 0, 5244.0590000000001965, 0, 5244.0590000000001965, 0, 5244.0590000000001965, 125.55867927876209933, 5244.0079999999998108, 1, 5244.0590000000001965, 19.597816107197314039, 5244.0590000000001965, -29.692266439903683306, 5244.0590000000001965, 69.855826245286294807, 5244.0079999999998108, 1, 5244.0590000000001965, 3.0102561260616056416, 5244.0590000000001965, -5.7936310481660058258, 5244.0590000000001965, 0, 5244.0079999999998108, 0, 5244.0590000000001965, 0, 5244.0590000000001965, 0
5244.0640000000003056, 0, 5244.01299999999992, 0, 5244.0640000000003056, 0, 5244.0640000000003056, 0, 5244.0640000000003056, 127.16366150279101532, 5244.01299999999992, 1, 5244.0640000000003056, 19.759790397509046755, 5244.0640000000003056, -28.038537090608883773, 5244.0640000000003056, 62.175962624476980523, 5244.01299999999992, 1, 5244.0640000000003056, 2.5420320549033972313, 5244.0640000000003056, -1.205270881608349498, 5244.0640000000003056, 0, 5244.01299999999992, 0, 5244.0640000000003056, 0, 5244.0640000000003056, 0
5244.0690000000004147, 0, 5244.0190000000002328, 0, 5244.0690000000004147, 0, 5244.0690000000004147, 0, 5244.0690000000004147, 128.61588163065840718, 5244.0190000000002328, 1, 5244.0690000000004147, 19.991233221673127218, 5244.0690000000004147, -27.869531563144107622, 5244.0690000000004147, 66.498868465180322573, 5244.0190000000002328, 1, 5244.0690000000004147, 5.0334105392599797213, 5244.0690000000004147, -1.7556242619455346698, 5244.0690000000004147, 0, 5244.0190000000002328, 0, 5244.0690000000004147, 0, 5244.0690000000004147, 0
5244.0739999999996144, 0, 5244.0230000000001382, 0, 5244.0739999999996144, 0, 5244.0739999999996144, 0, 5244.0739999999996144, 131.22847633251404886, 5244.0230000000001382, 1, 5244.0739999999996144, 19.087983171832188845, 5244.0739999999996144, -14.244862043066191859, 5244.0739999999996144, 63.447957483390425182, 5244.0230000000001382, 1, 5244.0739999999996144, 4.4547465200176183941, 5244.0739999999996144, 7.8029744945188426186, 5244.0739999999996144, 0, 5244.0230000000001382, 0, 5244.0739999999996144, 0, 5244.0739999999996144, 0
5244.0789999999997235, 0, 5244.0280000000002474, 0, 5244.0789999999997235, 0, 5244.0789999999997235, 0, 5244.0789999999997235, 132.90198435224681361, 5244.0280000000002474, 1, 5244.0789999999997235, 18.865365865998473538, 5244.0789999999997235, -13.463992879363019028, 5244.0789999999997235, 65.377109854746905171, 5244.0280000000002474, 1, 5244.0789999999997235, 6.9317898524751502265, 5244.0789999999997235, 8.4688339535821981485, 5244.0789999999997235, 0, 5244.0280000000002474, 0, 5244.0789999999997235, 0, 5244.0789999999997235, 0
5244.0839999999998327, 0, 5244.0330000000003565, 0, 5244.0839999999998327, 0, 5244.0839999999998327, 0, 5244.0839999999998327, 131.87194338697986495, 5244.0330000000003565, 1, 5244.0839999999998327, 18.501700547286706211, 5244.0839999999998327, -12.618428121793186847, 5244.0839999999998327, 62.093268666225384322, 5244.0330000000003565, 1, 5244.0839999999998327, 5.4266185819726775463, 5244.0839999999998327, 10.44808120082131353, 5244.0839999999998327, 0, 5244.0330000000003565, 0, 5244.0839999999998327, 0, 5244.0839999999998327, 0
5244.0889999999999418, 0, 5244.0379999999995562, 0, 5244.0889999999999418, 0, 5244.0889999999999418, 0, 5244.0889999999999418, 131.5735123055343081, 5244.0379999999995562, 1, 5244.0889999999999418, 18.210473149792960612, 5244.0889999999999418, -12.258704632361002496, 5244.0889999999999418, 68.329966343553564911, 5244.0379999999995562, 1, 5244.0889999999999418, 7.1656875915420501499, 5244.0889999999999418, 9.6366920924382490909, 5244.0889999999999418, 0, 5244.0379999999995562, 0, 5244.0889999999999418, 0, 5244.0889999999999418, 0
5244.0940000000000509, 0, 5244.0429999999996653, 0, 5244.0940000000000509, 0, 5244.0940000000000509, 0, 5244.0940000000000509, 130.78039266289189868, 5244.0429999999996653, 1, 5244.0940000000000509, 17.621573785120407507, 5244.0940000000000509, -11.302336506895287016, 5244.0940000000000509, 64.51027935832064486, 5244.0429999999996653, 1, 5244.0940000000000509, 5.6492388593744653491, 5244.0940000000000509, 11.708975265717789682, 5244.0940000000000509, 0, 5244.0429999999996653, 0, 5244.0940000000000509, 0, 5244.0940000000000509, 0
5244.0990000000001601, 0, 5244.0479999999997744, 0, 5244.0990000000001601, 0, 5244.0990000000001601, 0, 5244.0990000000001601, 129.78617948768737733, 5244.0479999999997744, 1, 5244.0990000000001601, 16.788397364116040222, 5244.0990000000001601, -11.754066422677283299, 5244.0990000000001601, 71.656189448959395349, 5244.0479999999997744, 1, 5244.0990000000001601, 6.7959566494128527125, 5244.0990000000001601, 10.483416831340079511, 5244.0990000000001601, 0, 5244.0479999999997744, 0, 5244.0990000000001601, 0, 5244.0990000000001601, 0
5244.1040000000002692, 0, 5244.0529999999998836, 0, 5244.1040000000002692, 0, 5244.1040000000002692, 0, 5244.1040000000002692, 128.2126199379892455, 5244.0529999999998836, 1, 5244.1040000000002692, 16.105331629060483323, 5244.1040000000002692, -10.811246670749945054, 5244.1040000000002692, 69.438977942396434173, 5244.0529999999998836, 1, 5244.1040000000002692, 4.9227211567473423415, 5244.1040000000002692, 11.934883432612153342, 5244.1040000000002692, 0, 5244.0529999999998836, 0, 5244.1040000000002692, 0, 5244.1040000000002692, 0
5244.1090000000003783, 0, 5244.0579999999999927, 0, 5244.1090000000003783, 0, 5244.1090000000003783, 0, 5244.1090000000003783, 126.99451652373645061, 5244.0579999999999927, 1, 5244.1090000000003783, 16.771552612990486608, 5244.1090000000003783, -12.212001851843609757, 5244.1090000000003783, 75.620104047775726031, 5244.0579999999999927, 1, 5244.1090000000003783, 4.3775259587096746472, 5244.1090000000003783, 9.1716463192899837509, 5244.1090000000003783, 0, 5244.0579999999999927, 0, 5244.1090000000003783, 0, 5244.1090000000003783, 0
5244.113999999999578, 0, 5244.0630000000001019, 0, 5244.113999999999578, 0, 5244.113999999999578, 0, 5244.113999999999578, 125.95039978562812166, 5244.0630000000001019, 1, 5244.113999999999578, 16.269873885612380349, 5244.113999999999578, -11.468854534145769719, 5244.113999999999578, 74.623105421583829866, 5244.0630000000001019, 1, 5244.113999999999578, 2.7184215974789553982, 5244.113999999999578, 10.255520097185652162, 5244.113999999999578, 0, 5244.0630000000001019, 0, 5244.113999999999578, 0, 5244.113999999999578, 0
5244.1189999999996871, 0, 5244.0690000000004147, 0, 5244.1189999999996871, 0, 5244.1189999999996871, 0, 5244.1189999999996871, 125.32227693295138238, 5244.0690000000004147, 1, 5244.1189999999996871, 13.509485947910301107, 5244.1189999999996871, -3.164826219447959943, 5244.1189999999996871, 78.110583085859857988, 5244.0690000000004147, 1, 5244.1189999999996871, 5.3491904055440526733, 5244.1189999999996871, 16.017578160597867765, 5244.1189999999996871, 0, 5244.0690000000004147, 0, 5244.1189999999996871, 0, 5244.1189999999996871, 0
5244.1239999999997963, 0, 5244.0730000000003201, 0, 5244.1239999999997963, 0, 5244.1239999999997963, 0, 5244.1239999999997963, 123.72496695527524935, 5244.0730000000003201, 1, 5244.1239999999997963, 12.840547214342691973, 5244.1239999999997963, -2.609902651813577279, 5244.1239999999997963, 77.15517826242532351, 5244.0730000000003201, 1, 5244.1239999999997963, 3.4834913536745490958, 5244.1239999999997963, 16.870893254582110643, 5244.1239999999997963, 0, 5244.0730000000003201, 0, 5244.1239999999997963, 0, 5244.1239999999997963, 0
5244.1289999999999054, 0, 5244.0780000000004293, 0, 5244.1289999999999054, 0, 5244.1289999999999054, 0, 5244.1289999999999054, 123.05688778037301745, 5244.0780000000004293, 1, 5244.1289999999999054, 12.05002615325773796, 5244.1289999999999054, -3.2485405952087518244, 5244.1289999999999054, 83.766520871347950106, 5244.0780000000004293, 1, 5244.1289999999999054, 4.6840300275937627461, 5244.1289999999999054, 15.860954282647654168, 5244.1289999999999054, 0, 5244.0780000000004293, 0, 5244.1289999999999054, 0, 5244.1289999999999054, 0
5244.1340000000000146, 0, 5244.0829999999996289, 0, 5244.1340000000000146, 0, 5244.1340000000000146, 0, 5244.1340000000000146, 121.40008860889794562, 5244.0829999999996289, 1, 5244.1340000000000146, 11.224710895645658937, 5244.1340000000000146, -2.4542561853501325686, 5244.1340000000000146, 80.507021260434868282, 5244.0829999999996289, 1, 5244.1340000000000146, 2.8963247419437796459, 5244.1340000000000146, 17.193640368054104783, 5244.1340000000000146, 0, 5244.0829999999996289, 0, 5244.1340000000000146, 0, 5244.1340000000000146, 0
5244.1390000000001237, 0, 5244.0879999999997381, 0, 5244.1390000000001237, 0, 5244.1390000000001237, 0, 5244.1390000000001237, 120.04778752094176753, 5244.0879999999997381, 1, 5244.1390000000001237, 10.314039145029862965, 5244.1390000000001237, -3.1719073644772848297, 5244.1390000000001237, 86.884056262290243922, 5244.0879999999997381, 1, 5244.1390000000001237, 3.7501749825818699868, 5244.1390000000001237, 16.066835628826765969, 5244.1390000000001237, 0, 5244.0879999999997381, 0, 5244.1390000000001237, 0, 5244.1390000000001237, 0
5244.1440000000002328, 0, 5244.0929999999998472, 0, 5244.1440000000002328, 0, 5244.1440000000002328, 0, 5244.1440000000002328, 118.43483269759957466, 5244.0929999999998472, 1, 5244.1440000000002328, 9.334901717995206738, 5244.1440000000002328, -2.5243537413393539737, 5244.1440000000002328, 84.060493795822338825, 5244.0929999999998472, 1, 5244.1440000000002328, 1.9473664343352723449, 5244.1440000000002328, 17.202398230971176929, 5244.1440000000002328, 0, 5244.0929999999998472, 0, 5244.1440000000002328, 0, 5244.1440000000002328, 0
5244.1499999999996362, 0, 5244.0979999999999563, 0, 5244.1499999999996362, 0, 5244.1499999999996362, 0, 5244.1499999999996362, 116.95675314139950274, 5244.0979999999999563, 1, 5244.1499999999996362, 10.835944191502724365, 5244.1499999999996362, -4.841680860769209005, 5244.1499999999996362, 91.102387880849192925, 5244.0979999999999563, 1, 5244.1499999999996362, 0.59598559229269199022, 5244.1499999999996362, 12.589943463089113607, 5244.1499999999996362, 0, 5244.0979999999999563, 0, 5244.1499999999996362, 0, 5244.1499999999996362, 0
5244.1540000000004511, 0, 5244.1030000000000655, 0, 5244.1540000000004511, 0, 5244.1540000000004511, 0, 5244.1540000000004511, 116.63657079040476106, 5244.1030000000000655, 1, 5244.1540000000004511, 7.7969146401009750136, 5244.1540000000004511, 5.0270042520638753558, 5244.1540000000004511, 85.906577699399107928, 5244.1030000000000655, 1, 5244.1540000000004511, 1.5344402722214538493, 5244.1540000000004511, 22.855917077746688904, 5244.1540000000004511, 0, 5244.1030000000000655, 0, 5244.1540000000004511, 0, 5244.1540000000004511, 0
5244.1639999999997599, 0, 5244.1080000000001746, 0, 5244.1639999999997599, 0, 5244.1639999999997599, 0, 5244.1639999999997599, 115.280993357770015, 5244.1080000000001746, 1, 5244.1639999999997599, 7.9287924147704655908, 5244.1639999999997599, 4.3160956047084866327, 5244.1639999999997599, 90.951843265185971177, 5244.1080000000001746, 1, 5244.1639999999997599, 3.2802060901978831176, 5244.1639999999997599, 22.169105700075206755, 5244.1639999999997599, 0, 5244.1080000000001746, 0, 5244.1639999999997599, 0, 5244.1639999999997599, 0
5244.1639999999997599, 0, 5244.1130000000002838, 0, 5244.1639999999997599, 0, 5244.1639999999997599, 0, 5244.1639999999997599, 114.50526257229975613, 5244.1130000000002838, 1, 5244.1639999999997599, 5.6611186929209562635, 5244.1639999999997599, 4.7236416398410483453, 5244.1639999999997599, 88.19391958563795697, 5244.1130000000002838, 1, 5244.1639999999997599, 0.60567787987100629721, 5244.1639999999997599, 22.97719367727656703, 5244.1639999999997599, 0, 5244.1130000000002838, 0, 5244.1639999999997599, 0, 5244.1639999999997599, 0
5244.1700000000000728, 0, 5244.1180000000003929, 0, 5244.1700000000000728, 0, 5244.1700000000000728, 0, 5244.1700000000000728, 112.0082436903452674, 5244.1180000000003929, 1, 5244.1700000000000728, 7.3168188999416390317, 5244.1700000000000728, 4.0426084558966763893, 5244.1700000000000728, 92.437647280438341113, 5244.1180000000003929, 1, 5244.1700000000000728, 3.3389344967637892836, 5244.1700000000000728, 22.282265364077090908, 5244.1700000000000728, 0, 5244.1180000000003929, 0, 5244.1700000000000728, 0, 5244.1700000000000728, 0
5244.180000000000291, 0, 5244.1229999999995925, 0, 5244.180000000000291, 0, 5244.180000000000291, 0, 5244.180000000000291, 112.56547932955248825, 5244.1229999999995925, 1, 5244.180000000000291, 3.6967290617657098117, 5244.180000000000291, 4.2459684854918009478, 5244.180000000000291, 90.782765152196802205, 5244.1229999999995925, 1, 5244.180000000000291, -0.25092938818786686417, 5244.180000000000291, 22.796019172534414565, 5244.180000000000291, 0, 5244.1229999999995925, 0, 5244.180000000000291, 0, 5244.180000000000291, 0
5244.180000000000291, 0, 5244.1279999999997017, 0, 5244.180000000000291, 0, 5244.180000000000291, 0, 5244.180000000000291, 110.59875988311472383, 5244.1279999999997017, 1, 5244.180000000000291, 6.3916956962701476641, 5244.180000000000291, 3.6462563286632985182, 5244.180000000000291, 94.798982280131653511, 5244.1279999999997017, 1, 5244.180000000000291, 3.2716719077668270366, 5244.180000000000291, 22.141646698159021867, 5244.180000000000291, 0, 5244.1279999999997017, 0, 5244.180000000000291, 0, 5244.180000000000291, 0
5244.1850000000004002, 0, 5244.1329999999998108, 0, 5244.1850000000004002, 0, 5244.1850000000004002, 0, 5244.1850000000004002, 109.95196417777304987, 5244.1329999999998108, 1, 5244.1850000000004002, 2.692376575020849927, 5244.1850000000004002, 8.8777792022453638765, 5244.1850000000004002, 92.110820128481663005, 5244.1329999999998108, 1, 5244.1850000000004002, -0.47277784341922346467, 5244.1850000000004002, 26.841324435752582644, 5244.1850000000004002, 0, 5244.1329999999998108, 0, 5244.1850000000004002, 0, 5244.1850000000004002, 0
5244.1899999999995998, 0, 5244.13799999999992, 0, 5244.1899999999995998, 0, 5244.1899999999995998, 0, 5244.1899999999995998, 108.19901748597888513, 5244.13799999999992, 1, 5244.1899999999995998, 6.961582566700102781, 5244.1899999999995998, 1.1180745758063679318, 5244.1899999999995998, 97.949505618908204951, 5244.13799999999992, 1, 5244.1899999999995998, -1.1426916973637417652, 5244.1899999999995998, 16.803499461269055359, 5244.1899999999995998, 0, 5244.13799999999992, 0, 5244.1899999999995998, 0, 5244.1899999999995998, 0
5244.1999999999998181, 0, 5244.1430000000000291, 0, 5244.1999999999998181, 0, 5244.1999999999998181, 0, 5244.1999999999998181, 107.75218731691322205, 5244.1430000000000291, 1, 5244.1999999999998181, 4.5267849132873934082, 5244.1999999999998181, 0.7782684147314498091, 5244.1999999999998181, 97.920239902042794711, 5244.1430000000000291, 1, 5244.1999999999998181, -3.5378413582858208031, 5244.1999999999998181, 16.633344899344358225, 5244.1999999999998181, 0, 5244.1430000000000291, 0, 5244.1999999999998181, 0, 5244.1999999999998181, 0
5244.1999999999998181, 0, 5244.149000000000342, 0, 5244.1999999999998181, 0, 5244.1999999999998181, 0, 5244.1999999999998181, 106.11418271218499854, 5244.149000000000342, 1, 5244.1999999999998181, 4.9277285035250901757, 5244.1999999999998181, -0.071623452992632508085, 5244.1999999999998181, 101.04014036101206386, 5244.149000000000342, 1, 5244.1999999999998181, -2.7506813284796103325, 5244.1999999999998181, 15.584741090854869583, 5244.1999999999998181, 0, 5244.149000000000342, 0, 5244.1999999999998181, 0, 5244.1999999999998181, 0
5244.2100000000000364, 0, 5244.1530000000002474, 0, 5244.2100000000000364, 0, 5244.2100000000000364, 0, 5244.2100000000000364, 105.15521836383894083, 5244.1530000000002474, 1, 5244.2100000000000364, 3.5442541557468638658, 5244.2100000000000364, -0.75781494084382217125, 5244.2100000000000364, 102.06428834096797686, 5244.1530000000002474, 1, 5244.2100000000000364, -4.0100703968680768696, 5244.2100000000000364, 14.921920365707670442, 5244.2100000000000364, 0, 5244.1530000000002474, 0, 5244.2100000000000364, 0, 5244.2100000000000364, 0
5244.2150000000001455, 0, 5244.1580000000003565, 0, 5244.2150000000001455, 0, 5244.2150000000001455, 0, 5244.2150000000001455, 103.70482385909789969, 5244.1580000000003565, 1, 5244.2150000000001455, 3.1047319065693241846, 5244.2150000000001455, -1.7851152602915760781, 5244.2150000000001455, 104.5773300676215456, 5244.1580000000003565, 1, 5244.2150000000001455, -4.0990070897867072475, 5244.2150000000001455, 13.740712064724718289, 5244.2150000000001455, 0, 5244.1580000000003565, 0, 5244.2150000000001455, 0, 5244.2150000000001455, 0
5244.2200000000002547, 0, 5244.1629999999995562, 0, 5244.2200000000002547, 0, 5244.2200000000002547, 0, 5244.2200000000002547, 101.84470205589340708, 5244.1629999999995562, 1, 5244.2200000000002547, -0.31067629478888503236, 5244.2200000000002547, 10.495066774076633465, 5244.2200000000002547, 103.62667062291362186, 5244.1629999999995562, 1, 5244.2200000000002547, -1.7953921291567249696, 5244.2200000000002547, 29.853033595104683684, 5244.2200000000002547, 0, 5244.1629999999995562, 0, 5244.2200000000002547, 0, 5244.2200000000002547, 0
5244.2209999999995489, 0, 5244.168999999999869, 0, 5244.2209999999995489, 0, 5244.2209999999995489, 0, 5244.2209999999995489, 100.59408046923971369, 5244.168999999999869, 1, 5244.2209999999995489, -0.77948833652226379165, 5244.2209999999995489, 9.3132872693601740366, 5244.2209999999995489, 104.31745280914776686, 5244.168999999999869, 1, 5244.2209999999995489, -1.5990272923523121129, 5244.2209999999995489, 28.808016617282866889, 5244.2209999999995489, 0, 5244.168999999999869, 0, 5244.2209999999995489, 0, 5244.2209999999995489, 0
5244.2250000000003638, 0, 5244.1739999999999782, 0, 5244.2250000000003638, 0, 5244.2250000000003638, 0, 5244.2250000000003638, 99.686238806114843669, 5244.1739999999999782, 1, 5244.2250000000003638, -1.6224050900910782502, 5244.2250000000003638, 8.122318712023869125, 5244.2250000000003638, 104.69703865609415061, 5244.1739999999999782, 1, 5244.2250000000003638, -1.6900179514960136373, 5244.2250000000003638, 27.857902568191768466, 5244.2250000000003638, 0, 5244.1739999999999782, 0, 5244.2250000000003638, 0, 5244.2250000000003638, 0
5244.2309999999997672, 366.30570271722677944, 5244.1779999999998836, 0, 5244.2309999999997672, -83.625306732509201879, 5244.2309999999997672, -243.23312399148778695, 5244.2309999999997672, 82.759166829910526531, 5244.1779999999998836, 1, 5244.2309999999997672, -16.995055936472589053, 5244.2309999999997672, 4.5184479055732253983, 5244.2309999999997672, 96.859596746875311624, 5244.1779999999998836, 1, 5244.2309999999997672, -6.1128373826994772955, 5244.2309999999997672, 25.119684552273447764, 5244.2309999999997672, 0, 5244.1779999999998836, 0, 5244.2309999999997672, 0, 5244.2309999999997672, 0
5244.2349999999996726, 377.80348761490324705, 5244.1829999999999927, 0, 5244.2349999999996726, -111.17158939158235853, 5244.2349999999996726, -230.66227850001848765, 5244.2349999999996726, 34.955649257090044557, 5244.1829999999999927, 1, 5244.2349999999996726, -25.35942754878493588, 5244.2349999999996726, -1.5746187446402242216, 5244.2349999999996726, 83.305081067540584172, 5244.1829999999999927, 1, 5244.2349999999996726, -11.050025788009103067, 5244.2349999999996726, 20.696916621989412732, 5244.2349999999996726, 0, 5244.1829999999999927, 0, 5244.2349999999996726, 0, 5244.2349999999996726, 0
5244.2420000000001892, 373.10019290482938459, 5244.1880000000001019, 0, 5244.2420000000001892, -118.21856028733648714, 5244.2420000000001892, -211.99219205867950677, 5244.2420000000001892, 17.964217650334486365, 5244.1880000000001019, 1, 5244.2420000000001892, -13.202407072989215564, 5244.2420000000001892, -5.4197862573781261375, 5244.2420000000001892, 77.525079707883961078, 5244.1880000000001019, 1, 5244.2420000000001892, -16.016316522095728203, 5244.2420000000001892, 16.65972770930186897, 5244.2420000000001892, 0, 5244.1880000000001019, 0, 5244.2420000000001892, 0, 5244.2420000000001892, 0
5244.25, 369.56882541270715592, 5244.193000000000211, 0, 5244.25, -126.31341467702795001, 5244.25, -206.57795134843132701, 5244.25, 2.0401059508303185375, 5244.193000000000211, 1, 5244.25, -1.4990469481311556876, 5244.25, -1.3407580003223675824, 5244.25, 68.61110973074127628, 5244.193000000000211, 1, 5244.25, -22.524921957715019261, 5244.25, 12.313536686759686489, 5244.25, 0, 5244.193000000000211, 0, 5244.25, 0, 5244.25, 0
5244.25, 353.30512093465398493, 5244.1980000000003201, 0, 5244.25, -128.21517327145576814, 5244.25, -180.84486850188500284, 5244.25, 0, 5244.1980000000003201, 1, 5244.25, 0, 5244.25, 0, 5244.25, 68.791525803605054534, 5244.1980000000003201, 1, 5244.25, -29.34056721799326084, 5244.25, 7.9079306081988960386, 5244.25, 0, 5244.1980000000003201, 0, 5244.25, 0, 5244.25, 0
5244.2550000000001091, 256.47413342420162508, 5244.2030000000004293, 0, 5244.2550000000001091, -106.84303347970778475, 5244.2550000000001091, -115.61522389856332893, 5244.2550000000001091, 0, 5244.2030000000004293, 1, 5244.2550000000001091, 0, 5244.2550000000001091, 0, 5244.2550000000001091, 77.820391693378780928, 5244.2030000000004293, 1, 5244.2550000000001091, -33.543402397621974842, 5244.2550000000001091, 3.1811299413304396921, 5244.2550000000001091, 0, 5244.2030000000004293, 0, 5244.2550000000001091, 0, 5244.2550000000001091, 0
5244.2600000000002183, 118.33292152271391728, 5244.2079999999996289, 0, 5244.2600000000002183, -61.571158572244655716, 5244.2600000000002183, -56.639502937993583487, 5244.2600000000002183, 0, 5244.2079999999996289, 1, 5244.2600000000002183, 0, 5244.2600000000002183, 0, 5244.2600000000002183, 71.670018467437898835, 5244.2079999999996289, 1, 5244.2600000000002183, -27.527620367841258542, 5244.2600000000002183, -16.326639002210786344, 5244.2600000000002183, 0, 5244.2079999999996289, 0, 5244.2600000000002183, 0, 5244.2600000000002183, 0
5244.2650000000003274, 27.231706226639769142, 5244.2129999999997381, 0, 5244.2650000000003274, -18.123609839916898778, 5244.2650000000003274, 8.1554916125450311881, 5244.2650000000003274, 0, 5244.2129999999997381, 1, 5244.2650000000003274, 0, 5244.2650000000003274, 0, 5244.2650000000003274, 64.123124224619715505, 5244.2129999999997381, 1, 5244.2650000000003274, -22.302433199581752632, 5244.2650000000003274, -22.672700311454672573, 5244.2650000000003274, 0, 5244.2129999999997381, 0, 5244.2650000000003274, 0, 5244.2650000000003274, 0
5244.2700000000004366, 3.3603091165930947248, 5244.2179999999998472, 0, 5244.2700000000004366, -2.4477483460242650537, 5244.2700000000004366, 2.3679820574092955709, 5244.2700000000004366, 0, 5244.2179999999998472, 1, 5244.2700000000004366, 0, 5244.2700000000004366, 0, 5244.2700000000004366, 58.092090014945213738, 5244.2179999999998472, 1, 5244.2700000000004366, -14.184604772082968438, 5244.2700000000004366, -22.625868077168885151, 5244.2700000000004366, 0, 5244.2179999999998472, 0, 5244.2700000000004366, 0, 5244.2700000000004366, 0
5244.2749999999996362, 1.5583007974045393063, 5244.2229999999999563, 0, 5244.2749999999996362, -1.1233406556771909912, 5244.2749999999996362, 1.080118785885981314, 5244.2749999999996362, 0, 5244.2229999999999563, 1, 5244.2749999999996362, 0, 5244.2749999999996362, 0, 5244.2749999999996362, 34.732316990700653037, 5244.2229999999999563, 1, 5244.2749999999996362, -9.8187238927728071047, 5244.2749999999996362, -18.84436277398447146, 5244.2749999999996362, 0, 5244.2229999999999563, 0, 5244.2749999999996362, 0, 5244.2749999999996362, 0
5244.2849999999998545, 0, 5244.2280000000000655, 0, 5244.2849999999998545, 0, 5244.2849999999998545, 0, 5244.2849999999998545, 0, 5244.2280000000000655, 1, 5244.2849999999998545, 0, 5244.2849999999998545, 0, 5244.2849999999998545, 35.107068527347259135, 5244.2280000000000655, 1, 5244.2849999999998545, -8.0137425746147155081, 5244.2849999999998545, -19.601920916035563636, 5244.2849999999998545, 75.851285276383791256, 5244.2280000000000655, 0, 5244.2849999999998545, -2.3204471554576726611, 5244.2849999999998545, -7.8976089737203807317
5244.2899999999999636, 0, 5244.2340000000003783, 0, 5244.2899999999999636, 0, 5244.2899999999999636, 0, 5244.2899999999999636, 0, 5244.2340000000003783, 1, 5244.2899999999999636, 0, 5244.2899999999999636, 0, 5244.2899999999999636, 15.57957317996552149, 5244.2340000000003783, 1, 5244.2899999999999636, -3.5114019533015623509, 5244.2899999999999636, -8.8033895747828783129, 5244.2899999999999636, 18.248195223681737076, 5244.2340000000003783, 0, 5244.2899999999999636, -3.6408711745511688207, 5244.2899999999999636, 6.1330667208086495634
5244.2950000000000728, 0, 5244.2380000000002838, 0, 5244.2950000000000728, 0, 5244.2950000000000728, 0, 5244.2950000000000728, 0, 5244.2380000000002838, 1, 5244.2950000000000728, 0, 5244.2950000000000728, 0, 5244.2950000000000728, 25.415411199979470069, 5244.2380000000002838, 1, 5244.2950000000000728, -2.247234145211393308, 5244.2950000000000728, -14.410836537516045652, 5244.2950000000000728, 13.983453235456170916, 5244.2380000000002838, 0, 5244.2950000000000728, -3.6297763440185972783, 5244.2950000000000728, 6.4813759622891300438
5244.3000000000001819, 0, 5244.2430000000003929, 0, 5244.3000000000001819, 0, 5244.3000000000001819, 0, 5244.3000000000001819, 0, 5244.2430000000003929, 1, 5244.3000000000001819, 0, 5244.3000000000001819, 0, 5244.3000000000001819, 25.881804900744942444, 5244.2430000000003929, 1, 5244.3000000000001819, -4.1487167698959481754, 5244.3000000000001819, -14.854588354759776792, 5244.3000000000001819, 16.074990033538099965, 5244.2430000000003929, 0, 5244.3000000000001819, -4.8668648530042863953, 5244.3000000000001819, 7.5436983405391648816
5244.3000000000001819, 0, 5244.2489999999997963, 0, 5244.3000000000001819, 0, 5244.3000000000001819, 0, 5244.3000000000001819, 0, 5244.2489999999997963, 1, 5244.3000000000001819, 0, 5244.3000000000001819, 0, 5244.3000000000001819, 28.876513411128794218, 5244.2489999999997963, 1, 5244.3000000000001819, 0.089860669629655387514, 5244.3000000000001819, -16.637963104587754515, 5244.3000000000001819, 17.361885192010561241, 5244.2489999999997963, 0, 5244.3000000000001819, -2.0663562156338186604, 5244.3000000000001819, 7.8506217457644957847
5244.305000000000291, 68.120320161006830517, 5244.2539999999999054, 0, 5244.305000000000291, -36.760715551388187805, 5244.305000000000291, -3.8058482052489601699, 5244.305000000000291, 0, 5244.2539999999999054, 1, 5244.305000000000291, 0, 5244.305000000000291, 0, 5244.305000000000291, 27.800408495480635196, 5244.2539999999999054, 1, 5244.305000000000291, -2.9633577089297222784, 5244.305000000000291, -16.256228135023231829, 5244.305000000000291, 22.822827422644120787, 5244.2539999999999054, 0, 5244.305000000000291, -3.4290867590593152592, 5244.305000000000291, 8.9255328780345770667
5244.3100000000004002, 69.216406838901619381, 5244.2579999999998108, 1, 5244.3100000000004002, -38.021567540108073047, 5244.3100000000004002, -1.9707403861568337788, 5244.3100000000004002, 0, 5244.2579999999998108, 1, 5244.3100000000004002, 0, 5244.3100000000004002, 0, 5244.3100000000004002, 37.41105762607217855, 5244.2579999999998108, 1, 5244.3100000000004002, 2.4673445762541246218, 5244.3100000000004002, -21.970462990778571566, 5244.3100000000004002, 27.109157760882048649, 5244.2579999999998108, 1, 5244.3100000000004002, 2.7707417605849835596, 5244.3100000000004002, 9.5630306424072983873
5244.319999999999709, 80.754121077418972163, 5244.26299999999992, 1, 5244.319999999999709, -39.119256555716013679, 5244.319999999999709, -2.7814143859312210338, 5244.319999999999709, 0, 5244.26299999999992, 1, 5244.319999999999709, 0, 5244.319999999999709, 0, 5244.319999999999709, 36.20871260019518445, 5244.26299999999992, 1, 5244.319999999999709, -0.43674216021271139443, 5244.319999999999709, -21.584723914016468171, 5244.319999999999709, 29.944995882965322664, 5244.26299999999992, 1, 5244.319999999999709, 2.3875093845194452769, 5244.319999999999709, 11.231611020430433356
5244.319999999999709, 86.311843772264211339, 5244.2680000000000291, 1, 5244.319999999999709, -38.123578184005381786, 5244.319999999999709, -2.68165331737022683, 5244.319999999999709, 0, 5244.2680000000000291, 1, 5244.319999999999709, 0, 5244.319999999999709, 0, 5244.319999999999709, 38.365078734350774425, 5244.2680000000000291, 1, 5244.319999999999709, 0.88769839936513239564, 5244.319999999999709, -23.140241889551795396, 5244.319999999999709, 33.579894536910444458, 5244.2680000000000291, 1, 5244.319999999999709, 4.3558545214731321238, 5244.319999999999709, 12.412729125689034859
5244.3249999999998181, 92.621482210401552493, 5244.2730000000001382, 1, 5244.3249999999998181, -40.413423328030660286, 5244.3249999999998181, -2.2259512327910755403, 5244.3249999999998181, 90.450880672754323086, 5244.2730000000001382, 1, 5244.3249999999998181, 3.730731018865542481, 5244.3249999999998181, -21.4657049950143346, 5244.3249999999998181, 38.772953255370595116, 5244.2730000000001382, 1, 5244.3249999999998181, 0.23659869721596199499, 5244.3249999999998181, -23.680248708022794801, 5244.3249999999998181, 36.840252031407715094, 5244.2730000000001382, 1, 5244.3249999999998181, 4.7973489171826715349, 5244.3249999999998181, 13.683873140931320123
5244.3299999999999272, 90.693555869526932156, 5244.2780000000002474, 1, 5244.3299999999999272, -32.449003590964018429, 5244.3299999999999272, -1.3503717990526595827, 5244.3299999999999272, 70.733585943352210279, 5244.2780000000002474, 1, 5244.3299999999999272, 8.5012235810408967041, 5244.3299999999999272, -21.184614299130018367, 5244.3299999999999272, 41.54136579751161662, 5244.2780000000002474, 1, 5244.3299999999999272, 5.6034299494014403464, 5244.3299999999999272, -25.518909708420654425, 5244.3299999999999272, 32.838594144537154307, 5244.2780000000002474, 1, 5244.3299999999999272, 8.2603916176968432694, 5244.3299999999999272, 15.407379814327406109
5244.3350000000000364, 85.624869552635459513, 5244.2830000000003565, 1, 5244.3350000000000364, -28.607353922619950026, 5244.3350000000000364, 0.92122831814861427802, 5244.3350000000000364, 88.214415650395238799, 5244.2830000000003565, 1, 5244.3350000000000364, 10.488785863975635948, 5244.3350000000000364, 1.3477278045368663584, 5244.3350000000000364, 60.499458400491256782, 5244.2830000000003565, 1, 5244.3350000000000364, -0.24800835105797017222, 5244.3350000000000364, -1.9941169227183266344, 5244.3350000000000364, 28.564467967069880672, 5244.2830000000003565, 1, 5244.3350000000000364, 8.4872058692970995253, 5244.3350000000000364, 17.726996404486090597
5244.3400000000001455, 47.027027257316916575, 5244.2879999999995562, 1, 5244.3400000000001455, -15.277110119580472158, 5244.3400000000001455, -4.9404890801862393346, 5244.3400000000001455, 156.22736570359651864, 5244.2879999999995562, 1, 5244.3400000000001455, 22.593117451709410659, 5244.3400000000001455, 91.89905878194153388, 5244.3400000000001455, 183.10170064326896977, 5244.2879999999995562, 1, 5244.3400000000001455, -22.444110758478934997, 5244.3400000000001455, 102.56763323631086848, 5244.3400000000001455, 74.600599226365588379, 5244.2879999999995562, 1, 5244.3400000000001455, 18.739905158798954687, 5244.3400000000001455, -6.1294623377161201461
5244.3450000000002547, 18.692033193774463484, 5244.293999999999869, 1, 5244.3450000000002547, -11.605647680929493504, 5244.3450000000002547, -5.4692076769984110385, 5244.3450000000002547, 30.923765716490436262, 5244.293999999999869, 1, 5244.3450000000002547, 2.3483294484435184302, 5244.3450000000002547, 18.683046594788351058, 5244.3450000000002547, 105.35968386961765475, 5244.293999999999869, 1, 5244.3450000000002547, -11.25808102644498021, 5244.3450000000002547, 63.014231296160673423, 5244.3450000000002547, 82.538262134564007511, 5244.293999999999869, 1, 5244.3450000000002547, 17.203470545908526645, 5244.3450000000002547, -16.851161644814141027
5244.3500000000003638, 29.998505226625361786, 5244.2979999999997744, 1, 5244.3500000000003638, -15.400543942403407627, 5244.3500000000003638, -7.3421006350064903501, 5244.3500000000003638, 0, 5244.2979999999997744, 1, 5244.3500000000003638, 0, 5244.3500000000003638, 0, 5244.3500000000003638, 1.0536811500622682569, 5244.2979999999997744, 1, 5244.3500000000003638, 0.60144131656632915384, 5244.3500000000003638, 0.65237748527531924658, 5244.3500000000003638, 80.028071153265727844, 5244.2979999999997744, 1, 5244.3500000000003638, 17.627577763026561541, 5244.3500000000003638, -13.665547460550442338
5244.3549999999995634, 52.190175719023734757, 5244.3029999999998836, 1, 5244.3549999999995634, -12.5756198571978004, 5244.3549999999995634, -10.474804671678796808, 5244.3549999999995634, 0, 5244.3029999999998836, 1, 5244.3549999999995634, 0, 5244.3549999999995634, 0, 5244.3549999999995634, 0, 5244.3029999999998836, 1, 5244.3549999999995634, 0, 5244.3549999999995634, 0, 5244.3549999999995634, 77.101167652861562374, 5244.3029999999998836, 1, 5244.3549999999995634, 21.356159791116461122, 5244.3549999999995634, -9.5229923237635176747
5244.3599999999996726, 68.412123954103165602, 5244.3079999999999927, 1, 5244.3599999999996726, -15.94815097830738182, 5244.3599999999996726, -11.093051247222689426, 5244.3599999999996726, 0, 5244.3079999999999927, 1, 5244.3599999999996726, 0, 5244.3599999999996726, 0, 5244.3599999999996726, 0, 5244.3079999999999927, 1, 5244.3599999999996726, 0, 5244.3599999999996726, 0, 5244.3599999999996726, 73.1182863254749833, 5244.3079999999999927, 1, 5244.3599999999996726, 18.304347945036401057, 5244.3599999999996726, -3.8005204900466580398
5244.363999999999578, 77.690041884872783839, 5244.3130000000001019, 1, 5244.363999999999578, -13.811350213726441893, 5244.363999999999578, -13.032393117675241001, 5244.363999999999578, 0, 5244.3130000000001019, 1, 5244.363999999999578, 0, 5244.363999999999578, 0, 5244.363999999999578, 0, 5244.3130000000001019, 1, 5244.363999999999578, 0, 5244.363999999999578, 0, 5244.363999999999578, 79.723262236541458492, 5244.3130000000001019, 1, 5244.363999999999578, 20.479340815543615406, 5244.363999999999578, -4.2766425725745023101
5244.3689999999996871, 87.721075161662611208, 5244.318000000000211, 1, 5244.3689999999996871, -17.420912181122695017, 5244.3689999999996871, -12.809923536383124087, 5244.3689999999996871, 0, 5244.318000000000211, 1, 5244.3689999999996871, 0, 5244.3689999999996871, 0, 5244.3689999999996871, 0, 5244.318000000000211, 1, 5244.3689999999996871, 0, 5244.3689999999996871, 0, 5244.3689999999996871, 77.091774577744814678, 5244.318000000000211, 1, 5244.3689999999996871, 16.481474271604781734, 5244.3689999999996871, 0.6053827027431566421
5244.375, 93.022693111899855012, 5244.3230000000003201, 1, 5244.375, -15.212108168925173146, 5244.375, -13.873830874867536522, 5244.375, 0, 5244.3230000000003201, 1, 5244.375, 0, 5244.375, 0, 5244.375, 0, 5244.3230000000003201, 1, 5244.375, 0, 5244.375, 0, 5244.375, 82.710974921327931497, 5244.3230000000003201, 1, 5244.375, 17.907022157006675656, 5244.375, 0.15602581949214311408
5244.3789999999999054, 99.965100830646392183, 5244.3280000000004293, 1, 5244.3789999999999054, -17.983556926322744829, 5244.3789999999999054, -13.159463278473104708, 5244.3789999999999054, 0, 5244.3280000000004293, 1, 5244.3789999999999054, 0, 5244.3789999999999054, 0, 5244.3789999999999054, 0, 5244.3280000000004293, 1, 5244.3789999999999054, 0, 5244.3789999999999054, 0, 5244.3789999999999054, 79.230710862706629882, 5244.3280000000004293, 1, 5244.3789999999999054, 13.696008737935093436, 5244.3789999999999054, 4.9831668248587490666
5244.3840000000000146, 102.50776357988561927, 5244.3329999999996289, 1, 5244.3840000000000146, -17.968888089544645226, 5244.3840000000000146, -2.7408142912241331146, 5244.3840000000000146, 0, 5244.3329999999996289, 0, 5244.3840000000000146, 0, 5244.3840000000000146, 0, 5244.3840000000000146, 0, 5244.3329999999996289, 0, 5244.3840000000000146, 0, 5244.3840000000000146, 0, 5244.3840000000000146, 84.546173052142989945, 5244.3329999999996289, 1, 5244.3840000000000146, 14.940301871952506474, 5244.3840000000000146, 12.721188139602276124
5244.3900000000003274, 106.02528600220563249, 5244.3379999999997381, 1, 5244.3900000000003274, -17.748034677764103151, 5244.3900000000003274, -7.935430263722764721, 5244.3900000000003274, 0, 5244.3379999999997381, 0, 5244.3900000000003274, 0, 5244.3900000000003274, 0, 5244.3900000000003274, 0, 5244.3379999999997381, 0, 5244.3900000000003274, 0, 5244.3900000000003274, 0, 5244.3900000000003274, 79.306878227809519899, 5244.3379999999997381, 1, 5244.3900000000003274, 11.653905664821078147, 5244.3900000000003274, 17.035586974230454871
5244.3950000000004366, 106.95438318616837137, 5244.3429999999998472, 1, 5244.3950000000004366, -16.31367113577814365, 5244.3950000000004366, -8.3012070737099179496, 5244.3950000000004366, 0, 5244.3429999999998472, 0, 5244.3950000000004366, 0, 5244.3950000000004366, 0, 5244.3950000000004366, 0, 5244.3429999999998472, 0, 5244.3950000000004366, 0, 5244.3950000000004366, 0, 5244.3950000000004366, 89.155471108601346941, 5244.3429999999998472, 1, 5244.3950000000004366, 12.076020784517364604, 5244.3950000000004366, 9.5170840001409260367
5244.3999999999996362, 109.52820281156104443, 5244.3479999999999563, 1, 5244.3999999999996362, -16.31715642523123222, 5244.3999999999996362, -6.9946926133703257733, 5244.3999999999996362, 0, 5244.3479999999999563, 0, 5244.3999999999996362, 0, 5244.3999999999996362, 0, 5244.3999999999996362, 0, 5244.3479999999999563, 0, 5244.3999999999996362, 0, 5244.3999999999996362, 0, 5244.3999999999996362, 83.768180922178544279, 5244.3479999999999563, 1, 5244.3999999999996362, 9.6852505173863363552, 5244.3999999999996362, 14.101129562678906382
5244.4049999999997453, 110.07850534463798908, 5244.3530000000000655, 1, 5244.4049999999997453, -15.168721324237894876, 5244.4049999999997453, -7.2215517724407618516, 5244.4049999999997453, 0, 5244.3530000000000655, 0, 5244.4049999999997453, 0, 5244.4049999999997453, 0, 5244.4049999999997453, 0, 5244.3530000000000655, 0, 5244.4049999999997453, 0, 5244.4049999999997453, 0, 5244.4049999999997453, 88.547978586871948892, 5244.3530000000000655, 1, 5244.4049999999997453, 9.2477716148850408473, 5244.4049999999997453, 13.507213843089139971
5244.4089999999996508, 111.18692857125898854, 5244.3580000000001746, 1, 5244.4089999999996508, -14.310863848411711885, 5244.4089999999996508, -6.1093438667621171589, 5244.4089999999996508, 0, 5244.3580000000001746, 0, 5244.4089999999996508, 0, 5244.4089999999996508, 0, 5244.4089999999996508, 0, 5244.3580000000001746, 0, 5244.4089999999996508, 0, 5244.4089999999996508, 0, 5244.4089999999996508, 84.435910284082524413, 5244.3580000000001746, 1, 5244.4089999999996508, 7.945152987354333618, 5244.4089999999996508, 17.2719400770320064
5244.4149999999999636, 109.49127854386273384, 5244.3630000000002838, 1, 5244.4149999999999636, -13.597064832669481405, 5244.4149999999999636, -7.0630782537568848056, 5244.4149999999999636, 0, 5244.3630000000002838, 0, 5244.4149999999999636, 0, 5244.4149999999999636, 0, 5244.4149999999999636, 0, 5244.3630000000002838, 0, 5244.4149999999999636, 0, 5244.4149999999999636, 0, 5244.4149999999999636, 94.624418728028956593, 5244.3630000000002838, 1, 5244.4149999999999636, 7.8175688320982645863, 5244.4149999999999636, 14.122431420271574609
5244.4200000000000728, 112.28961166041796105, 5244.3680000000003929, 1, 5244.4200000000000728, -12.323901369506794268, 5244.4200000000000728, -5.7570996031359200629, 5244.4200000000000728, 0, 5244.3680000000003929, 0, 5244.4200000000000728, 0, 5244.4200000000000728, 0, 5244.4200000000000728, 0, 5244.3680000000003929, 0, 5244.4200000000000728, 0, 5244.4200000000000728, 0, 5244.4200000000000728, 87.855774368608791747, 5244.3680000000003929, 1, 5244.4200000000000728, 6.4822053835485835549, 5244.4200000000000728, 18.955996596470235716
5244.4250000000001819, 109.25954367767710096, 5244.3739999999997963, 1, 5244.4250000000001819, -13.133012219793389619, 5244.4250000000001819, 7.3828584554375780158, 5244.4250000000001819, 0, 5244.3739999999997963, 0, 5244.4250000000001819, 0, 5244.4250000000001819, 0, 5244.4250000000001819, 0, 5244.3739999999997963, 0, 5244.4250000000001819, 0, 5244.4250000000001819, 0, 5244.4250000000001819, 93.131394091060286655, 5244.3739999999997963, 1, 5244.4250000000001819, 6.34449060645324181, 5244.4250000000001819, 29.167336038429311884
5244.430000000000291, 109.86156010647877679, 5244.3779999999997017, 1, 5244.430000000000291, -10.736887637020684494, 5244.430000000000291, 8.2153498555057353769, 5244.430000000000291, 0, 5244.3779999999997017, 0, 5244.430000000000291, 0, 5244.430000000000291, 0, 5244.430000000000291, 0, 5244.3779999999997017, 0, 5244.430000000000291, 0, 5244.430000000000291, 0, 5244.430000000000291, 89.185773830807107743, 5244.3779999999997017, 1, 5244.430000000000291, 6.749685874190825885, 5244.430000000000291, 31.784221521454735893
5244.4340000000001965, 108.10480063850937427, 5244.3829999999998108, 1, 5244.4340000000001965, -11.150134969492091486, 5244.4340000000001965, -1.8661679912587700869, 5244.4340000000001965, 0, 5244.3829999999998108, 0, 5244.4340000000001965, 0, 5244.4340000000001965, 0, 5244.4340000000001965, 0, 5244.3829999999998108, 0, 5244.4340000000001965, 0, 5244.4340000000001965, 0, 5244.4340000000001965, 102.34379891121339767, 5244.3829999999998108, 1, 5244.4340000000001965, 5.9408413758697538043, 5244.4340000000001965, 18.965782434597876716
5244.4399999999995998, 108.7201409130632328, 5244.3900000000003274, 1, 5244.4399999999995998, -9.0124564468622967439, 5244.4399999999995998, -1.1589941781175809865, 5244.4399999999995998, 0, 5244.3900000000003274, 0, 5244.4399999999995998, 0, 5244.4399999999995998, 0, 5244.4399999999995998, 0, 5244.3900000000003274, 0, 5244.4399999999995998, 0, 5244.4399999999995998, 0, 5244.4399999999995998, 98.768977563968704203, 5244.3900000000003274, 1, 5244.4399999999995998, 5.8508626337895766056, 5244.4399999999995998, 21.714962322695583907
5244.444999999999709, 107.55541474694356907, 5244.3969999999999345, 1, 5244.444999999999709, -8.0156683893822773257, 5244.444999999999709, -1.4443212812211001506, 5244.444999999999709, 0, 5244.3969999999999345, 0, 5244.444999999999709, 0, 5244.444999999999709, 0, 5244.444999999999709, 0, 5244.3969999999999345, 0, 5244.444999999999709, 0, 5244.444999999999709, 0, 5244.444999999999709, 102.23072941883515341, 5244.3969999999999345, 1, 5244.444999999999709, 5.7212521711593593565, 5244.444999999999709, 21.342477570814288867
5244.4499999999998181, 108.04713507584691001, 5244.3980000000001382, 1, 5244.4499999999998181, -4.7696384641502813651, 5244.4499999999998181, -1.317708126929474588, 5244.4499999999998181, 0, 5244.3980000000001382, 0, 5244.4499999999998181, 0, 5244.4499999999998181, 0, 5244.4499999999998181, 0, 5244.3980000000001382, 0, 5244.4499999999998181, 0, 5244.4499999999998181, 0, 5244.4499999999998181, 100.96195330356790976, 5244.3980000000001382, 1, 5244.4499999999998181, 7.4545605803766097353, 5244.4499999999998181, 22.757555992548653023
5244.4549999999999272, 104.93538938142472716, 5244.4030000000002474, 1, 5244.4549999999999272, -8.1532871595927769448, 5244.4549999999999272, -2.1184928131444351607, 5244.4549999999999272, 0, 5244.4030000000002474, 0, 5244.4549999999999272, 0, 5244.4549999999999272, 0, 5244.4549999999999272, 0, 5244.4030000000002474, 0, 5244.4549999999999272, 0, 5244.4549999999999272, 0, 5244.4549999999999272, 108.95536248944675606, 5244.4030000000002474, 1, 5244.4549999999999272, 3.3624164812253662937, 5244.4549999999999272, 20.090634798017497076
5244.4600000000000364, 106.25041123611359239, 5244.4089999999996508, 1, 5244.4600000000000364, -1.0458276802063211086, 5244.4600000000000364, -1.8793748721403602531, 5244.4600000000000364, 0, 5244.4089999999996508, 0, 5244.4600000000000364, 0, 5244.4600000000000364, 0, 5244.4600000000000364, 0, 5244.4089999999996508, 0, 5244.4600000000000364, 0, 5244.4600000000000364, 0, 5244.4600000000000364, 104.69372738020103952, 5244.4089999999996508, 1, 5244.4600000000000364, 8.7669555637223108846, 5244.4600000000000364, 22.629780270478995874
5244.4650000000001455, 103.32586548410097294, 5244.4139999999997599, 1, 5244.4650000000001455, -7.7476260536990606553, 5244.4650000000001455, -2.6868197737974739425, 5244.4650000000001455, 0, 5244.4139999999997599, 0, 5244.4650000000001455, 0, 5244.4650000000001455, 0, 5244.4650000000001455, 0, 5244.4139999999997599, 0, 5244.4650000000001455, 0, 5244.4650000000001455, 0, 5244.4650000000001455, 113.20946230577696667, 5244.4139999999997599, 1, 5244.4650000000001455, 1.3017695685647929782, 5244.4650000000001455, 19.735178049021605773
5244.4700000000002547, 104.82742686860242998, 5244.4179999999996653, 1, 5244.4700000000002547, 2.3331935593208674717, 5244.4700000000002547, 13.474953051006274052, 5244.4700000000002547, 0, 5244.4179999999996653, 0, 5244.4700000000002547, 0, 5244.4700000000002547, 0, 5244.4700000000002547, 0, 5244.4179999999996653, 0, 5244.4700000000002547, 0, 5244.4700000000002547, 0, 5244.4700000000002547, 102.42185109684118061, 5244.4179999999996653, 1, 5244.4700000000002547, 9.4206940888164929504, 5244.4700000000002547, 41.066396565050439449
5244.4750000000003638, 100.52070367517362115, 5244.4229999999997744, 1, 5244.4750000000003638, -7.7097745772614061366, 5244.4750000000003638, 12.516349981671567093, 5244.4750000000003638, 0, 5244.4229999999997744, 0, 5244.4750000000003638, 0, 5244.4750000000003638, 0, 5244.4750000000003638, 0, 5244.4229999999997744, 0, 5244.4750000000003638, 0, 5244.4750000000003638, 0, 5244.4750000000003638, 108.78402650060290568, 5244.4229999999997744, 1, 5244.4750000000003638, -1.4847235005864134472, 5244.4750000000003638, 40.039333941078552925
5244.4799999999995634, 104.64381942792587665, 5244.4290000000000873, 1, 5244.4799999999995634, 5.8710943389957757077, 5244.4799999999995634, 12.576166296810058043, 5244.4799999999995634, 0, 5244.4290000000000873, 0, 5244.4799999999995634, 0, 5244.4799999999995634, 0, 5244.4799999999995634, 0, 5244.4290000000000873, 0, 5244.4799999999995634, 0, 5244.4799999999995634, 0, 5244.4799999999995634, 105.1394702144595783, 5244.4290000000000873, 1, 5244.4799999999995634, 10.726191395638091208, 5244.4799999999995634, 41.184364693965342497
5244.4849999999996726, 99.413580546114928893, 5244.4329999999999927, 1, 5244.4849999999996726, -8.2707986338688606054, 5244.4849999999996726, 11.772658055729472437, 5244.4849999999996726, 0, 5244.4329999999999927, 0, 5244.4849999999996726, 0, 5244.4849999999996726, 0, 5244.4849999999996726, 0, 5244.4329999999999927, 0, 5244.4849999999996726, 0, 5244.4849999999996726, 0, 5244.4849999999996726, 110.97183486539708497, 5244.4329999999999927, 1, 5244.4849999999996726, -4.1643659479083705577, 5244.4849999999996726, 40.183535498640097217
5244.4899999999997817, 103.66184677830938199, 5244.4380000000001019, 1, 5244.4899999999997817, 8.9468747580386462914, 5244.4899999999997817, 11.702751337927878694, 5244.4899999999997817, 0, 5244.4380000000001019, 0, 5244.4899999999997817, 0, 5244.4899999999997817, 0, 5244.4899999999997817, 0, 5244.4380000000001019, 0, 5244.4899999999997817, 0, 5244.4899999999997817, 0, 5244.4899999999997817, 106.35036491176916229, 5244.4380000000001019, 1, 5244.4899999999997817, 11.795964645336603382, 5244.4899999999997817, 41.221314262342644952
5244.5, 99.023023935560146924, 5244.443000000000211, 1, 5244.5, -9.2237578814685523554, 5244.5, 5.8463701296149963582, 5244.5, 0, 5244.443000000000211, 0, 5244.5, 0, 5244.5, 0, 5244.5, 0, 5244.443000000000211, 0, 5244.5, 0, 5244.5, 0, 5244.5, 115.6049282728398282, 5244.443000000000211, 1, 5244.5, -2.6458374790412344524, 5244.5, 27.778689832125337489
5244.5, 102.76804882967988419, 5244.4480000000003201, 1, 5244.5, 7.4035056881249925453, 5244.5, 5.4311981975412990664, 5244.5, 0, 5244.4480000000003201, 0, 5244.5, 0, 5244.5, 0, 5244.5, 0, 5244.4480000000003201, 0, 5244.5, 0, 5244.5, 0, 5244.5, 111.31969192025887594, 5244.4480000000003201, 1, 5244.5, 12.98210457375108362, 5244.5, 28.979622561132664771
5244.5050000000001091, 98.442596860999785235, 5244.4530000000004293, 1, 5244.5050000000001091, -4.3519039343385124141, 5244.5050000000001091, 12.843533611034423814, 5244.5050000000001091, 0, 5244.4530000000004293, 0, 5244.5050000000001091, 0, 5244.5050000000001091, 0, 5244.5050000000001091, 0, 5244.4530000000004293, 0, 5244.5050000000001091, 0, 5244.5050000000001091, 0, 5244.5050000000001091, 113.94145029597788721, 5244.4530000000004293, 1, 5244.5050000000001091, -3.3395720555997163714, 5244.5050000000001091, 43.46417084674300213
5244.5100000000002183, 100.96884581842283524, 5244.4579999999996289, 1, 5244.5100000000002183, 7.6589857265249277063, 5244.5100000000002183, 15.197447039566128524, 5244.5100000000002183, 0, 5244.4579999999996289, 0, 5244.5100000000002183, 0, 5244.5100000000002183, 0, 5244.5100000000002183, 0, 5244.4579999999996289, 0, 5244.5100000000002183, 0, 5244.5100000000002183, 0, 5244.5100000000002183, 106.00686492857946064, 5244.4579999999996289, 1, 5244.5100000000002183, 7.213694386939503822, 5244.5100000000002183, 46.210921087533719742
5244.5150000000003274, 97.870017438439361968, 5244.4629999999997381, 1, 5244.5150000000003274, -0.096283889178932130504, 5244.5150000000003274, 13.708223659741285871, 5244.5150000000003274, 0, 5244.4629999999997381, 0, 5244.5150000000003274, 0, 5244.5150000000003274, 0, 5244.5150000000003274, 0, 5244.4629999999997381, 0, 5244.5150000000003274, 0, 5244.5150000000003274, 0, 5244.5150000000003274, 111.60285214213541849, 5244.4629999999997381, 1, 5244.5150000000003274, -0.94709671712447918157, 5244.5150000000003274, 44.96280512516911898
5244.5190000000002328, 98.00878663864799023, 5244.4679999999998472, 1, 5244.5190000000002328, 4.1419840591681831299, 5244.5190000000002328, 13.00909378522865012, 5244.5190000000002328, 0, 5244.4679999999998472, 0, 5244.5190000000002328, 0, 5244.5190000000002328, 0, 5244.5190000000002328, 0, 5244.4679999999998472, 0, 5244.5190000000002328, 0, 5244.5190000000002328, 0, 5244.5190000000002328, 111.06647330248847538, 5244.4679999999998472, 1, 5244.5190000000002328, 4.4250252856002889601, 5244.5190000000002328, 44.618153887259659029
5244.5249999999996362, 98.349687383097730731, 5244.4740000000001601, 1, 5244.5249999999996362, 4.6074661950774222774, 5244.5249999999996362, 12.027552536478694378, 5244.5249999999996362, 0, 5244.4740000000001601, 0, 5244.5249999999996362, 0, 5244.5249999999996362, 0, 5244.5249999999996362, 0, 5244.4740000000001601, 0, 5244.5249999999996362, 0, 5244.5249999999996362, 0, 5244.5249999999996362, 114.06423732999198251, 5244.4740000000001601, 1, 5244.5249999999996362, 2.5160513789852769762, 5244.5249999999996362, 43.481946666560951087
5244.5299999999997453, 96.989451639485793066, 5244.4780000000000655, 1, 5244.5299999999997453, 4.8645661910730142452, 5244.5299999999997453, 10.709592824865389105, 5244.5299999999997453, 0, 5244.4780000000000655, 0, 5244.5299999999997453, 0, 5244.5299999999997453, 0, 5244.5299999999997453, 0, 5244.4780000000000655, 0, 5244.5299999999997453, 0, 5244.5299999999997453, 0, 5244.5299999999997453, 115.59047824065882537, 5244.4780000000000655, 1, 5244.5299999999997453, 2.471093298323180143, 5244.5299999999997453, 42.448708197621698446
5244.5349999999998545, 97.402851115212342847, 5244.4830000000001746, 1, 5244.5349999999998545, 5.3700205681633077504, 5244.5349999999998545, 9.703417651568798874, 5244.5349999999998545, 0, 5244.4830000000001746, 0, 5244.5349999999998545, 0, 5244.5349999999998545, 0, 5244.5349999999998545, 0, 5244.4830000000001746, 0, 5244.5349999999998545, 0, 5244.5349999999998545, 0, 5244.5349999999998545, 117.47497343389588309, 5244.4830000000001746, 1, 5244.5349999999998545, 2.7447769180741499184, 5244.5349999999998545, 41.542496789995254858
5244.5399999999999636, 95.514370901077597864, 5244.4880000000002838, 1, 5244.5399999999999636, 6.0432485337372838785, 5244.5399999999999636, 13.59349013679965168, 5244.5399999999999636, 0, 5244.4880000000002838, 0, 5244.5399999999999636, 0, 5244.5399999999999636, 0, 5244.5399999999999636, 0, 5244.4880000000002838, 0, 5244.5399999999999636, 0, 5244.5399999999999636, 0, 5244.5399999999999636, 116.85069251736607043, 5244.4880000000002838, 1, 5244.5399999999999636, 3.7395046705067569448, 5244.5399999999999636, 47.088657463516788937
5244.5450000000000728, 95.834082714575842488, 5244.4930000000003929, 1, 5244.5450000000000728, 3.5227732658809385313, 5244.5450000000000728, 3.4264124833031388562, 5244.5450000000000728, 0, 5244.4930000000003929, 0, 5244.5450000000000728, 0, 5244.5450000000000728, 0, 5244.5450000000000728, 0, 5244.4930000000003929, 0, 5244.5450000000000728, 0, 5244.5450000000000728, 0, 5244.5450000000000728, 124.51682546215323555, 5244.4930000000003929, 1, 5244.5450000000000728, 6.9895451901360914349, 5244.5450000000000728, 25.903835539624772366
5244.5500000000001819, 95.323643145876076233, 5244.4989999999997963, 1, 5244.5500000000001819, 4.1843696343500784707, 5244.5500000000001819, 2.0274823090281088867, 5244.5500000000001819, 0, 5244.4989999999997963, 0, 5244.5500000000001819, 0, 5244.5500000000001819, 0, 5244.5500000000001819, 0, 5244.4989999999997963, 0, 5244.5500000000001819, 0, 5244.5500000000001819, 0, 5244.5500000000001819, 124.62811314378917871, 5244.4989999999997963, 1, 5244.5500000000001819, 7.322460818462698029, 5244.5500000000001819, 24.517275556527586389
5244.555000000000291, 94.749935718243676774, 5244.5029999999997017, 1, 5244.555000000000291, 4.5108827595783207443, 5244.555000000000291, 0.39342426924513773656, 5244.555000000000291, 0, 5244.5029999999997017, 0, 5244.555000000000291, 0, 5244.555000000000291, 0, 5244.555000000000291, 0, 5244.5029999999997017, 0, 5244.555000000000291, 0, 5244.555000000000291, 0, 5244.555000000000291, 125.45704226128569303, 5244.5029999999997017, 1, 5244.555000000000291, 7.1317786409734633679, 5244.555000000000291, 22.778437435848957193
5244.5649999999995998, 94.411873963274047128, 5244.5079999999998108, 1, 5244.5649999999995998, 4.8716037964280403116, 5244.5649999999995998, -1.1114546629324593141, 5244.5649999999995998, 0, 5244.5079999999998108, 0, 5244.5649999999995998, 0, 5244.5649999999995998, 0, 5244.5649999999995998, 0, 5244.5079999999998108, 0, 5244.5649999999995998, 0, 5244.5649999999995998, 0, 5244.5649999999995998, 124.97570663512459532, 5244.5079999999998108, 1, 5244.5649999999995998, 7.1155214680986933473, 5244.5649999999995998, 21.282798294649481363
5244.569999999999709, 94.302088016428513129, 5244.51299999999992, 1, 5244.569999999999709, 5.0057478511448820768, 5244.569999999999709, -2.7643727260809001223, 5244.569999999999709, 0, 5244.51299999999992, 0, 5244.569999999999709, 0, 5244.569999999999709, 0, 5244.569999999999709, 0, 5244.51299999999992, 0, 5244.569999999999709, 0, 5244.569999999999709, 0, 5244.569999999999709, 124.86611461049417926, 5244.51299999999992, 1, 5244.569999999999709, 6.7763517206301457918, 5244.569999999999709, 19.576889401490213061
5244.569999999999709, 94.686555148966107254, 5244.5180000000000291, 1, 5244.569999999999709, 4.9840980616267795966, 5244.569999999999709, -4.2636148230816388605, 5244.569999999999709, 0, 5244.5180000000000291, 0, 5244.569999999999709, 0, 5244.569999999999709, 0, 5244.569999999999709, 0, 5244.5180000000000291, 0, 5244.569999999999709, 0, 5244.569999999999709, 0, 5244.569999999999709, 123.54867515320519544, 5244.5180000000000291, 1, 5244.569999999999709, 6.5248477824585160434, 5244.569999999999709, 18.157950790368126093
5244.5749999999998181, 95.480673108469744648, 5244.5230000000001382, 1, 5244.5749999999998181, 6.9943170864490431526, 5244.5749999999998181, 5.1547460884798184111, 5244.5749999999998181, 0, 5244.5230000000001382, 0, 5244.5749999999998181, 0, 5244.5749999999998181, 0, 5244.5749999999998181, 284.06373492799423275, 5244.5230000000001382, 0, 5244.5749999999998181, -21.173317070430901055, 5244.5749999999998181, -129.3896951293442612, 5244.5749999999998181, 122.22432361317558502, 5244.5230000000001382, 1, 5244.5749999999998181, 4.7850488618314237499, 5244.5749999999998181, 20.513676783882260679
5244.5799999999999272, 90.722836789727182349, 5244.5280000000002474, 1, 5244.5799999999999272, -11.939706502760870421, 5244.5799999999999272, 13.7517726436512433, 5244.5799999999999272, 149.24683971514446057, 5244.5280000000002474, 0, 5244.5799999999999272, -32.175624493116401936, 5244.5799999999999272, 90.837440914768791345, 5244.5799999999999272, 293.59408578065381334, 5244.5280000000002474, 0, 5244.5799999999999272, -69.714412576738695293, 5244.5799999999999272, -75.232706574917287412, 5244.5799999999999272, 54.978597467394507703, 5244.5280000000002474, 1, 5244.5799999999999272, -20.196965976797553566, 5244.5799999999999272, 26.278926085301648641
5244.5850000000000364, 62.642229342919563351, 5244.5330000000003565, 1, 5244.5850000000000364, 5.9666647777854144863, 5244.5850000000000364, 15.097266886101927241, 5244.5850000000000364, 247.3260987639132793, 5244.5330000000003565, 0, 5244.5850000000000364, 37.382196897013322712, 5244.5850000000000364, -31.284739353974075016, 5244.5850000000000364, 181.08541867009623161, 5244.5330000000003565, 0, 5244.5850000000000364, -45.71052441855593429, 5244.5850000000000364, -1.6425667525850116135, 5244.5850000000000364, 23.001868019649087671, 5244.5330000000003565, 1, 5244.5850000000000364, -13.127380102692796982, 5244.5850000000000364, 14.391547342975247403
5244.5900000000001455, 17.888037389640583541, 5244.5379999999995562, 1, 5244.5900000000001455, 10.791156108075927733, 5244.5900000000001455, 8.1573592605009022094, 5244.5900000000001455, 132.57394351581163505, 5244.5379999999995562, 0, 5244.5900000000001455, 22.210792848605308336, 5244.5900000000001455, -4.6512292550684932735, 5244.5900000000001455, 117.94294302340431102, 5244.5379999999995562, 0, 5244.5900000000001455, -24.540226378496171833, 5244.5900000000001455, 6.0489030743539231594, 5244.5900000000001455, 22.511288298558842058, 5244.5379999999995562, 1, 5244.5900000000001455, -7.58304131709073026, 5244.5900000000001455, 13.266876962348028712
5244.6000000000003638, 7.8551952449196580375, 5244.5429999999996653, 1, 5244.6000000000003638, 4.8148407640401922336, 5244.6000000000003638, 4.1958915143724775376, 5244.6000000000003638, 79.569753335968997021, 5244.5429999999996653, 0, 5244.6000000000003638, 11.681581979319156872, 5244.6000000000003638, 0.26874811180783808595, 5244.6000000000003638, 89.952918526332894089, 5244.5429999999996653, 0, 5244.6000000000003638, -14.025695907272927698, 5244.6000000000003638, 2.7819448985256158835, 5244.6000000000003638, 28.732941211006899351, 5244.5429999999996653, 1, 5244.6000000000003638, -0.61082990642167467321, 5244.6000000000003638, 15.87636008082668404
5244.6000000000003638, 5.2193849520990935886, 5244.5479999999997744, 1, 5244.6000000000003638, 3.158619449989256367, 5244.6000000000003638, 2.7093138476816633897, 5244.6000000000003638, 36.745261801629510501, 5244.5479999999997744, 0, 5244.6000000000003638, 3.4204253644549558189, 5244.6000000000003638, 3.17748880520034227, 5244.6000000000003638, 56.337380632769239241, 5244.5479999999997744, 0, 5244.6000000000003638, -4.85649917397917541, 5244.6000000000003638, 3.1283479699158895926, 5244.6000000000003638, 35.997039659233365683, 5244.5479999999997744, 1, 5244.6000000000003638, 4.391979366078746061, 5244.6000000000003638, 17.248956119941933451
5244.6049999999995634, 7.4008001486881909159, 5244.5529999999998836, 1, 5244.6049999999995634, 4.413422013010072753, 5244.6049999999995634, 3.1013051907420563502, 5244.6049999999995634, 24.73526195915179926, 5244.5529999999998836, 0, 5244.6049999999995634, -0.21780228007891760944, 5244.6049999999995634, 1.0471256201715739564, 5244.6049999999995634, 42.881537929751488036, 5244.5529999999998836, 0, 5244.6049999999995634, -0.51208425172208382747, 5244.6049999999995634, 2.0970746342081270086, 5244.6049999999995634, 43.145400756512287899, 5244.5529999999998836, 1, 5244.6049999999995634, 6.8880966256885383103, 5244.6049999999995634, 14.593676351600091579
5244.6099999999996726, 11.211190855202335825, 5244.5579999999999927, 1, 5244.6099999999996726, 6.5993944041532817124, 5244.6099999999996726, 2.6444388663521332106, 5244.6099999999996726, 21.830240678065358395, 5244.5579999999999927, 0, 5244.6099999999996726, -1.9892682420104395025, 5244.6099999999996726, -2.0536894563791765478, 5244.6099999999996726, 33.861742436748102136, 5244.5579999999999927, 0, 5244.6099999999996726, 1.4855052637707255592, 5244.6099999999996726, 1.7447739450277648388, 5244.6099999999996726, 47.84360078680021644, 5244.5579999999999927, 1, 5244.6099999999996726, 7.8807456509594295824, 5244.6099999999996726, 13.666381807578531493
5244.6149999999997817, 14.743386539420599846, 5244.5630000000001019, 1, 5244.6149999999997817, 9.4644526918040590147, 5244.6149999999997817, 4.7706734589088073406, 5244.6149999999997817, 24.284419634456380521, 5244.5630000000001019, 0, 5244.6149999999997817, -2.8076472720051866006, 5244.6149999999997817, -2.0892134930336929699, 5244.6149999999997817, 27.659165734881682397, 5244.5630000000001019, 0, 5244.6149999999997817, 2.0452715040762248222, 5244.6149999999997817, 5.7583525487672382326, 5244.6149999999997817, 47.213256550251983867, 5244.5630000000001019, 1, 5244.6149999999997817, 6.3129778762098895939, 5244.6149999999997817, 24.593942353123370737
5244.6199999999998909, 21.652018863699844076, 5244.568000000000211, 1, 5244.6199999999998909, 7.9692017565055763839, 5244.6199999999998909, 5.7835800391044758229, 5244.6199999999998909, 29.43657366191370528, 5244.568000000000211, 0, 5244.6199999999998909, -2.9887652516351885801, 5244.6199999999998909, -5.1977661666070424928, 5244.6199999999998909, 24.295211622247347094, 5244.568000000000211, 0, 5244.6199999999998909, 2.2122452489124944108, 5244.6199999999998909, 4.9078084601723368507, 5244.6199999999998909, 49.76474137903083772, 5244.568000000000211, 1, 5244.6199999999998909, 6.1629828549355396561, 5244.6199999999998909, 24.771156791443509348
5244.6239999999997963, 30.645894981232700616, 5244.5730000000003201, 1, 5244.6239999999997963, 6.1511541933550901717, 5244.6239999999997963, 6.8343011273697076291, 5244.6239999999997963, 34.738057964747788731, 5244.5730000000003201, 0, 5244.6239999999997963, -2.2774182040579744601, 5244.6239999999997963, -7.9801076461259885519, 5244.6239999999997963, 23.471804537073197139, 5244.5730000000003201, 0, 5244.6239999999997963, 2.4360685881525991903, 5244.6239999999997963, 3.7303636737713823379, 5244.6239999999997963, 51.294019501971824582, 5244.5730000000003201, 1, 5244.6239999999997963, 6.2645415568616460433, 5244.6239999999997963, 24.650688418622081599
5244.6300000000001091, 38.09196419326924854, 5244.5780000000004293, 1, 5244.6300000000001091, 4.7002766741485908497, 5244.6300000000001091, 7.4934487210162128434, 5244.6300000000001091, 39.777657646734965624, 5244.5780000000004293, 0, 5244.6300000000001091, -1.3693379189774332882, 5244.6300000000001091, -10.438232371187687875, 5244.6300000000001091, 23.676269414888331255, 5244.5780000000004293, 0, 5244.6300000000001091, 2.4373951111233296274, 5244.6300000000001091, 2.5067929960598345218, 5244.6300000000001091, 52.076650928028676901, 5244.5780000000004293, 1, 5244.6300000000001091, 6.1750448857837403338, 5244.6300000000001091, 24.3433064190588766
5244.6350000000002183, 43.47667293745304562, 5244.5829999999996289, 1, 5244.6350000000002183, 3.6755185708232933628, 5244.6350000000002183, 7.7576401579603491143, 5244.6350000000002183, 44.208736820313262683, 5244.5829999999996289, 1, 5244.6350000000002183, -0.48646823163409375068, 5244.6350000000002183, -12.487677012872961058, 5244.6350000000002183, 24.253528735256089988, 5244.5829999999996289, 1, 5244.6350000000002183, 2.268951675007647939, 5244.6350000000002183, 1.4267901014156194606, 5244.6350000000002183, 51.682084291955476374, 5244.5829999999996289, 1, 5244.6350000000002183, 5.798814454327043677, 5244.6350000000002183, 23.810681631196473518
5244.6400000000003274, 48.895222018115696017, 5244.5879999999997381, 1, 5244.6400000000003274, 2.594393547605193806, 5244.6400000000003274, 7.9405681248219330826, 5244.6400000000003274, 48.126616951435948977, 5244.5879999999997381, 1, 5244.6400000000003274, 0.35100013823132703017, 5244.6400000000003274, -14.550859338911468654, 5244.6400000000003274, 25.154298564215395118, 5244.5879999999997381, 1, 5244.6400000000003274, 2.0511122151293981197, 5244.6400000000003274, 0.11206400035945662808, 5244.6400000000003274, 52.183925303722190847, 5244.5879999999997381, 1, 5244.6400000000003274, 5.5674989062981117272, 5244.6400000000003274, 23.351402017313453996
5244.6450000000004366, 51.751788577131272007, 5244.5929999999998472, 1, 5244.6450000000004366, 2.0626943154903778499, 5244.6450000000004366, 7.7569943440691879744, 5244.6450000000004366, 51.118488459211349095, 5244.5929999999998472, 1, 5244.6450000000004366, 1.0325781666401607772, 5244.6450000000004366, -16.071723636702934357, 5244.6450000000004366, 25.670957950561721361, 5244.5929999999998472, 1, 5244.6450000000004366, 1.816553359947627122, 5244.6450000000004366, -0.78970475669794559792, 5244.6450000000004366, 50.720004908396383314, 5244.5929999999998472, 1, 5244.6450000000004366, 4.9746100962545831692, 5244.6450000000004366, 22.607545785834613383
5244.6499999999996362, 53.441453832851465222, 5244.5979999999999563, 1, 5244.6499999999996362, 1.749110491791497024, 5244.6499999999996362, 7.3904832648949749796, 5244.6499999999996362, 53.2022495647014253, 5244.5979999999999563, 1, 5244.6499999999996362, 1.555247766125916975, 5244.6499999999996362, -17.363145887263975453, 5244.6499999999996362, 26.083603887269763533, 5244.5979999999999563, 1, 5244.6499999999996362, 1.5993198475368268774, 5244.6499999999996362, -1.6545676067346981597, 5244.6499999999996362, 49.085069871029155308, 5244.5979999999999563, 1, 5244.6499999999996362, 4.3747002616144845533, 5244.6499999999996362, 21.814550509671214229
5244.6599999999998545, 55.21569890342242104, 5244.6030000000000655, 1, 5244.6599999999998545, 1.2520411840096512535, 5244.6599999999998545, 11.150210907426574281, 5244.6599999999998545, 56.451657674092110994, 5244.6030000000000655, 1, 5244.6599999999998545, 2.0814396726360855361, 5244.6599999999998545, -15.699691575439860713, 5244.6599999999998545, 27.242766063956725731, 5244.6030000000000655, 1, 5244.6599999999998545, 1.3418440751908751185, 5244.6599999999998545, -1.1840311663637734796, 5244.6599999999998545, 47.128471571668526963, 5244.6030000000000655, 1, 5244.6599999999998545, 4.0699248400311738294, 5244.6599999999998545, 24.695774352075051894
5244.6599999999998545, 58.10516877042395123, 5244.6080000000001746, 1, 5244.6599999999998545, 0.78440370483658394818, 5244.6599999999998545, 15.582947221893515888, 5244.6599999999998545, 58.084203511122410646, 5244.6080000000001746, 1, 5244.6599999999998545, 2.1699478858197922548, 5244.6599999999998545, -16.898270004663025645, 5244.6599999999998545, 28.350883071425943882, 5244.6080000000001746, 1, 5244.6599999999998545, 0.83827115162957266392, 5244.6599999999998545, -2.1998392767612298115, 5244.6599999999998545, 48.806700901677018578, 5244.6080000000001746, 1, 5244.6599999999998545, 4.3750359167483265921, 5244.6599999999998545, 29.671737345286253174
5244.6649999999999636, 50.078924346414815716, 5244.6130000000002838, 1, 5244.6649999999999636, 1.5513767105063485108, 5244.6649999999999636, 27.112574415085575197, 5244.6649999999999636, 54.722619945676406417, 5244.6130000000002838, 1, 5244.6649999999999636, 1.2978971498867710732, 5244.6649999999999636, -19.131560091735234863, 5244.6649999999999636, 36.348744775869789692, 5244.6130000000002838, 1, 5244.6649999999999636, -1.4578856442902756729, 5244.6649999999999636, -6.8210629487598612997, 5244.6649999999999636, 45.199904725938885974, 5244.6130000000002838, 1, 5244.6649999999999636, 2.8444049940177706937, 5244.6649999999999636, 33.389333860238238572
5244.6700000000000728, 0, 5244.6180000000003929, 1, 5244.6700000000000728, 0, 5244.6700000000000728, 0, 5244.6700000000000728, 56.835857416545884746, 5244.6180000000003929, 1, 5244.6700000000000728, 3.4184559886191090428, 5244.6700000000000728, -22.965125937370540754, 5244.6700000000000728, 55.550964785834395343, 5244.6180000000003929, 1, 5244.6700000000000728, -4.7967917545344693764, 5244.6700000000000728, -13.930716545885974966, 5244.6700000000000728, 1.8199513729913721072, 5244.6180000000003929, 1, 5244.6700000000000728, -1.1718967986814952109, 5244.6700000000000728, 1.3863873285206884667
5244.680000000000291, 0, 5244.6229999999995925, 1, 5244.680000000000291, 0, 5244.680000000000291, 0, 5244.680000000000291, 70.601354199527563082, 5244.6229999999995925, 1, 5244.680000000000291, 6.8818772658924860508, 5244.680000000000291, -26.021469571027246559, 5244.680000000000291, 66.485419660689473176, 5244.6229999999995925, 1, 5244.680000000000291, -6.6675503294314042435, 5244.680000000000291, -15.774707625166069391, 5244.680000000000291, 0, 5244.6229999999995925, 1, 5244.680000000000291, 0, 5244.680000000000291, 0
5244.680000000000291, 0, 5244.6279999999997017, 1, 5244.680000000000291, 0, 5244.680000000000291, 0, 5244.680000000000291, 85.760038453181891782, 5244.6279999999997017, 1, 5244.680000000000291, 9.7764005633441239951, 5244.680000000000291, -28.751333741698903879, 5244.680000000000291, 73.50470392162395683, 5244.6279999999997017, 1, 5244.680000000000291, -4.4562387755933654532, 5244.680000000000291, -16.383362727678992599, 5244.680000000000291, 0, 5244.6279999999997017, 1, 5244.680000000000291, 0, 5244.680000000000291, 0
5244.6850000000004002, 0, 5244.6340000000000146, 1, 5244.6850000000004002, 0, 5244.6850000000004002, 0, 5244.6850000000004002, 94.911749352512458699, 5244.6340000000000146, 1, 5244.6850000000004002, 11.69976261711177834, 5244.6850000000004002, -29.057290583748603296, 5244.6850000000004002, 69.977877873833307376, 5244.6340000000000146, 1, 5244.6850000000004002, -5.7071886544477985481, 5244.6850000000004002, -13.190874626683285697, 5244.6850000000004002, 0, 5244.6340000000000146, 1, 5244.6850000000004002, 0, 5244.6850000000004002, 0
5244.6899999999995998, 0, 5244.63799999999992, 1, 5244.6899999999995998, 0, 5244.6899999999995998, 0, 5244.6899999999995998, 103.9470289152795317, 5244.63799999999992, 1, 5244.6899999999995998, 13.641659284386404849, 5244.6899999999995998, -30.898104662622387195, 5244.6899999999995998, 75.499388235853359674, 5244.63799999999992, 1, 5244.6899999999995998, -2.5410751142658898338, 5244.6899999999995998, -13.824020625232328996, 5244.6899999999995998, 0, 5244.63799999999992, 1, 5244.6899999999995998, 0, 5244.6899999999995998, 0
5244.6999999999998181, 0, 5244.6430000000000291, 1, 5244.6999999999998181, 0, 5244.6999999999998181, 0, 5244.6999999999998181, 111.36058371263625588, 5244.6430000000000291, 1, 5244.6999999999998181, 16.288772476794587618, 5244.6999999999998181, -28.4405916941235688, 5244.6999999999998181, 69.629114616352822509, 5244.6430000000000291, 1, 5244.6999999999998181, -3.8277514465576256697, 5244.6999999999998181, -9.7724759701881040996, 5244.6999999999998181, 0, 5244.6430000000000291, 1, 5244.6999999999998181, 0, 5244.6999999999998181, 0
5244.7049999999999272, 0, 5244.649000000000342, 1, 5244.7049999999999272, 0, 5244.7049999999999272, 0, 5244.7049999999999272, 119.12787562061294011, 5244.649000000000342, 1, 5244.7049999999999272, 16.622677351039097715, 5244.7049999999999272, -23.111574089965252199, 5244.7049999999999272, 69.301611391038903776, 5244.649000000000342, 1, 5244.7049999999999272, -0.50402386011653865783, 5244.7049999999999272, -3.602273436146404606, 5244.7049999999999272, 0, 5244.649000000000342, 1, 5244.7049999999999272, 0, 5244.7049999999999272, 0
5244.7100000000000364, 0, 5244.6530000000002474, 1, 5244.7100000000000364, 0, 5244.7100000000000364, 0, 5244.7100000000000364, 123.35354402756598802, 5244.6530000000002474, 1, 5244.7100000000000364, 17.656575759638666767, 5244.7100000000000364, -22.656320382350422449, 5244.7100000000000364, 69.976851966691668849, 5244.6530000000002474, 1, 5244.7100000000000364, 1.9260578044140885812, 5244.7100000000000364, -2.465153650620933945, 5244.7100000000000364, 0, 5244.6530000000002474, 1, 5244.7100000000000364, 0, 5244.7100000000000364, 0
5244.7100000000000364, 0, 5244.6580000000003565, 0, 5244.7100000000000364, 0, 5244.7100000000000364, 0, 5244.7100000000000364, 127.03642057327016346, 5244.6580000000003565, 1, 5244.7100000000000364, 18.575227457675325127, 5244.7100000000000364, -22.327193651768020288, 5244.7100000000000364, 66.018746281914630458, 5244.6580000000003565, 1, 5244.7100000000000364, 2.5913726471063203149, 5244.7100000000000364, 0.31649400414337236498, 5244.7100000000000364, 0, 5244.6580000000003565, 0, 5244.7100000000000364, 0, 5244.7100000000000364, 0
5244.7179999999998472, 0, 5244.6629999999995562, 0, 5244.7179999999998472, 0, 5244.7179999999998472, 0, 5244.7179999999998472, 129.37843704702686409, 5244.6629999999995562, 1, 5244.7179999999998472, 19.087747695010147453, 5244.7179999999998472, -20.695841459445958321, 5244.7179999999998472, 61.107500196775752954, 5244.6629999999995562, 1, 5244.7179999999998472, 3.0761043009994297748, 5244.7179999999998472, 3.3369495397707034101, 5244.7179999999998472, 0, 5244.6629999999995562, 0, 5244.7179999999998472, 0, 5244.7179999999998472, 0
5244.7250000000003638, 0, 5244.6679999999996653, 0, 5244.7250000000003638, 0, 5244.7250000000003638, 0, 5244.7250000000003638, 131.28847980024036701, 5244.6679999999996653, 1, 5244.7250000000003638, 19.378305759142360642, 5244.7250000000003638, -20.855067808374215588, 5244.7250000000003638, 65.368737678733452867, 5244.6679999999996653, 1, 5244.7250000000003638, 5.6271616069147949446, 5244.7250000000003638, 3.1362788618141372865, 5244.7250000000003638, 0, 5244.6679999999996653, 0, 5244.7250000000003638, 0, 5244.7250000000003638, 0
5244.7250000000003638, 0, 5244.6729999999997744, 0, 5244.7250000000003638, 0, 5244.7250000000003638, 0, 5244.7250000000003638, 132.00142139463594049, 5244.6729999999997744, 1, 5244.7250000000003638, 19.671324357898701152, 5244.7250000000003638, -19.608815917122825567, 5244.7250000000003638, 61.484184053486842458, 5244.6729999999997744, 1, 5244.7250000000003638, 4.7819064677733358337, 5244.7250000000003638, 5.5905176249816292966, 5244.7250000000003638, 0, 5244.6729999999997744, 0, 5244.7250000000003638, 0, 5244.7250000000003638, 0
5244.7349999999996726, 0, 5244.6779999999998836, 0, 5244.7349999999996726, 0, 5244.7349999999996726, 0, 5244.7349999999996726, 133.33311284097032967, 5244.6779999999998836, 1, 5244.7349999999996726, 19.5497177424977302, 5244.7349999999996726, -19.528260593831546998, 5244.7349999999996726, 64.772501646563625854, 5244.6779999999998836, 1, 5244.7349999999996726, 7.0347569624368375685, 5244.7349999999996726, 5.673505792583611651, 5244.7349999999996726, 0, 5244.6779999999998836, 0, 5244.7349999999996726, 0, 5244.7349999999996726, 0
5244.738999999999578, 0, 5244.6829999999999927, 0, 5244.738999999999578, 0, 5244.738999999999578, 0, 5244.738999999999578, 132.29405386084351903, 5244.6829999999999927, 1, 5244.738999999999578, 20.768715805745134872, 5244.738999999999578, -17.964960563869418309, 5244.738999999999578, 61.035993831581784264, 5244.6829999999999927, 1, 5244.738999999999578, 4.5761578344924638273, 5244.738999999999578, 7.0819528242189235812, 5244.738999999999578, 0, 5244.6829999999999927, 0, 5244.738999999999578, 0, 5244.738999999999578, 0
5244.7449999999998909, 0, 5244.6880000000001019, 0, 5244.7449999999998909, 0, 5244.7449999999998909, 0, 5244.7449999999998909, 133.55037365498995428, 5244.6880000000001019, 1, 5244.7449999999998909, 18.907532865276571954, 5244.7449999999998909, -10.462200219897745512, 5244.7449999999998909, 66.279819403871016448, 5244.6880000000001019, 1, 5244.7449999999998909, 7.407751474467259456, 5244.7449999999998909, 11.033537952043381836, 5244.7449999999998909, 0, 5244.6880000000001019, 0, 5244.7449999999998909, 0, 5244.7449999999998909, 0
5244.75, 0, 5244.693000000000211, 0, 5244.75, 0, 5244.75, 0, 5244.75, 132.2116284483716413, 5244.693000000000211, 1, 5244.75, 18.34029981681951682, 5244.75, -9.3511756446815326171, 5244.75, 62.945472576231153994, 5244.693000000000211, 1, 5244.75, 5.69878801755974429, 5244.75, 12.814274638605251511, 5244.75, 0, 5244.693000000000211, 0, 5244.75, 0, 5244.75, 0
5244.7550000000001091, 0, 5244.6980000000003201, 0, 5244.7550000000001091, 0, 5244.7550000000001091, 0, 5244.7550000000001091, 131.9389909509791039, 5244.6980000000003201, 1, 5244.7550000000001091, 17.768643207048395283, 5244.7550000000001091, -9.6744920490094372667, 5244.7550000000001091, 69.296557442027705065, 5244.6980000000003201, 1, 5244.7550000000001091, 7.1675603735388566662, 5244.7550000000001091, 12.02137516279611873, 5244.7550000000001091, 0, 5244.6980000000003201, 0, 5244.7550000000001091, 0, 5244.7550000000001091, 0
5244.7590000000000146, 0, 5244.7039999999997235, 0, 5244.7590000000000146, 0, 5244.7590000000000146, 0, 5244.7590000000000146, 130.27427293272799602, 5244.7039999999997235, 1, 5244.7590000000000146, 17.058250054072125579, 5244.7590000000000146, -8.7073827159180936519, 5244.7590000000000146, 66.616152069721778162, 5244.7039999999997235, 1, 5244.7590000000000146, 5.2426862220707333151, 5244.7590000000000146, 13.530572683981681337, 5244.7590000000000146, 0, 5244.7039999999997235, 0, 5244.7590000000000146, 0, 5244.7590000000000146, 0
5244.7669999999998254, 0, 5244.7079999999996289, 0, 5244.7669999999998254, 0, 5244.7669999999998254, 0, 5244.7669999999998254, 129.66244743757542324, 5244.7079999999996289, 1, 5244.7669999999998254, 16.32795557116269336, 5244.7669999999998254, -9.1217695533178257961, 5244.7669999999998254, 73.159192800013684632, 5244.7079999999996289, 1, 5244.7669999999998254, 6.5381809879692749377, 5244.7669999999998254, 12.57008876211425985, 5244.7669999999998254, 0, 5244.7079999999996289, 0, 5244.7669999999998254, 0, 5244.7669999999998254, 0
5244.7669999999998254, 0, 5244.7129999999997381, 0, 5244.7669999999998254, 0, 5244.7669999999998254, 0, 5244.7669999999998254, 127.41887064615085023, 5244.7129999999997381, 1, 5244.7669999999998254, 15.352664367043500349, 5244.7669999999998254, -8.260283384551719621, 5244.7669999999998254, 70.566587742475775258, 5244.7129999999997381, 1, 5244.7669999999998254, 4.3052707068493161202, 5244.7669999999998254, 13.924787508339097286, 5244.7669999999998254, 0, 5244.7129999999997381, 0, 5244.7669999999998254, 0, 5244.7669999999998254, 0
5244.7749999999996362, 0, 5244.7179999999998472, 0, 5244.7749999999996362, 0, 5244.7749999999996362, 0, 5244.7749999999996362, 126.3345332081124468, 5244.7179999999998472, 1, 5244.7749999999996362, 14.682088182890215222, 5244.7749999999996362, -9.1626277869131058651, 5244.7749999999996362, 79.828298300822169153, 5244.7179999999998472, 1, 5244.7749999999996362, 5.4614522607878539517, 5244.7749999999996362, 12.02094807480051486, 5244.7749999999996362, 0, 5244.7179999999998472, 0, 5244.7749999999996362, 0, 5244.7749999999996362, 0
5244.7799999999997453, 0, 5244.7229999999999563, 0, 5244.7799999999997453, 0, 5244.7799999999997453, 0, 5244.7799999999997453, 126.31865223722961389, 5244.7229999999999563, 1, 5244.7799999999997453, 13.994713569405437426, 5244.7799999999997453, -7.7801991302334769784, 5244.7799999999997453, 73.530264139643193744, 5244.7229999999999563, 1, 5244.7799999999997453, 4.0410549048849864207, 5244.7799999999997453, 14.515773552853929118, 5244.7799999999997453, 0, 5244.7229999999999563, 0, 5244.7799999999997453, 0, 5244.7799999999997453, 0
5244.7849999999998545, 0, 5244.7280000000000655, 0, 5244.7849999999998545, 0, 5244.7849999999998545, 0, 5244.7849999999998545, 124.00951540757912994, 5244.7280000000000655, 1, 5244.7849999999998545, 14.900456971052166821, 5244.7849999999998545, -8.5266658444087823909, 5244.7849999999998545, 81.591518497880002769, 5244.7280000000000655, 1, 5244.7849999999998545, 2.6503442146138063151, 5244.7849999999998545, 11.142423739874089961, 5244.7849999999998545, 0, 5244.7280000000000655, 0, 5244.7849999999998545, 0, 5244.7849999999998545, 0
5244.7849999999998545, 0, 5244.7330000000001746, 0, 5244.7849999999998545, 0, 5244.7849999999998545, 0, 5244.7849999999998545, 122.37906408171619432, 5244.7330000000001746, 1, 5244.7849999999998545, 14.158411272676900694, 5244.7849999999998545, -7.8984115946451538548, 5244.7849999999998545, 80.030078249569243098, 5244.7330000000001746, 1, 5244.7849999999998545, 0.88367024315866515849, 5244.7849999999998545, 12.113703501679871977, 5244.7849999999998545, 0, 5244.7330000000001746, 0, 5244.7849999999998545, 0, 5244.7849999999998545, 0
5244.7950000000000728, 0, 5244.7380000000002838, 0, 5244.7950000000000728, 0, 5244.7950000000000728, 0, 5244.7950000000000728, 121.20822570094750859, 5244.7380000000002838, 1, 5244.7950000000000728, 11.230483981164175233, 5244.7950000000000728, 0.10262873837697839008, 5244.7950000000000728, 84.281964152421039671, 5244.7380000000002838, 1, 5244.7950000000000728, 3.6267583753767365096, 5244.7950000000000728, 18.718102664409308034, 5244.7950000000000728, 0, 5244.7380000000002838, 0, 5244.7950000000000728, 0, 5244.7950000000000728, 0
5244.8000000000001819, 0, 5244.7430000000003929, 0, 5244.8000000000001819, 0, 5244.8000000000001819, 0, 5244.8000000000001819, 120.70535196120926003, 5244.7430000000003929, 1, 5244.8000000000001819, 10.51244999294652871, 5244.8000000000001819, 0.61897365850416719013, 5244.8000000000001819, 82.821011469138625216, 5244.7430000000003929, 1, 5244.8000000000001819, 2.1641813114405810126, 5244.8000000000001819, 19.552758015973786598, 5244.8000000000001819, 0, 5244.7430000000003929, 0, 5244.8000000000001819, 0, 5244.8000000000001819, 0
5244.805000000000291, 0, 5244.7479999999995925, 0, 5244.805000000000291, 0, 5244.805000000000291, 0, 5244.805000000000291, 118.89290645902292454, 5244.7479999999995925, 1, 5244.805000000000291, 10.348730576692821259, 5244.805000000000291, 0.011505761253346236117, 5244.805000000000291, 87.650966907366495207, 5244.7479999999995925, 1, 5244.805000000000291, 3.5595382690955195137, 5244.805000000000291, 18.853329756648463444, 5244.805000000000291, 0, 5244.7479999999995925, 0, 5244.805000000000291, 0, 5244.805000000000291, 0
5244.8100000000004002, 0, 5244.7529999999997017, 0, 5244.8100000000004002, 0, 5244.8100000000004002, 0, 5244.8100000000004002, 118.35563261998038342, 5244.7529999999997017, 1, 5244.8100000000004002, 8.071605318998070544, 5244.8100000000004002, 0.60475010613181723329, 5244.8100000000004002, 84.535259046320618381, 5244.7529999999997017, 1, 5244.8100000000004002, 0.86356149077325217167, 5244.8100000000004002, 19.925044966938131097, 5244.8100000000004002, 0, 5244.7529999999997017, 0, 5244.8100000000004002, 0, 5244.8100000000004002, 0
5244.8109999999996944, 0, 5244.7579999999998108, 0, 5244.8109999999996944, 0, 5244.8109999999996944, 0, 5244.8109999999996944, 116.55172791469858851, 5244.7579999999998108, 1, 5244.8109999999996944, 8.1135231866255388411, 5244.8109999999996944, 0.21717650994116155516, 5244.8109999999996944, 87.418676177776205805, 5244.7579999999998108, 1, 5244.8109999999996944, 1.7640413582370644274, 5244.8109999999996944, 19.514654743067012532, 5244.8109999999996944, 0, 5244.7579999999998108, 0, 5244.8109999999996944, 0, 5244.8109999999996944, 0
5244.819999999999709, 0, 5244.7640000000001237, 0, 5244.819999999999709, 0, 5244.819999999999709, 0, 5244.819999999999709, 115.54784121099541494, 5244.7640000000001237, 1, 5244.819999999999709, 7.4539988319520640303, 5244.819999999999709, 0.042902586661625718989, 5244.819999999999709, 89.291815878704866805, 5244.7640000000001237, 1, 5244.819999999999709, 1.5981932103978617743, 5244.819999999999709, 19.386548166650619862, 5244.819999999999709, 0, 5244.7640000000001237, 0, 5244.819999999999709, 0, 5244.819999999999709, 0
5244.8249999999998181, 0, 5244.7680000000000291, 0, 5244.8249999999998181, 0, 5244.8249999999998181, 0, 5244.8249999999998181, 113.96598885028413406, 5244.7680000000000291, 1, 5244.8249999999998181, 9.2986175193779754267, 5244.8249999999998181, -0.27948098751643613014, 5244.8249999999998181, 92.492000257853078438, 5244.7680000000000291, 1, 5244.8249999999998181, 4.4800169769110862461, 5244.8249999999998181, 18.983511981973094862, 5244.8249999999998181, 0, 5244.7680000000000291, 0, 5244.8249999999998181, 0, 5244.8249999999998181, 0
5244.8249999999998181, 0, 5244.7730000000001382, 0, 5244.8249999999998181, 0, 5244.8249999999998181, 0, 5244.8249999999998181, 114.26718062330147063, 5244.7730000000001382, 1, 5244.8249999999998181, 4.1047353110111215457, 5244.8249999999998181, 0.19646922306427683225, 5244.8249999999998181, 88.417562534986032574, 5244.7730000000001382, 1, 5244.8249999999998181, -1.1725952999384221531, 5244.8249999999998181, 20.019777462756167097, 5244.8249999999998181, 0, 5244.7730000000001382, 0, 5244.8249999999998181, 0, 5244.8249999999998181, 0
5244.8339999999998327, 0, 5244.7780000000002474, 0, 5244.8339999999998327, 0, 5244.8339999999998327, 0, 5244.8339999999998327, 111.12283198187508049, 5244.7780000000002474, 1, 5244.8339999999998327, 7.8938752931826590142, 5244.8339999999998327, 7.7224971150328016734, 5244.8339999999998327, 92.914886176304065657, 5244.7780000000002474, 1, 5244.8339999999998327, 3.9580322085408745636, 5244.8339999999998327, 25.834638895628650346, 5244.8339999999998327, 0, 5244.7780000000002474, 0, 5244.8339999999998327, 0, 5244.8339999999998327, 0
5244.8350000000000364, 0, 5244.7830000000003565, 0, 5244.8350000000000364, 0, 5244.8350000000000364, 0, 5244.8350000000000364, 111.27035079677726515, 5244.7830000000003565, 1, 5244.8350000000000364, 3.287250631056823913, 5244.8350000000000364, 7.9739070504610438661, 5244.8350000000000364, 89.868535780993823892, 5244.7830000000003565, 1, 5244.8350000000000364, -1.1765589941199394719, 5244.8350000000000364, 26.293465504135511424, 5244.8350000000000364, 0, 5244.7830000000003565, 0, 5244.8350000000000364, 0, 5244.8350000000000364, 0
5244.8450000000002547, 0, 5244.7879999999995562, 0, 5244.8450000000002547, 0, 5244.8450000000002547, 0, 5244.8450000000002547, 109.145605900314564, 5244.7879999999995562, 1, 5244.8450000000002547, 5.8596769163603283914, 5244.8450000000002547, 6.9759946215335162378, 5244.8450000000002547, 94.963615596396323326, 5244.7879999999995562, 1, 5244.8450000000002547, 2.4695417522434062185, 5244.8450000000002547, 25.528248946805270236, 5244.8450000000002547, 0, 5244.7879999999995562, 0, 5244.8450000000002547, 0, 5244.8450000000002547, 0
5244.8450000000002547, 0, 5244.7929999999996653, 0, 5244.8450000000002547, 0, 5244.8450000000002547, 0, 5244.8450000000002547, 108.17625527067755797, 5244.7929999999996653, 1, 5244.8450000000002547, 3.5965798608358401367, 5244.8450000000002547, 6.6019248938322903086, 5244.8450000000002547, 94.08614476216695266, 5244.7929999999996653, 1, 5244.8450000000002547, -1.0117459213047188538, 5244.8450000000002547, 25.51869357580795139, 5244.8450000000002547, 0, 5244.7929999999996653, 0, 5244.8450000000002547, 0, 5244.8450000000002547, 0
5244.8549999999995634, 0, 5244.7979999999997744, 0, 5244.8549999999995634, 0, 5244.8549999999995634, 0, 5244.8549999999995634, 107.67484029215756891, 5244.7979999999997744, 1, 5244.8549999999995634, 2.9506816843556245011, 5244.8549999999995634, 6.0661156874716510856, 5244.8549999999995634, 97.620438722199423864, 5244.7979999999997744, 1, 5244.8549999999995634, 0.78476049571883610412, 5244.8549999999995634, 24.768285835118504679, 5244.8549999999995634, 0, 5244.7979999999997744, 0, 5244.8549999999995634, 0, 5244.8549999999995634, 0
5244.8599999999996726, 0, 5244.8029999999998836, 0, 5244.8599999999996726, 0, 5244.8599999999996726, 0, 5244.8599999999996726, 105.77897007381619687, 5244.8029999999998836, 1, 5244.8599999999996726, 2.3480792368737963827, 5244.8599999999996726, 5.1473961201703417601, 5244.8599999999996726, 98.06111147292911312, 5244.8029999999998836, 1, 5244.8599999999996726, -0.99885376789358026883, 5244.8599999999996726, 24.380306596979991696, 5244.8599999999996726, 0, 5244.8029999999998836, 0, 5244.8599999999996726, 0, 5244.8599999999996726, 0
5244.8649999999997817, 0, 5244.8090000000001965, 0, 5244.8649999999997817, 0, 5244.8649999999997817, 0, 5244.8649999999997817, 104.80524621922671713, 5244.8090000000001965, 1, 5244.8649999999997817, 1.5508770508497353724, 5244.8649999999997817, 10.29783170090860267, 5244.8649999999997817, 99.928016491855984782, 5244.8090000000001965, 1, 5244.8649999999997817, -0.71831029685622549419, 5244.8649999999997817, 29.154425356452478013, 5244.8649999999997817, 0, 5244.8090000000001965, 0, 5244.8649999999997817, 0, 5244.8649999999997817, 0
5244.8699999999998909, 0, 5244.8130000000001019, 0, 5244.8699999999998909, 0, 5244.8699999999998909, 0, 5244.8699999999998909, 103.1022516816565826, 5244.8130000000001019, 1, 5244.8699999999998909, 0.72129835997710278761, 5244.8699999999998909, 8.9762534729060092786, 5244.8699999999998909, 101.16533682342350176, 5244.8130000000001019, 1, 5244.8699999999998909, -1.5837928697807175382, 5244.8699999999998909, 28.420936986226912779, 5244.8699999999998909, 0, 5244.8130000000001019, 0, 5244.8699999999998909, 0, 5244.8699999999998909, 0
5244.8699999999998909, 0, 5244.818000000000211, 0, 5244.8699999999998909, 0, 5244.8699999999998909, 0, 5244.8699999999998909, 101.8141778521393519, 5244.818000000000211, 1, 5244.8699999999998909, 0.03730323581728219734, 5244.8699999999998909, 7.5918385358818980535, 5244.8699999999998909, 103.61664335838082707, 5244.818000000000211, 1, 5244.8699999999998909, -1.7866428826536751018, 5244.8699999999998909, 27.423585539676068379, 5244.8699999999998909, 0, 5244.818000000000211, 0, 5244.8699999999998909, 0, 5244.8699999999998909, 0
5244.875, 0, 5244.8230000000003201, 0, 5244.875, 0, 5244.875, 0, 5244.875, 100.1670621158166341, 5244.8230000000003201, 1, 5244.875, -0.79179355882494628638, 5244.875, 6.0254309065439315418, 5244.875, 105.96696594237678823, 5244.8230000000003201, 1, 5244.875, -2.3829998088585928606, 5244.875, 26.223133550360316235, 5244.875, 0, 5244.8230000000003201, 0, 5244.875, 0, 5244.875, 0
5244.8800000000001091, 357.77283782359882025, 5244.8289999999997235, 0, 5244.8800000000001091, -78.645485816456087491, 5244.8800000000001091, -245.91918012343879241, 5244.8800000000001091, 88.952611238925015869, 5244.8289999999997235, 1, 5244.8800000000001091, -13.598203809924964247, 5244.8800000000001091, 3.5648964770973776695, 5244.8800000000001091, 98.096747480899537663, 5244.8289999999997235, 1, 5244.8800000000001091, -5.4462893984614177967, 5244.8800000000001091, 24.142831002314288469, 5244.8800000000001091, 0, 5244.8289999999997235, 0, 5244.8800000000001091, 0, 5244.8800000000001091, 0
5244.8850000000002183, 375.31635788526585884, 5244.8329999999996289, 0, 5244.8850000000002183, -110.50916118127581456, 5244.8850000000002183, -242.99684592585890641, 5244.8850000000002183, 39.969504374532142776, 5244.8329999999996289, 1, 5244.8850000000002183, -26.102687111556047483, 5244.8850000000002183, -2.0307093946536536322, 5244.8850000000002183, 82.939993227196708858, 5244.8329999999996289, 1, 5244.8850000000002183, -10.984405912042529252, 5244.8850000000002183, 19.956057619292064231, 5244.8850000000002183, 0, 5244.8329999999996289, 0, 5244.8850000000002183, 0, 5244.8850000000002183, 0
5244.8900000000003274, 369.34780525685943076, 5244.8389999999999418, 0, 5244.8900000000003274, -117.90763458210591352, 5244.8900000000003274, -216.98132440790010378, 5244.8900000000003274, 18.010176608308597679, 5244.8389999999999418, 1, 5244.8900000000003274, -13.338928779579076078, 5244.8900000000003274, -6.0049405493015317603, 5244.8900000000003274, 75.669604265871356574, 5244.8389999999999418, 1, 5244.8900000000003274, -15.899803622659367974, 5244.8900000000003274, 15.760484138146281907, 5244.8900000000003274, 0, 5244.8389999999999418, 0, 5244.8900000000003274, 0, 5244.8900000000003274, 0
5244.8950000000004366, 391.36450866794189096, 5244.8429999999998472, 0, 5244.8950000000004366, -126.27046436025455023, 5244.8950000000004366, -160.51189252858264922, 5244.8950000000004366, 2.2368500227896754851, 5244.8429999999998472, 1, 5244.8950000000004366, -1.6117217300015100889, 5244.8950000000004366, -1.3488662157052215829, 5244.8950000000004366, 68.951559019116373861, 5244.8429999999998472, 1, 5244.8950000000004366, -22.639807959932287673, 5244.8950000000004366, 14.862428612987859111, 5244.8950000000004366, 0, 5244.8429999999998472, 0, 5244.8950000000004366, 0, 5244.8950000000004366, 0
5244.8999999999996362, 365.49798012850487794, 5244.8479999999999563, 0, 5244.8999999999996362, -127.5733068020215768, 5244.8999999999996362, -138.97378719472931152, 5244.8999999999996362, 0, 5244.8479999999999563, 1, 5244.8999999999996362, 0, 5244.8999999999996362, 0, 5244.8999999999996362, 64.142853416527700006, 5244.8479999999999563, 1, 5244.8999999999996362, -29.899700178033015163, 5244.8999999999996362, 10.364257991267944448, 5244.8999999999996362, 0, 5244.8479999999999563, 0, 5244.8999999999996362, 0, 5244.8999999999996362, 0
5244.9049999999997453, 275.54043159086069181, 5244.8530000000000655, 0, 5244.9049999999997453, -106.72609000579581107, 5244.9049999999997453, -117.23839903016013864, 5244.9049999999997453, 0, 5244.8530000000000655, 1, 5244.9049999999997453, 0, 5244.9049999999997453, 0, 5244.9049999999997453, 76.7657521153437159, 5244.8530000000000655, 1, 5244.9049999999997453, -34.338418422075669412, 5244.9049999999997453, -2.2240201012985636453, 5244.9049999999997453, 0, 5244.8530000000000655, 0, 5244.9049999999997453, 0, 5244.9049999999997453, 0
5244.9099999999998545, 150.0002254135252997, 5244.8580000000001746, 0, 5244.9099999999998545, -76.083887090278636833, 5244.9099999999998545, -97.771702317894863654, 5244.9099999999998545, 0, 5244.8580000000001746, 1, 5244.9099999999998545, 0, 5244.9099999999998545, 0, 5244.9099999999998545, 57.546691577538673812, 5244.8580000000001746, 1, 5244.9099999999998545, -26.827704772672813505, 5244.9099999999998545, -17.630688388245346232, 5244.9099999999998545, 0, 5244.8580000000001746, 0, 5244.9099999999998545, 0, 5244.9099999999998545, 0
5244.9139999999997599, 34.699870277101169336, 5244.8630000000002838, 0, 5244.9139999999997599, -22.903184902855198146, 5244.9139999999997599, 18.00929157543334469, 5244.9139999999997599, 0, 5244.8630000000002838, 1, 5244.9139999999997599, 0, 5244.9139999999997599, 0, 5244.9139999999997599, 64.266242525226957127, 5244.8630000000002838, 1, 5244.9139999999997599, -22.540078763230436465, 5244.9139999999997599, -26.115615184976249452, 5244.9139999999997599, 0, 5244.8630000000002838, 0, 5244.9139999999997599, 0, 5244.9139999999997599, 0
5244.918999999999869, 0.78617493381939829167, 5244.8689999999996871, 0, 5244.918999999999869, -0.51037763627866994387, 5244.918999999999869, 0.39466174416800725577, 5244.918999999999869, 0, 5244.8689999999996871, 1, 5244.918999999999869, 0, 5244.918999999999869, 0, 5244.918999999999869, 50.260107353436232813, 5244.8689999999996871, 1, 5244.918999999999869, -17.095188958360136411, 5244.918999999999869, -29.417734342074478349, 5244.918999999999869, 0, 5244.8689999999996871, 0, 5244.918999999999869, 0, 5244.918999999999869, 0
5244.9239999999999782, 0, 5244.8729999999995925, 0, 5244.9239999999999782, 0, 5244.9239999999999782, 0, 5244.9239999999999782, 0, 5244.8729999999995925, 1, 5244.9239999999999782, 0, 5244.9239999999999782, 0, 5244.9239999999999782, 40.252544991847635458, 5244.8729999999995925, 1, 5244.9239999999999782, -10.295551266512212862, 5244.9239999999999782, -28.635157455862966458, 5244.9239999999999782, 0, 5244.8729999999995925, 0, 5244.9239999999999782, 0, 5244.9239999999999782, 0
5244.9290000000000873, 0, 5244.8779999999997017, 0, 5244.9290000000000873, 0, 5244.9290000000000873, 0, 5244.9290000000000873, 0, 5244.8779999999997017, 1, 5244.9290000000000873, 0, 5244.9290000000000873, 0, 5244.9290000000000873, 24.172387666327654898, 5244.8779999999997017, 1, 5244.9290000000000873, -7.8896642275431201341, 5244.9290000000000873, -17.567850676740278004, 5244.9290000000000873, 0, 5244.8779999999997017, 0, 5244.9290000000000873, 0, 5244.9290000000000873, 0
5244.9340000000001965, 0, 5244.8840000000000146, 0, 5244.9340000000001965, 0, 5244.9340000000001965, 0, 5244.9340000000001965, 0, 5244.8840000000000146, 1, 5244.9340000000001965, 0, 5244.9340000000001965, 0, 5244.9340000000001965, 24.412609886238787027, 5244.8840000000000146, 1, 5244.9340000000001965, -6.1385872482756678181, 5244.9340000000001965, -17.822603998306792761, 5244.9340000000001965, 62.799877205840232364, 5244.8840000000000146, 0, 5244.9340000000001965, -1.9724667765645902406, 5244.9340000000001965, -10.7446087386943816
5244.9390000000003056, 0, 5244.88799999999992, 0, 5244.9390000000003056, 0, 5244.9390000000003056, 0, 5244.9390000000003056, 0, 5244.88799999999992, 1, 5244.9390000000003056, 0, 5244.9390000000003056, 0, 5244.9390000000003056, 18.763862061500407918, 5244.88799999999992, 1, 5244.9390000000003056, -4.4436093628285799895, 5244.9390000000003056, -13.795977791829489689, 5244.9390000000003056, 13.486690487246979941, 5244.88799999999992, 0, 5244.9390000000003056, -4.423193264904425881, 5244.9390000000003056, 5.7670113372826046216
5244.944999999999709, 0, 5244.8930000000000291, 0, 5244.944999999999709, 0, 5244.944999999999709, 0, 5244.944999999999709, 0, 5244.8930000000000291, 1, 5244.944999999999709, 0, 5244.944999999999709, 0, 5244.944999999999709, 26.869661930761324697, 5244.8930000000000291, 1, 5244.944999999999709, -4.3126581529010330485, 5244.944999999999709, -15.502326355333247321, 5244.944999999999709, 13.555039222088504758, 5244.8930000000000291, 0, 5244.944999999999709, -4.3290010328110923865, 5244.944999999999709, 8.5068949978845473936
5244.9489999999996144, 0, 5244.8980000000001382, 0, 5244.9489999999996144, 0, 5244.9489999999996144, 0, 5244.9489999999996144, 0, 5244.8980000000001382, 1, 5244.9489999999996144, 0, 5244.9489999999996144, 0, 5244.9489999999996144, 27.552717405436503384, 5244.8980000000001382, 1, 5244.9489999999996144, -4.2228289401242458112, 5244.9489999999996144, -16.049599087977572509, 5244.9489999999996144, 15.438263470139542477, 5244.8980000000001382, 0, 5244.9489999999996144, -4.689526128853334086, 5244.9489999999996144, 9.2562822161292199752
5244.9539999999997235, 0, 5244.9040000000004511, 0, 5244.9539999999997235, 0, 5244.9539999999997235, 0, 5244.9539999999997235, 0, 5244.9040000000004511, 1, 5244.9539999999997235, 0, 5244.9539999999997235, 0, 5244.9539999999997235, 30.103171942705223785, 5244.9040000000004511, 1, 5244.9539999999997235, -0.28320121419523236472, 5244.9539999999997235, -17.612597246746044988, 5244.9539999999997235, 19.683273293594950815, 5244.9040000000004511, 0, 5244.9539999999997235, -1.5021150995507690507, 5244.9539999999997235, 10.536751880458655961
5244.9589999999998327, 60.232324624740769536, 5244.9080000000003565, 1, 5244.9589999999998327, -29.596092477788864983, 5244.9589999999998327, -1.2164249438091090383, 5244.9589999999998327, 0, 5244.9080000000003565, 1, 5244.9589999999998327, 0, 5244.9589999999998327, 0, 5244.9589999999998327, 28.816927291875408912, 5244.9080000000003565, 1, 5244.9589999999998327, -0.96332835957256113257, 5244.9589999999998327, -17.034003847501541173, 5244.9589999999998327, 24.499140693312092765, 5244.9080000000003565, 1, 5244.9589999999998327, -1.6220505083842009508, 5244.9589999999998327, 11.590935117048282166
5244.9639999999999418, 79.965911599860220349, 5244.9139999999997599, 1, 5244.9639999999999418, -42.887156533457705621, 5244.9639999999999418, -4.3126201171727416295, 5244.9639999999999418, 0, 5244.9139999999997599, 1, 5244.9639999999999418, 0, 5244.9639999999999418, 0, 5244.9639999999999418, 36.618507924077228211, 5244.9139999999997599, 1, 5244.9639999999999418, 0.42500209289478207975, 5244.9639999999999418, -21.843062259225430211, 5244.9639999999999418, 31.661278923666309026, 5244.9139999999997599, 1, 5244.9639999999999418, 2.1408069060725396504, 5244.9639999999999418, 10.148045100822894682
5244.9690000000000509, 89.934833800099113432, 5244.9179999999996653, 1, 5244.9690000000000509, -42.457303961392149461, 5244.9690000000000509, -5.2977149169882480351, 5244.9690000000000509, 0, 5244.9179999999996653, 1, 5244.9690000000000509, 0, 5244.9690000000000509, 0, 5244.9690000000000509, 36.99539759562358654, 5244.9179999999996653, 1, 5244.9690000000000509, -0.32065100131471596656, 5244.9690000000000509, -22.250764948788219755, 5244.9690000000000509, 35.151411884887636461, 5244.9179999999996653, 1, 5244.9690000000000509, 3.5855925105690693577, 5244.9690000000000509, 11.364258057837357541
5244.9740000000001601, 94.035534151477591536, 5244.9229999999997744, 1, 5244.9740000000001601, -41.040563936710768189, 5244.9740000000001601, -5.0113446268068742029, 5244.9740000000001601, 0, 5244.9229999999997744, 1, 5244.9740000000001601, 0, 5244.9740000000001601, 0, 5244.9740000000001601, 40.265719446280819227, 5244.9229999999997744, 1, 5244.9740000000001601, 2.8493537133174049458, 5244.9740000000001601, -24.535529452113756577, 5244.9740000000001601, 38.371972999391438464, 5244.9229999999997744, 1, 5244.9740000000001601, 6.6719474033803640722, 5244.9740000000001601, 12.172739356800104105
5244.9790000000002692, 99.112257482086704385, 5244.9290000000000873, 1, 5244.9790000000002692, -42.791747073668418011, 5244.9790000000002692, -0.53032984370817359832, 5244.9790000000002692, 0, 5244.9290000000000873, 1, 5244.9790000000002692, 0, 5244.9790000000002692, 0, 5244.9790000000002692, 37.64804794543185551, 5244.9290000000000873, 1, 5244.9790000000002692, -1.4270463101921779803, 5244.9790000000002692, -23.316070674717668254, 5244.9790000000002692, 40.743749459772899968, 5244.9290000000000873, 1, 5244.9790000000002692, 4.7457444423001406975, 5244.9790000000002692, 15.467775197015933841
5244.9840000000003783, 100.70969930333245657, 5244.9329999999999927, 1, 5244.9840000000003783, -40.302232981803740586, 5244.9840000000003783, 1.6034131145226808712, 5244.9840000000003783, 88.040308151204456522, 5244.9329999999999927, 1, 5244.9840000000003783, 6.2142611198305628406, 5244.9840000000003783, -20.978865042764940796, 5244.9840000000003783, 40.70921231505676019, 5244.9329999999999927, 1, 5244.9840000000003783, 1.2319076677708515888, 5244.9840000000003783, -25.427824644581288993, 5244.9840000000003783, 43.585691108417776718, 5244.9329999999999927, 1, 5244.9840000000003783, 7.0013663628828339824, 5244.9840000000003783, 16.817370565250918446
5244.988999999999578, 72.266732838089211555, 5244.9380000000001019, 1, 5244.988999999999578, -22.162940872924806968, 5244.988999999999578, -4.2858925605572508744, 5244.988999999999578, 157.39681306035635089, 5244.9380000000001019, 1, 5244.988999999999578, 21.136774019398789193, 5244.988999999999578, 97.451697010640742747, 5244.988999999999578, 172.82792667611798265, 5244.9380000000001019, 1, 5244.988999999999578, -20.083407719464002383, 5244.988999999999578, 97.03546752347739357, 5244.988999999999578, 76.615566786409885935, 5244.9380000000001019, 1, 5244.988999999999578, 20.573798225526324757, 5244.988999999999578, -0.30742655613128988534
5244.9939999999996871, 29.725852471035675961, 5244.943000000000211, 1, 5244.9939999999996871, -16.328646886654567538, 5244.9939999999996871, -7.1504859589359099914, 5244.9939999999996871, 83.699092075877473462, 5244.943000000000211, 1, 5244.9939999999996871, 13.289138243391434457, 5244.9939999999996871, 49.469253178302579954, 5244.9939999999996871, 130.05460968390764265, 5244.943000000000211, 1, 5244.9939999999996871, -11.617041429496218541, 5244.9939999999996871, 69.857414088776110361, 5244.9939999999996871, 97.284854518299638926, 5244.943000000000211, 1, 5244.9939999999996871, 22.44867046015436074, 5244.9939999999996871, -16.95887699042368979
5245, 31.56896194380352938, 5244.9480000000003201, 1, 5245, -17.261297079942476529, 5245, -8.3926577401595583439, 5245, 0, 5244.9480000000003201, 1, 5245, 0, 5245, 0, 5245, 0.90117568591099761477, 5244.9480000000003201, 1, 5245, 0.5053715542731329613, 5245, 0.47008103390868960503, 5245, 94.717716071552445101, 5244.9480000000003201, 1, 5245, 23.594070701787011046, 5245, -16.279076633032772747
5245.0050000000001091, 53.624244371397921327, 5244.9530000000004293, 1, 5245.0050000000001091, -15.896472260920020858, 5245.0050000000001091, -9.6754475218917121992, 5245.0050000000001091, 0, 5244.9530000000004293, 1, 5245.0050000000001091, 0, 5245.0050000000001091, 0, 5245.0050000000001091, 0, 5244.9530000000004293, 1, 5245.0050000000001091, 0, 5245.0050000000001091, 0, 5245.0050000000001091, 86.82453320567327637, 5244.9530000000004293, 1, 5245.0050000000001091, 24.568245141120339525, 5245.0050000000001091, -10.238130272965513257
5245.0090000000000146, 68.591557105456104182, 5244.9579999999996289, 1, 5245.0090000000000146, -17.751282034606891358, 5245.0090000000000146, -8.8688693736628252395, 5245.0090000000000146, 0, 5244.9579999999996289, 1, 5245.0090000000000146, 0, 5245.0090000000000146, 0, 5245.0090000000000146, 0, 5244.9579999999996289, 1, 5245.0090000000000146, 0, 5245.0090000000000146, 0, 5245.0090000000000146, 77.215318661391393107, 5244.9579999999996289, 1, 5245.0090000000000146, 21.76982426631503742, 5245.0090000000000146, -2.6322325104860624378
5245.0140000000001237, 78.579276799219172744, 5244.9629999999997381, 1, 5245.0140000000001237, -17.816896827898048628, 5245.0140000000001237, -9.6243039516549231394, 5245.0140000000001237, 0, 5244.9629999999997381, 1, 5245.0140000000001237, 0, 5245.0140000000001237, 0, 5245.0140000000001237, 0, 5244.9629999999997381, 1, 5245.0140000000001237, 0, 5245.0140000000001237, 0, 5245.0140000000001237, 82.765755614881413749, 5244.9629999999997381, 1, 5245.0140000000001237, 23.234510104216653303, 5245.0140000000001237, -2.2774421539343947529
5245.0200000000004366, 85.551278485823587516, 5244.9679999999998472, 1, 5245.0200000000004366, -17.582480868203976598, 5245.0200000000004366, -10.040809170461528765, 5245.0200000000004366, 0, 5244.9679999999998472, 1, 5245.0200000000004366, 0, 5245.0200000000004366, 0, 5245.0200000000004366, 0, 5244.9679999999998472, 1, 5245.0200000000004366, 0, 5245.0200000000004366, 0, 5245.0200000000004366, 79.406859541192829965, 5244.9679999999998472, 1, 5245.0200000000004366, 19.694696060644670155, 5245.0200000000004366, 2.0925089588319139011
5245.0230000000001382, 97.201768982830955679, 5244.9729999999999563, 1, 5245.0230000000001382, -19.83885616469344626, 5245.0230000000001382, -12.128980220666718992, 5245.0230000000001382, 0, 5244.9729999999999563, 1, 5245.0230000000001382, 0, 5245.0230000000001382, 0, 5245.0230000000001382, 0, 5244.9729999999999563, 1, 5245.0230000000001382, 0, 5245.0230000000001382, 0, 5245.0230000000001382, 77.484792624295664609, 5244.9729999999999563, 1, 5245.0230000000001382, 16.474413594102877312, 5245.0230000000001382, 2.8034710304046015494
5245.0290000000004511, 98.314628894620767596, 5244.9780000000000655, 1, 5245.0290000000004511, -20.005626111140216494, 5245.0290000000004511, -2.5477673013928949786, 5245.0290000000004511, 0, 5244.9780000000000655, 1, 5245.0290000000004511, 0, 5245.0290000000004511, 0, 5245.0290000000004511, 0, 5244.9780000000000655, 1, 5245.0290000000004511, 0, 5245.0290000000004511, 0, 5245.0290000000004511, 79.258229482729703363, 5244.9780000000000655, 1, 5245.0290000000004511, 16.494219727693721467, 5245.0290000000004511, 12.27078941997637429
5245.0339999999996508, 101.27093343576913753, 5244.9840000000003783, 1, 5245.0339999999996508, -18.908590765704879288, 5245.0339999999996508, -1.7164675895563021868, 5245.0339999999996508, 0, 5244.9840000000003783, 0, 5245.0339999999996508, 0, 5245.0339999999996508, 0, 5245.0339999999996508, 0, 5244.9840000000003783, 0, 5245.0339999999996508, 0, 5245.0339999999996508, 0, 5245.0339999999996508, 84.483394367273092485, 5244.9840000000003783, 1, 5245.0339999999996508, 16.06577396392217949, 5245.0339999999996508, 13.683778193297570169
5245.0399999999999636, 104.8421832797056652, 5244.9880000000002838, 1, 5245.0399999999999636, -20.958112748058177033, 5245.0399999999999636, -0.03933503569747642814, 5245.0399999999999636, 0, 5244.9880000000002838, 0, 5245.0399999999999636, 0, 5245.0399999999999636, 0, 5245.0399999999999636, 0, 5244.9880000000002838, 0, 5245.0399999999999636, 0, 5245.0399999999999636, 0, 5245.0399999999999636, 82.33113150487895382, 5244.9880000000002838, 1, 5245.0399999999999636, 13.85205266847703065, 5245.0399999999999636, 16.423397263420639547
5245.043999999999869, 105.0630106933109289, 5244.9930000000003929, 1, 5245.043999999999869, -18.342758527659405843, 5245.043999999999869, -1.2268045064747141737, 5245.043999999999869, 0, 5244.9930000000003929, 0, 5245.043999999999869, 0, 5245.043999999999869, 0, 5245.043999999999869, 0, 5244.9930000000003929, 0, 5245.043999999999869, 0, 5245.043999999999869, 0, 5245.043999999999869, 84.390961969497311657, 5244.9930000000003929, 1, 5245.043999999999869, 12.811332261246301201, 5245.043999999999869, 17.567322297899579553
5245.0489999999999782, 108.00517314068061125, 5244.9979999999995925, 1, 5245.0489999999999782, -18.433466045519594445, 5245.0489999999999782, -0.20556857509598103206, 5245.0489999999999782, 0, 5244.9979999999995925, 0, 5245.0489999999999782, 0, 5245.0489999999999782, 0, 5245.0489999999999782, 0, 5244.9979999999995925, 0, 5245.0489999999999782, 0, 5245.0489999999999782, 0, 5245.0489999999999782, 83.351616247486802536, 5244.9979999999995925, 1, 5245.0489999999999782, 11.11536061145291221, 5245.0489999999999782, 20.094812439280048011
5245.055000000000291, 108.3818844065270639, 5245.0029999999997017, 1, 5245.055000000000291, -17.031733196466191771, 5245.055000000000291, -0.77821150907814029551, 5245.055000000000291, 0, 5245.0029999999997017, 0, 5245.055000000000291, 0, 5245.055000000000291, 0, 5245.055000000000291, 0, 5245.0029999999997017, 0, 5245.055000000000291, 0, 5245.055000000000291, 0, 5245.055000000000291, 89.637335784063822075, 5245.0029999999997017, 1, 5245.055000000000291, 11.057569502538596495, 5245.055000000000291, 19.162048703056100862
5245.0600000000004002, 110.63880633974386569, 5245.0079999999998108, 1, 5245.0600000000004002, -16.614819885763221663, 5245.0600000000004002, 0.55185977796917029536, 5245.0600000000004002, 0, 5245.0079999999998108, 0, 5245.0600000000004002, 0, 5245.0600000000004002, 0, 5245.0600000000004002, 0, 5245.0079999999998108, 0, 5245.0600000000004002, 0, 5245.0600000000004002, 0, 5245.0600000000004002, 84.131156587917132583, 5245.0079999999998108, 1, 5245.0600000000004002, 9.055978267906551693, 5245.0600000000004002, 23.185198458982640091
5245.0640000000003056, 108.44141761368143762, 5245.01299999999992, 1, 5245.0640000000003056, -15.389474851237828545, 5245.0640000000003056, 6.0448433255802740405, 5245.0640000000003056, 0, 5245.01299999999992, 0, 5245.0640000000003056, 0, 5245.0640000000003056, 0, 5245.0640000000003056, 0, 5245.01299999999992, 0, 5245.0640000000003056, 0, 5245.0640000000003056, 0, 5245.0640000000003056, 90.66511772714864037, 5245.01299999999992, 1, 5245.0640000000003056, 9.0168447981526167467, 5245.0640000000003056, 26.723334120479876219
5245.0690000000004147, 109.80044525279312495, 5245.0180000000000291, 1, 5245.0690000000004147, -13.959284437422871505, 5245.0690000000004147, 7.0528676279224100654, 5245.0690000000004147, 0, 5245.0180000000000291, 0, 5245.0690000000004147, 0, 5245.0690000000004147, 0, 5245.0690000000004147, 0, 5245.0180000000000291, 0, 5245.0690000000004147, 0, 5245.0690000000004147, 0, 5245.0690000000004147, 86.577207055173929007, 5245.0180000000000291, 1, 5245.0690000000004147, 8.2499216503899006625, 5245.0690000000004147, 29.701299528354439872
5245.0739999999996144, 107.70606959190499197, 5245.0249999999996362, 1, 5245.0739999999996144, -12.645219872289755969, 5245.0739999999996144, -2.2037406341822034506, 5245.0739999999996144, 0, 5245.0249999999996362, 0, 5245.0739999999996144, 0, 5245.0739999999996144, 0, 5245.0739999999996144, 0, 5245.0249999999996362, 0, 5245.0739999999996144, 0, 5245.0739999999996144, 0, 5245.0739999999996144, 96.705434335166955861, 5245.0249999999996362, 1, 5245.0739999999996144, 7.8956675012876225139, 5245.0739999999996144, 18.859518414112464768
5245.0789999999997235, 109.01022499892013684, 5245.0290000000004511, 1, 5245.0789999999997235, -10.488725897106627727, 5245.0789999999997235, -1.591294619120198206, 5245.0789999999997235, 0, 5245.0290000000004511, 0, 5245.0789999999997235, 0, 5245.0789999999997235, 0, 5245.0789999999997235, 0, 5245.0290000000004511, 0, 5245.0789999999997235, 0, 5245.0789999999997235, 0, 5245.0789999999997235, 93.976847502038481252, 5245.0290000000004511, 1, 5245.0789999999997235, 7.982394850521191465, 5245.0789999999997235, 21.629507928607537792
5245.0839999999998327, 107.32222544658719698, 5245.0330000000003565, 1, 5245.0839999999998327, -10.94376975236344407, 5245.0839999999998327, -2.3784532882854065861, 5245.0839999999998327, 0, 5245.0330000000003565, 0, 5245.0839999999998327, 0, 5245.0839999999998327, 0, 5245.0839999999998327, 0, 5245.0330000000003565, 0, 5245.0839999999998327, 0, 5245.0839999999998327, 0, 5245.0839999999998327, 101.7445715348401194, 5245.0330000000003565, 1, 5245.0839999999998327, 6.3794536935691059654, 5245.0839999999998327, 19.353178275623591276
5245.0889999999999418, 108.44309858544525582, 5245.0379999999995562, 1, 5245.0889999999999418, -7.5941696284285225005, 5245.0889999999999418, -1.5314364110838596389, 5245.0889999999999418, 0, 5245.0379999999995562, 0, 5245.0889999999999418, 0, 5245.0889999999999418, 0, 5245.0889999999999418, 0, 5245.0379999999995562, 0, 5245.0889999999999418, 0, 5245.0889999999999418, 0, 5245.0889999999999418, 96.541284454409975524, 5245.0379999999995562, 1, 5245.0889999999999418, 7.5574343621267745519, 5245.0889999999999418, 22.890373294735155696
5245.0940000000000509, 105.06421153950168446, 5245.0429999999996653, 1, 5245.0940000000000509, -8.9922615204295475166, 5245.0940000000000509, -2.3501997585229332799, 5245.0940000000000509, 0, 5245.0429999999996653, 0, 5245.0940000000000509, 0, 5245.0940000000000509, 0, 5245.0940000000000509, 0, 5245.0429999999996653, 0, 5245.0940000000000509, 0, 5245.0940000000000509, 0, 5245.0940000000000509, 104.96230151139091902, 5245.0429999999996653, 1, 5245.0940000000000509, 5.418961732762635819, 5245.0940000000000509, 20.114858474992992399
5245.0990000000001601, 106.51828870141244465, 5245.0489999999999782, 1, 5245.0990000000001601, -4.3608994203985549376, 5245.0990000000001601, -2.1252767357256274749, 5245.0990000000001601, 0, 5245.0489999999999782, 0, 5245.0990000000001601, 0, 5245.0990000000001601, 0, 5245.0990000000001601, 0, 5245.0489999999999782, 0, 5245.0990000000001601, 0, 5245.0990000000001601, 0, 5245.0990000000001601, 102.3664969652079435, 5245.0489999999999782, 1, 5245.0990000000001601, 8.1698894164487363412, 5245.0990000000001601, 22.399293410780394709
5245.1040000000002692, 103.38634109107562153, 5245.0540000000000873, 1, 5245.1040000000002692, -8.6628018771062471615, 5245.1040000000002692, 10.867758693479807164, 5245.1040000000002692, 0, 5245.0540000000000873, 0, 5245.1040000000002692, 0, 5245.1040000000002692, 0, 5245.1040000000002692, 0, 5245.0540000000000873, 0, 5245.1040000000002692, 0, 5245.1040000000002692, 0, 5245.1040000000002692, 105.91958906728601164, 5245.0540000000000873, 1, 5245.1040000000002692, 3.412562710386802145, 5245.1040000000002692, 36.461357209895759013
5245.1090000000003783, 105.55360418547631696, 5245.0579999999999927, 1, 5245.1090000000003783, -2.1092569765941489024, 5245.1090000000003783, 2.788738501282260529, 5245.1090000000003783, 0, 5245.0579999999999927, 0, 5245.1090000000003783, 0, 5245.1090000000003783, 0, 5245.1090000000003783, 0, 5245.0579999999999927, 0, 5245.1090000000003783, 0, 5245.1090000000003783, 0, 5245.1090000000003783, 104.5555084675142723, 5245.0579999999999927, 1, 5245.1090000000003783, 9.9921689790462888681, 5245.1090000000003783, 26.042236869777347863
5245.113999999999578, 102.00081386815011797, 5245.0630000000001019, 1, 5245.113999999999578, -8.6317628783004298754, 5245.113999999999578, 2.0016679163299926358, 5245.113999999999578, 0, 5245.0630000000001019, 0, 5245.113999999999578, 0, 5245.113999999999578, 0, 5245.113999999999578, 0, 5245.0630000000001019, 0, 5245.113999999999578, 0, 5245.113999999999578, 0, 5245.113999999999578, 112.19044129467425819, 5245.0630000000001019, 1, 5245.113999999999578, 2.660896200335356454, 5245.113999999999578, 23.673782000512311186
5245.1189999999996871, 104.03811031986705871, 5245.068000000000211, 1, 5245.1189999999996871, 1.9341425316722149486, 5245.1189999999996871, 1.9798072534537567435, 5245.1189999999996871, 0, 5245.068000000000211, 0, 5245.1189999999996871, 0, 5245.1189999999996871, 0, 5245.1189999999996871, 0, 5245.068000000000211, 0, 5245.1189999999996871, 0, 5245.1189999999996871, 0, 5245.1189999999996871, 107.76585661652852366, 5245.068000000000211, 1, 5245.1189999999996871, 11.656355150397763154, 5245.1189999999996871, 25.845843021344464319
5245.1239999999997963, 100.82314499012964859, 5245.0730000000003201, 1, 5245.1239999999997963, -8.7780720371866820528, 5245.1239999999997963, 1.3540006987680044404, 5245.1239999999997963, 0, 5245.0730000000003201, 0, 5245.1239999999997963, 0, 5245.1239999999997963, 0, 5245.1239999999997963, 0, 5245.0730000000003201, 0, 5245.1239999999997963, 0, 5245.1239999999997963, 0, 5245.1239999999997963, 115.23827945067222345, 5245.0730000000003201, 1, 5245.1239999999997963, 0.053188277157725116773, 5245.1239999999997963, 23.549448656442478978
5245.1289999999999054, 103.62669420017172683, 5245.0780000000004293, 1, 5245.1289999999999054, 5.3045757631077501415, 5245.1289999999999054, 1.0903652621004411571, 5245.1289999999999054, 0, 5245.0780000000004293, 0, 5245.1289999999999054, 0, 5245.1289999999999054, 0, 5245.1289999999999054, 0, 5245.0780000000004293, 0, 5245.1289999999999054, 0, 5245.1289999999999054, 0, 5245.1289999999999054, 110.52674263260857401, 5245.0780000000004293, 1, 5245.1289999999999054, 12.748569124401967656, 5245.1289999999999054, 25.541950518390500235
5245.1340000000000146, 99.117052307472732764, 5245.0829999999996289, 1, 5245.1340000000000146, -8.3675141622004929332, 5245.1340000000000146, 0.76014096987410795236, 5245.1340000000000146, 0, 5245.0829999999996289, 0, 5245.1340000000000146, 0, 5245.1340000000000146, 0, 5245.1340000000000146, 0, 5245.0829999999996289, 0, 5245.1340000000000146, 0, 5245.1340000000000146, 0, 5245.1340000000000146, 116.52493124326960583, 5245.0829999999996289, 1, 5245.1340000000000146, -1.7829392272251729512, 5245.1340000000000146, 23.624823040965431176
5245.1390000000001237, 103.04605926369481494, 5245.0879999999997381, 1, 5245.1390000000001237, 7.7651235321123053268, 5245.1390000000001237, 0.24993445765581157048, 5245.1390000000001237, 0, 5245.0879999999997381, 0, 5245.1390000000001237, 0, 5245.1390000000001237, 0, 5245.1390000000001237, 0, 5245.0879999999997381, 0, 5245.1390000000001237, 0, 5245.1390000000001237, 0, 5245.1390000000001237, 112.13293179106292996, 5245.0879999999997381, 1, 5245.1390000000001237, 13.110551194157004318, 5245.1390000000001237, 25.309049194120447623
5245.1450000000004366, 97.080224752787742659, 5245.0929999999998472, 1, 5245.1450000000004366, -6.4833636099037574851, 5245.1450000000004366, 12.681153815260856277, 5245.1450000000004366, 0, 5245.0929999999998472, 0, 5245.1450000000004366, 0, 5245.1450000000004366, 0, 5245.1450000000004366, 0, 5245.0929999999998472, 0, 5245.1450000000004366, 0, 5245.1450000000004366, 0, 5245.1450000000004366, 116.87977253080181583, 5245.0929999999998472, 1, 5245.1450000000004366, -1.9525923352169152203, 5245.1450000000004366, 25.801893117111525555
5245.149000000000342, 102.37882922519884232, 5245.0979999999999563, 1, 5245.149000000000342, 6.9513745991950264269, 5245.149000000000342, 5.6011353254446305527, 5245.149000000000342, 0, 5245.0979999999999563, 0, 5245.149000000000342, 0, 5245.149000000000342, 0, 5245.149000000000342, 0, 5245.0979999999999563, 0, 5245.149000000000342, 0, 5245.149000000000342, 0, 5245.149000000000342, 112.82689184903804858, 5245.0979999999999563, 1, 5245.149000000000342, 12.69853165584773258, 5245.149000000000342, 29.508265379271655604
5245.1540000000004511, 97.293181187021815504, 5245.1030000000000655, 1, 5245.1540000000004511, -5.4704934687584518826, 5245.1540000000004511, 4.9641390468610353537, 5245.1540000000004511, 0, 5245.1030000000000655, 0, 5245.1540000000004511, 0, 5245.1540000000004511, 0, 5245.1540000000004511, 0, 5245.1030000000000655, 0, 5245.1540000000004511, 0, 5245.1540000000004511, 0, 5245.1540000000004511, 117.15376646274339123, 5245.1030000000000655, 1, 5245.1540000000004511, -0.26497069278248108759, 5245.1540000000004511, 27.989543219477781122
5245.1589999999996508, 100.99174604972060365, 5245.1080000000001746, 1, 5245.1589999999996508, 5.5730957251843662448, 5245.1589999999996508, 4.416912809508914961, 5245.1589999999996508, 0, 5245.1080000000001746, 0, 5245.1589999999996508, 0, 5245.1589999999996508, 0, 5245.1589999999996508, 0, 5245.1080000000001746, 0, 5245.1589999999996508, 0, 5245.1589999999996508, 0, 5245.1589999999996508, 115.17341427497215989, 5245.1080000000001746, 1, 5245.1589999999996508, 9.9007410205802575121, 5245.1589999999996508, 28.492968278145788474
5245.1639999999997599, 97.281630422358901455, 5245.1130000000002838, 1, 5245.1639999999997599, -1.4885152812264721423, 5245.1639999999997599, 3.6039219623967184702, 5245.1639999999997599, 0, 5245.1130000000002838, 0, 5245.1639999999997599, 0, 5245.1639999999997599, 0, 5245.1639999999997599, 0, 5245.1130000000002838, 0, 5245.1639999999997599, 0, 5245.1639999999997599, 0, 5245.1639999999997599, 118.25388973913871382, 5245.1130000000002838, 1, 5245.1639999999997599, 2.4371706141889002417, 5245.1639999999997599, 27.085558632079795416
5245.168999999999869, 99.377838800527911189, 5245.1189999999996871, 1, 5245.168999999999869, 3.8899964124946797561, 5245.168999999999869, 2.8848948313671343158, 5245.168999999999869, 0, 5245.1189999999996871, 0, 5245.168999999999869, 0, 5245.168999999999869, 0, 5245.168999999999869, 0, 5245.1189999999996871, 0, 5245.168999999999869, 0, 5245.168999999999869, 0, 5245.168999999999869, 117.98593984682969449, 5245.1189999999996871, 1, 5245.168999999999869, 7.0836505303260555166, 5245.168999999999869, 26.890480442562761709
5245.1739999999999782, 96.948341650150439364, 5245.1229999999995925, 1, 5245.1739999999999782, 1.6791221760979482269, 5245.1739999999999782, 1.8456994100559995786, 5245.1739999999999782, 0, 5245.1229999999995925, 0, 5245.1739999999999782, 0, 5245.1739999999999782, 0, 5245.1739999999999782, 0, 5245.1229999999995925, 0, 5245.1739999999999782, 0, 5245.1739999999999782, 0, 5245.1739999999999782, 120.29040442334840577, 5245.1229999999995925, 1, 5245.1739999999999782, 4.7132855394740698074, 5245.1739999999999782, 25.43895185326338293
5245.1790000000000873, 97.532375481604447032, 5245.1279999999997017, 1, 5245.1790000000000873, 3.4972902339693385798, 5245.1790000000000873, 0.85706450503077036274, 5245.1790000000000873, 0, 5245.1279999999997017, 0, 5245.1790000000000873, 0, 5245.1790000000000873, 0, 5245.1790000000000873, 0, 5245.1279999999997017, 0, 5245.1790000000000873, 0, 5245.1790000000000873, 0, 5245.1790000000000873, 121.12556286069330724, 5245.1279999999997017, 1, 5245.1790000000000873, 5.9226398318167809975, 5245.1790000000000873, 24.571407271154470209
5245.1840000000001965, 96.495809697040868969, 5245.1329999999998108, 1, 5245.1840000000001965, 3.6074915434231993316, 5245.1840000000001965, -0.53271792811116114308, 5245.1840000000001965, 0, 5245.1329999999998108, 0, 5245.1840000000001965, 0, 5245.1840000000001965, 0, 5245.1840000000001965, 0, 5245.1329999999998108, 0, 5245.1840000000001965, 0, 5245.1840000000001965, 0, 5245.1840000000001965, 123.93718016890036893, 5245.1329999999998108, 1, 5245.1840000000001965, 5.9961141810184965806, 5245.1840000000001965, 22.783992725655224376
5245.1890000000003056, 96.197955109774511584, 5245.13799999999992, 1, 5245.1890000000003056, 3.5336309189247492313, 5245.1890000000003056, 4.9455257622627328828, 5245.1890000000003056, 0, 5245.13799999999992, 0, 5245.1890000000003056, 0, 5245.1890000000003056, 0, 5245.1890000000003056, 0, 5245.13799999999992, 0, 5245.1890000000003056, 0, 5245.1890000000003056, 0, 5245.1890000000003056, 123.56480825458129402, 5245.13799999999992, 1, 5245.1890000000003056, 7.472509814419359131, 5245.1890000000003056, 28.242150063965482332
5245.194999999999709, 94.997545341334415525, 5245.1430000000000291, 1, 5245.194999999999709, 3.791707943056629837, 5245.194999999999709, 3.3811526501928526045, 5245.194999999999709, 0, 5245.1430000000000291, 0, 5245.194999999999709, 0, 5245.194999999999709, 0, 5245.194999999999709, 0, 5245.1430000000000291, 0, 5245.194999999999709, 0, 5245.194999999999709, 0, 5245.194999999999709, 125.02482122246007634, 5245.1430000000000291, 1, 5245.194999999999709, 7.2018482577894218366, 5245.194999999999709, 26.50632642870078115
5245.1989999999996144, 94.731429893122040653, 5245.1480000000001382, 1, 5245.1989999999996144, 4.4190222397130130005, 5245.1989999999996144, 2.0334862906386845793, 5245.1989999999996144, 0, 5245.1480000000001382, 0, 5245.1989999999996144, 0, 5245.1989999999996144, 0, 5245.1989999999996144, 0, 5245.1480000000001382, 0, 5245.1989999999996144, 0, 5245.1989999999996144, 0, 5245.1989999999996144, 124.86807023308416831, 5245.1480000000001382, 1, 5245.1989999999996144, 7.3889554086238335984, 5245.1989999999996144, 25.240173353099287112
5245.2039999999997235, 94.16373598429645142, 5245.1540000000004511, 1, 5245.2039999999997235, 4.7580651621154723685, 5245.2039999999997235, 0.42104344778663715942, 5245.2039999999997235, 0, 5245.1540000000004511, 0, 5245.2039999999997235, 0, 5245.2039999999997235, 0, 5245.2039999999997235, 0, 5245.1540000000004511, 0, 5245.2039999999997235, 0, 5245.2039999999997235, 0, 5245.2039999999997235, 125.65516765259764043, 5245.1540000000004511, 1, 5245.2039999999997235, 7.2601614090184458661, 5245.2039999999997235, 23.525890490578518666
5245.2110000000002401, 93.818766776440895683, 5245.1580000000003565, 1, 5245.2110000000002401, 5.1348170186885102595, 5245.2110000000002401, -1.3827881461750521908, 5245.2110000000002401, 0, 5245.1580000000003565, 0, 5245.2110000000002401, 0, 5245.2110000000002401, 0, 5245.2110000000002401, 0, 5245.1580000000003565, 0, 5245.2110000000002401, 0, 5245.2110000000002401, 0, 5245.2110000000002401, 125.98467904138816209, 5245.1580000000003565, 1, 5245.2110000000002401, 7.2149816221052400778, 5245.2110000000002401, 21.65010153300981699
5245.2160000000003492, 93.795494770546298469, 5245.1629999999995562, 1, 5245.2160000000003492, 5.2456479708341374746, 5245.2160000000003492, -3.0639193277387164471, 5245.2160000000003492, 0, 5245.1629999999995562, 0, 5245.2160000000003492, 0, 5245.2160000000003492, 0, 5245.2160000000003492, 0, 5245.1629999999995562, 0, 5245.2160000000003492, 0, 5245.2160000000003492, 0, 5245.2160000000003492, 125.01453200360592177, 5245.1629999999995562, 1, 5245.2160000000003492, 6.8723531093509162559, 5245.2160000000003492, 19.985204811950460169
5245.2209999999995489, 93.583911013499758269, 5245.1679999999996653, 1, 5245.2209999999995489, 7.8285191834794929377, 5245.2209999999995489, 9.8948782200507707785, 5245.2209999999995489, 0, 5245.1679999999996653, 0, 5245.2209999999995489, 0, 5245.2209999999995489, 0, 5245.2209999999995489, 0, 5245.1679999999996653, 0, 5245.2209999999995489, 0, 5245.2209999999995489, 0, 5245.2209999999995489, 114.94947590825400141, 5245.1679999999996653, 1, 5245.2209999999995489, 2.9396973487004052217, 5245.2209999999995489, 45.92015357869528458
5245.225999999999658, 95.300225053427865873, 5245.1729999999997744, 1, 5245.225999999999658, 7.289491725877633499, 5245.225999999999658, 8.4656734742821058148, 5245.225999999999658, 0, 5245.1729999999997744, 0, 5245.225999999999658, 0, 5245.225999999999658, 0, 5245.225999999999658, 251.31525570052866669, 5245.1729999999997744, 0, 5245.225999999999658, -14.078274817939005814, 5245.225999999999658, -62.79911202119872371, 5245.225999999999658, 119.16552655601351773, 5245.1729999999997744, 1, 5245.225999999999658, 1.851358060277890738, 5245.225999999999658, 44.868551609324157425
5245.2319999999999709, 88.797755799738496307, 5245.1790000000000873, 1, 5245.2319999999999709, -7.0988367842488173665, 5245.2319999999999709, 19.521749132320259434, 5245.2319999999999709, 212.60817225961139343, 5245.1790000000000873, 0, 5245.2319999999999709, 1.5661330318879504997, 5245.2319999999999709, 41.606295387731137225, 5245.2319999999999709, 270.29644980329828741, 5245.1790000000000873, 0, 5245.2319999999999709, -65.960100843173307794, 5245.2319999999999709, -36.120869184127897711, 5245.2319999999999709, 50.479737669263435862, 5245.1790000000000873, 1, 5245.2319999999999709, -22.170229460544298661, 5245.2319999999999709, 35.406305784048896612
5245.23700000000008, 49.170460579360039333, 5245.1850000000004002, 1, 5245.23700000000008, 14.118935169694371012, 5245.23700000000008, 15.380582456767530886, 5245.23700000000008, 217.9969650540504631, 5245.1850000000004002, 0, 5245.23700000000008, 39.834996528732006027, 5245.23700000000008, -9.4830909852415032901, 5245.23700000000008, 172.02364725319364425, 5245.1850000000004002, 0, 5245.23700000000008, -40.471110953895596651, 5245.23700000000008, 8.952343005091734085, 5245.23700000000008, 20.637030042030136912, 5245.1850000000004002, 1, 5245.23700000000008, -13.665224591068891868, 5245.23700000000008, 18.256482403826169048
5245.2409999999999854, 16.575050736840260868, 5245.1880000000001019, 1, 5245.2409999999999854, 11.317942518432667853, 5245.2409999999999854, 7.9041827020416528526, 5245.2409999999999854, 101.5560703331694441, 5245.1880000000001019, 0, 5245.2409999999999854, 17.42438746258575577, 5245.2409999999999854, 4.1504208739953796226, 5245.2409999999999854, 94.652049859308291957, 5245.1880000000001019, 0, 5245.2409999999999854, -19.563064934527549354, 5245.2409999999999854, 11.938027855407653988, 5245.2409999999999854, 25.726423206655951503, 5245.1880000000001019, 1, 5245.2409999999999854, -5.8934460114717852619, 5245.2409999999999854, 21.104213885718777988
5245.2470000000002983, 9.6993957762842821779, 5245.193000000000211, 1, 5245.2470000000002983, 6.6265361824004767044, 5245.2470000000002983, 5.194083127259213839, 5245.2470000000002983, 65.910746434811116501, 5245.193000000000211, 0, 5245.2470000000002983, 9.4784857203326584596, 5245.2470000000002983, 4.274215299163518722, 5245.2470000000002983, 76.518101368379419114, 5245.193000000000211, 0, 5245.2470000000002983, -12.138830870830302544, 5245.2470000000002983, 7.9607600208165543165, 5245.2470000000002983, 31.320022613564852065, 5245.193000000000211, 1, 5245.2470000000002983, -0.70125432060984682625, 5245.2470000000002983, 24.456194191082683886
5245.2520000000004075, 7.9900918953061985661, 5245.1980000000003201, 1, 5245.2520000000004075, 5.374740083335941776, 5245.2520000000004075, 3.8155748311804695838, 5245.2520000000004075, 42.121144789467990677, 5245.1980000000003201, 0, 5245.2520000000004075, 3.8689628302134351223, 5245.2520000000004075, 2.8585021399691008526, 5245.2520000000004075, 58.673430062808307639, 5245.1980000000003201, 0, 5245.2520000000004075, -5.9717113868236602059, 5245.2520000000004075, 5.531449743034368538, 5245.2520000000004075, 37.864112945824807355, 5245.1980000000003201, 1, 5245.2520000000004075, 2.9423223340366364553, 5245.2520000000004075, 23.844707231481422127
5245.2569999999996071, 10.288522247312545943, 5245.2030000000004293, 1, 5245.2569999999996071, 6.7636315055164510923, 5245.2569999999996071, 3.4431776792669714915, 5245.2569999999996071, 26.784546546827741054, 5245.2030000000004293, 0, 5245.2569999999996071, -0.22591761589701053747, 5245.2569999999996071, 0.12083523936988882497, 5245.2569999999996071, 40.51927024573578251, 5245.2030000000004293, 0, 5245.2569999999996071, -0.98979304968787285013, 5245.2569999999996071, 4.1170798530529246761, 5245.2569999999996071, 43.193945631918310823, 5245.2030000000004293, 1, 5245.2569999999996071, 4.9697827880304599191, 5245.2569999999996071, 22.747196940708164448
5245.2619999999997162, 13.417547380684053948, 5245.2079999999996289, 1, 5245.2619999999997162, 8.8413067416651749397, 5245.2619999999997162, 4.2323358010691309872, 5245.2619999999997162, 26.8010100490417571, 5245.2079999999996289, 0, 5245.2619999999997162, -1.5901620919066679072, 5245.2619999999997162, -1.5504144544673970074, 5245.2619999999997162, 33.235117129973396288, 5245.2079999999996289, 0, 5245.2619999999997162, 0.60020801189952732724, 5245.2619999999997162, 5.3895819368162030116, 5245.2619999999997162, 45.266806610109917131, 5245.2079999999996289, 1, 5245.2619999999997162, 5.6176433012712490012, 5245.2619999999997162, 24.900019524638576485
5245.2669999999998254, 18.386366559504832452, 5245.2129999999997381, 1, 5245.2669999999998254, 9.2744411549303382714, 5245.2669999999998254, 3.5404032176232718143, 5245.2669999999998254, 28.666410468039750015, 5245.2129999999997381, 0, 5245.2669999999998254, -2.5570176991081603468, 5245.2669999999998254, -6.6325792294960130846, 5245.2669999999998254, 28.351338022015760032, 5245.2129999999997381, 0, 5245.2669999999998254, 1.350783310371165058, 5245.2669999999998254, 2.119921317503882463, 5245.2669999999998254, 50.840123254551670584, 5245.2129999999997381, 1, 5245.2669999999998254, 7.117794158563773621, 5245.2669999999998254, 18.026009718635666701
5245.2719999999999345, 25.416083123334043847, 5245.2190000000000509, 1, 5245.2719999999999345, 7.1214428849019331125, 5245.2719999999999345, 3.9024723826082006184, 5245.2719999999999345, 32.030563446012294548, 5245.2190000000000509, 0, 5245.2719999999999345, -2.7139736735928474687, 5245.2719999999999345, -9.480262615493627365, 5245.2719999999999345, 25.569392437803447393, 5245.2190000000000509, 0, 5245.2719999999999345, 1.7271893287999828814, 5245.2719999999999345, 1.5715025794093708811, 5245.2719999999999345, 52.645637363887288984, 5245.2190000000000509, 1, 5245.2719999999999345, 7.2707912529007590052, 5245.2719999999999345, 17.6600303440817612
5245.2770000000000437, 33.516410220638881867, 5245.2229999999999563, 1, 5245.2770000000000437, 5.2435534411148854161, 5245.2770000000000437, 4.0727190655415999032, 5245.2770000000000437, 36.151538747585263422, 5245.2229999999999563, 0, 5245.2770000000000437, -2.15068720711984529, 5245.2770000000000437, -12.407052802465640795, 5245.2770000000000437, 24.46134302506437308, 5245.2229999999999563, 0, 5245.2770000000000437, 2.0961723907888343277, 5245.2770000000000437, 0.54107303872127765487, 5245.2770000000000437, 53.779625740735383488, 5245.2229999999999563, 1, 5245.2770000000000437, 7.4587580343556201257, 5245.2770000000000437, 17.215545875035317636
5245.2820000000001528, 40.415420363846934038, 5245.2280000000000655, 1, 5245.2820000000001528, 3.640815348594250267, 5245.2820000000001528, 3.9975700589125153783, 5245.2820000000001528, 40.871792423359188717, 5245.2280000000000655, 0, 5245.2820000000001528, -1.334422943129779604, 5245.2820000000001528, -15.250302163244539244, 5245.2820000000001528, 24.6298427620944409, 5245.2280000000000655, 0, 5245.2820000000001528, 2.094329534381572433, 5245.2820000000001528, -0.68812878419214484893, 5245.2820000000001528, 53.91542167262412022, 5245.2280000000000655, 1, 5245.2820000000001528, 7.3128689399371005209, 5245.2820000000001528, 16.728686095897593589
5245.2870000000002619, 46.0920876757310225, 5245.2340000000003783, 1, 5245.2870000000002619, 2.3203113921019045129, 5245.2870000000002619, 3.7874900376865028306, 5245.2870000000002619, 44.466530225519164787, 5245.2340000000003783, 1, 5245.2870000000002619, -0.61830622446774474721, 5245.2870000000002619, -17.666841991898472486, 5245.2870000000002619, 24.843094657563643324, 5245.2340000000003783, 1, 5245.2870000000002619, 2.0356644479751855314, 5245.2870000000002619, -1.9299021154438786851, 5245.2870000000002619, 54.170255722598341208, 5245.2340000000003783, 1, 5245.2870000000002619, 7.1346082875188923111, 5245.2870000000002619, 16.196229504307279257
5245.2920000000003711, 49.889265355534888613, 5245.2380000000002838, 1, 5245.2920000000003711, 1.4404879299034696327, 5245.2920000000003711, 3.4351655859266472248, 5245.2920000000003711, 47.649233083344356032, 5245.2380000000002838, 1, 5245.2920000000003711, 0.052261236056897225621, 5245.2920000000003711, -19.657009456338251141, 5245.2920000000003711, 25.325548563064106844, 5245.2380000000002838, 1, 5245.2920000000003711, 1.8458695158787863377, 5245.2920000000003711, -2.9865019694136947237, 5245.2920000000003711, 53.29208569862524314, 5245.2380000000002838, 1, 5245.2920000000003711, 6.6817990262629702869, 5245.2920000000003711, 15.667341964813040533
5245.2969999999995707, 53.096638899386725541, 5245.2430000000003929, 1, 5245.2969999999995707, 0.68905195076973368984, 5245.2969999999995707, 3.0177178996144675693, 5245.2969999999995707, 50.24985654013675429, 5245.2430000000003929, 1, 5245.2969999999995707, 0.65192296220215539826, 5245.2969999999995707, -21.449398652064839865, 5245.2969999999995707, 25.82533631361063442, 5245.2430000000003929, 1, 5245.2969999999995707, 1.6503230861953290809, 5245.2969999999995707, -4.0543254844939298209, 5245.2969999999995707, 52.450640816819372958, 5245.2430000000003929, 1, 5245.2969999999995707, 6.2372450690653415961, 5245.2969999999995707, 15.112870490264473489
5245.3019999999996799, 54.132511039724732882, 5245.2489999999997963, 1, 5245.3019999999996799, 1.8528019644449882364, 5245.3019999999996799, 10.623612775609744929, 5245.3019999999996799, 54.795055241487162334, 5245.2489999999997963, 1, 5245.3019999999996799, 1.1939595232397470781, 5245.3019999999996799, -16.084508783139945365, 5245.3019999999996799, 26.702319932186213691, 5245.2489999999997963, 1, 5245.3019999999996799, 1.3985869622786799571, 5245.3019999999996799, -1.2054118459281237818, 5245.3019999999996799, 46.855000890774924471, 5245.2489999999997963, 1, 5245.3019999999996799, 4.2854094564386517874, 5245.3019999999996799, 25.406727409545645457
5245.306999999999789, 55.740082483378223799, 5245.2529999999997017, 1, 5245.306999999999789, 0.17735931883155808819, 5245.306999999999789, 7.2256268220220363219, 5245.306999999999789, 55.52439272922536162, 5245.2529999999997017, 1, 5245.306999999999789, 1.9094807343268698219, 5245.306999999999789, -19.843559981325565644, 5245.306999999999789, 26.901036666483861381, 5245.2529999999997017, 1, 5245.306999999999789, 1.1277294214023629859, 5245.306999999999789, -3.711960358934563331, 5245.306999999999789, 47.629379541436151158, 5245.2529999999997017, 1, 5245.306999999999789, 4.6062638468450680662, 5245.306999999999789, 19.073003824367873449
5245.3119999999998981, 60.297806806811145464, 5245.2579999999998108, 1, 5245.3119999999998981, 0.8992211074803510007, 5245.3119999999998981, 24.809880285629610341, 5245.3119999999998981, 57.554284706282587081, 5245.2579999999998108, 1, 5245.3119999999998981, 1.2767230506927891298, 5245.3119999999998981, -18.249105656751286375, 5245.3119999999998981, 29.852861158699745658, 5245.2579999999998108, 1, 5245.3119999999998981, 0.28416655567884185896, 5245.3119999999998981, -3.5233635111326861988, 5245.3119999999998981, 50.216528610658087928, 5245.2579999999998108, 1, 5245.3119999999998981, 4.7452723993928875856, 5245.3119999999998981, 34.154807623188105481
5245.3170000000000073, 45.391383105648266394, 5245.26299999999992, 1, 5245.3170000000000073, 1.2420026847517604551, 5245.3170000000000073, 25.668261035418691307, 5245.3170000000000073, 53.671943274809699176, 5245.26299999999992, 1, 5245.3170000000000073, 0.54775501888571287434, 5245.3170000000000073, -20.421588987880987531, 5245.3170000000000073, 38.188530397263960481, 5245.26299999999992, 1, 5245.3170000000000073, -2.1570683183922696458, 5245.3170000000000073, -8.318025440697125461, 5245.3170000000000073, 41.777394649710821284, 5245.26299999999992, 1, 5245.3170000000000073, 3.6213754176038310817, 5245.3170000000000073, 30.711529883262333129
5245.3220000000001164, 0, 5245.2680000000000291, 1, 5245.3220000000001164, 0, 5245.3220000000001164, 0, 5245.3220000000001164, 58.156478037965200656, 5245.2680000000000291, 1, 5245.3220000000001164, 2.7591864025797385729, 5245.3220000000001164, -25.218325300185519211, 5245.3220000000001164, 62.458984116194116609, 5245.2680000000000291, 1, 5245.3220000000001164, -6.8736200340524851171, 5245.3220000000001164, -16.983267280919200459, 5245.3220000000001164, 0, 5245.2680000000000291, 1, 5245.3220000000001164, 0, 5245.3220000000001164, 0
5245.3270000000002256, 0, 5245.2730000000001382, 1, 5245.3270000000002256, 0, 5245.3270000000002256, 0, 5245.3270000000002256, 71.836298789602764714, 5245.2730000000001382, 1, 5245.3270000000002256, 6.5716771516171146317, 5245.3270000000002256, -27.486306332814162801, 5245.3270000000002256, 68.652219379531743471, 5245.2730000000001382, 1, 5245.3270000000002256, -6.9150916334927279294, 5245.3270000000002256, -17.225794235057335868, 5245.3270000000002256, 0, 5245.2730000000001382, 1, 5245.3270000000002256, 0, 5245.3270000000002256, 0
5245.3320000000003347, 0, 5245.2780000000002474, 1, 5245.3320000000003347, 0, 5245.3320000000003347, 0, 5245.3320000000003347, 85.859075001700148277, 5245.2780000000002474, 1, 5245.3320000000003347, 9.4488382307257126058, 5245.3320000000003347, -29.633563569265199078, 5245.3320000000003347, 72.782609695751673939, 5245.2780000000002474, 1, 5245.3320000000003347, -4.7794828586319813013, 5245.3320000000003347, -16.798277100943074913, 5245.3320000000003347, 0, 5245.2780000000002474, 1, 5245.3320000000003347, 0, 5245.3320000000003347, 0
5245.3419999999996435, 0, 5245.2830000000003565, 1, 5245.3419999999996435, 0, 5245.3419999999996435, 0, 5245.3419999999996435, 96.475716860076360604, 5245.2830000000003565, 1, 5245.3419999999996435, 11.576331895194522659, 5245.3419999999996435, -26.408342971715150327, 5245.3419999999996435, 68.248362264519499831, 5245.2830000000003565, 1, 5245.3419999999996435, -5.4049156295730895749, 5245.3419999999996435, -10.630039198865389949, 5245.3419999999996435, 0, 5245.2830000000003565, 1, 5245.3419999999996435, 0, 5245.3419999999996435, 0
5245.3419999999996435, 0, 5245.2889999999997599, 1, 5245.3419999999996435, 0, 5245.3419999999996435, 0, 5245.3419999999996435, 107.07972911275992089, 5245.2889999999997599, 1, 5245.3419999999996435, 14.01199821115294597, 5245.3419999999996435, -27.69111049899406396, 5245.3419999999996435, 73.191702468796194125, 5245.2889999999997599, 1, 5245.3419999999996435, -1.9261891915395681352, 5245.3419999999996435, -10.515558431469973044, 5245.3419999999996435, 0, 5245.2889999999997599, 1, 5245.3419999999996435, 0, 5245.3419999999996435, 0
5245.3519999999998618, 0, 5245.293999999999869, 1, 5245.3519999999998618, 0, 5245.3519999999998618, 0, 5245.3519999999998618, 113.00831125869473226, 5245.293999999999869, 1, 5245.3519999999998618, 15.62692559547837412, 5245.3519999999998618, -24.299396219895001536, 5245.3519999999998618, 66.855833352345172216, 5245.293999999999869, 1, 5245.3519999999998618, -2.3030664539452723183, 5245.3519999999998618, -5.2290449350813723584, 5245.3519999999998618, 0, 5245.293999999999869, 1, 5245.3519999999998618, 0, 5245.3519999999998618, 0
5245.3569999999999709, 0, 5245.2979999999997744, 1, 5245.3569999999999709, 0, 5245.3569999999999709, 0, 5245.3569999999999709, 119.27278277748024493, 5245.2979999999997744, 1, 5245.3569999999999709, 16.886220083997198316, 5245.3569999999999709, -24.711642073670688546, 5245.3569999999999709, 69.403785113477738378, 5245.2979999999997744, 1, 5245.3569999999999709, 1.2635190911361049437, 5245.3569999999999709, -4.6280093870894063457, 5245.3569999999999709, 0, 5245.2979999999997744, 1, 5245.3569999999999709, 0, 5245.3569999999999709, 0
5245.36200000000008, 0, 5245.3029999999998836, 1, 5245.36200000000008, 0, 5245.36200000000008, 0, 5245.36200000000008, 123.53968277499271267, 5245.3029999999998836, 1, 5245.36200000000008, 18.18458325931599262, 5245.36200000000008, -23.368280493780005713, 5245.36200000000008, 62.860037465525479661, 5245.3029999999998836, 1, 5245.36200000000008, 1.0673754993952793146, 5245.36200000000008, -0.89381576461731881977, 5245.36200000000008, 0, 5245.3029999999998836, 1, 5245.36200000000008, 0, 5245.36200000000008, 0
5245.3670000000001892, 0, 5245.3079999999999927, 0, 5245.3670000000001892, 0, 5245.3670000000001892, 0, 5245.3670000000001892, 128.35607149049025111, 5245.3079999999999927, 1, 5245.3670000000001892, 19.126084318468940637, 5245.3670000000001892, -23.402759825464315213, 5245.3670000000001892, 65.019010710362039163, 5245.3079999999999927, 1, 5245.3670000000001892, 4.3570723442360810296, 5245.3670000000001892, -0.13206373900052170711, 5245.3670000000001892, 0, 5245.3079999999999927, 0, 5245.3670000000001892, 0, 5245.3670000000001892, 0
5245.3720000000002983, 0, 5245.3149999999995998, 0, 5245.3720000000002983, 0, 5245.3720000000002983, 0, 5245.3720000000002983, 129.14465786405702374, 5245.3149999999995998, 1, 5245.3720000000002983, 19.450324905256472618, 5245.3720000000002983, -22.000790720005412027, 5245.3720000000002983, 59.630983281676265051, 5245.3149999999995998, 1, 5245.3720000000002983, 3.5404688061212619132, 5245.3720000000002983, 2.9083862737346599658, 5245.3720000000002983, 0, 5245.3149999999995998, 0, 5245.3720000000002983, 0, 5245.3720000000002983, 0
5245.3770000000004075, 0, 5245.318000000000211, 0, 5245.3770000000004075, 0, 5245.3770000000004075, 0, 5245.3770000000004075, 131.99358624389287797, 5245.318000000000211, 1, 5245.3770000000004075, 19.964269343976003057, 5245.3770000000004075, -22.083389343829985307, 5245.3770000000004075, 63.423470298124698274, 5245.318000000000211, 1, 5245.3770000000004075, 6.2904954849551772966, 5245.3770000000004075, 2.9404381413340452411, 5245.3770000000004075, 0, 5245.318000000000211, 0, 5245.3770000000004075, 0, 5245.3770000000004075, 0
5245.3819999999996071, 0, 5245.3230000000003201, 0, 5245.3819999999996071, 0, 5245.3819999999996071, 0, 5245.3819999999996071, 132.36938648240152361, 5245.3230000000003201, 1, 5245.3819999999996071, 20.005124296281415752, 5245.3819999999996071, -18.730956198372957999, 5245.3819999999996071, 58.921389678047987104, 5245.3230000000003201, 1, 5245.3819999999996071, 4.6126485108972428151, 5245.3819999999996071, 2.881459496024120881, 5245.3819999999996071, 0, 5245.3230000000003201, 0, 5245.3819999999996071, 0, 5245.3819999999996071, 0
5245.3869999999997162, 0, 5245.3280000000004293, 0, 5245.3869999999997162, 0, 5245.3869999999997162, 0, 5245.3869999999997162, 133.93975869166663983, 5245.3280000000004293, 1, 5245.3869999999997162, 19.803067469100415821, 5245.3869999999997162, -12.851924512343735785, 5245.3869999999997162, 63.314080734689312635, 5245.3280000000004293, 1, 5245.3869999999997162, 7.3015703847079249655, 5245.3869999999997162, 8.9050136447407588491, 5245.3869999999997162, 0, 5245.3280000000004293, 0, 5245.3869999999997162, 0, 5245.3869999999997162, 0
5245.3909999999996217, 0, 5245.3339999999998327, 0, 5245.3909999999996217, 0, 5245.3909999999996217, 0, 5245.3909999999996217, 133.14886969120874483, 5245.3339999999998327, 1, 5245.3909999999996217, 19.580040767489702347, 5245.3909999999996217, -11.679391814980959907, 5245.3909999999996217, 59.973803059566975548, 5245.3339999999998327, 1, 5245.3909999999996217, 5.6978272189324608021, 5245.3909999999996217, 10.841063366060154749, 5245.3909999999996217, 0, 5245.3339999999998327, 0, 5245.3909999999996217, 0, 5245.3909999999996217, 0
5245.3969999999999345, 0, 5245.3379999999997381, 0, 5245.3969999999999345, 0, 5245.3969999999999345, 0, 5245.3969999999999345, 132.79435774766847089, 5245.3379999999997381, 1, 5245.3969999999999345, 18.954610074097608674, 5245.3969999999999345, -12.016095917091803358, 5245.3969999999999345, 66.417777825424963112, 5245.3379999999997381, 1, 5245.3969999999999345, 7.2422588734688480017, 5245.3969999999999345, 10.001923560073155528, 5245.3969999999999345, 0, 5245.3379999999997381, 0, 5245.3969999999999345, 0, 5245.3969999999999345, 0
5245.4020000000000437, 0, 5245.3429999999998472, 0, 5245.4020000000000437, 0, 5245.4020000000000437, 0, 5245.4020000000000437, 132.43548239712129089, 5245.3429999999998472, 1, 5245.4020000000000437, 18.643598543687811997, 5245.4020000000000437, -10.763541916922577002, 5245.4020000000000437, 62.412953995806205398, 5245.3429999999998472, 1, 5245.4020000000000437, 5.7295905929066082152, 5245.4020000000000437, 12.091202028433066573, 5245.4020000000000437, 0, 5245.3429999999998472, 0, 5245.4020000000000437, 0, 5245.4020000000000437, 0
5245.4059999999999491, 0, 5245.3479999999999563, 0, 5245.4059999999999491, 0, 5245.4059999999999491, 0, 5245.4059999999999491, 131.75337317425933747, 5245.3479999999999563, 1, 5245.4059999999999491, 17.875466560450469444, 5245.4059999999999491, -11.041798483910262973, 5245.4059999999999491, 68.371225607999903673, 5245.3479999999999563, 1, 5245.4059999999999491, 7.1253654043692176145, 5245.4059999999999491, 11.31603732746109614, 5245.4059999999999491, 0, 5245.3479999999999563, 0, 5245.4059999999999491, 0, 5245.4059999999999491, 0
5245.4120000000002619, 0, 5245.3530000000000655, 0, 5245.4120000000002619, 0, 5245.4120000000002619, 0, 5245.4120000000002619, 130.24499535121950089, 5245.3530000000000655, 1, 5245.4120000000002619, 17.31124838607449945, 5245.4120000000002619, -10.140541158179708248, 5245.4120000000002619, 66.486187690783637549, 5245.3530000000000655, 1, 5245.4120000000002619, 5.1907838006875230974, 5245.4120000000002619, 12.671917442247007557, 5245.4120000000002619, 0, 5245.3530000000000655, 0, 5245.4120000000002619, 0, 5245.4120000000002619, 0
5245.4170000000003711, 0, 5245.3580000000001746, 0, 5245.4170000000003711, 0, 5245.4170000000003711, 0, 5245.4170000000003711, 129.22334214812354958, 5245.3580000000001746, 1, 5245.4170000000003711, 16.408804134499487049, 5245.4170000000003711, -10.569740746501786077, 5245.4170000000003711, 72.946994014614716662, 5245.3580000000001746, 1, 5245.4170000000003711, 6.3250612580827461073, 5245.4170000000003711, 11.614899101007562621, 5245.4170000000003711, 0, 5245.3580000000001746, 0, 5245.4170000000003711, 0, 5245.4170000000003711, 0
5245.4170000000003711, 0, 5245.3630000000002838, 0, 5245.4170000000003711, 0, 5245.4170000000003711, 0, 5245.4170000000003711, 127.80768114482536646, 5245.3630000000002838, 1, 5245.4170000000003711, 15.744196360223416065, 5245.4170000000003711, -9.7461098664704195471, 5245.4170000000003711, 71.119023555005043136, 5245.3630000000002838, 1, 5245.4170000000003711, 4.393460377276824147, 5245.4170000000003711, 12.874454804092884785, 5245.4170000000003711, 0, 5245.3630000000002838, 0, 5245.4170000000003711, 0, 5245.4170000000003711, 0
5245.4269999999996799, 0, 5245.3680000000003929, 0, 5245.4269999999996799, 0, 5245.4269999999996799, 0, 5245.4269999999996799, 126.96272343296308804, 5245.3680000000003929, 1, 5245.4269999999996799, 14.765431712838797296, 5245.4269999999996799, -2.3270511132550240063, 5245.4269999999996799, 76.605677830175551435, 5245.3680000000003929, 1, 5245.4269999999996799, 5.3869902123829476182, 5245.4269999999996799, 16.534479562599191382, 5245.4269999999996799, 0, 5245.3680000000003929, 0, 5245.4269999999996799, 0, 5245.4269999999996799, 0
5245.431999999999789, 0, 5245.3729999999995925, 0, 5245.431999999999789, 0, 5245.431999999999789, 0, 5245.431999999999789, 125.47942964945343647, 5245.3729999999995925, 1, 5245.431999999999789, 14.044531678367384586, 5245.431999999999789, -1.6712964306501234546, 5245.431999999999789, 74.728698768907406702, 5245.3729999999995925, 1, 5245.431999999999789, 3.5108103221926159065, 5245.431999999999789, 17.578303694849619632, 5245.431999999999789, 0, 5245.3729999999995925, 0, 5245.431999999999789, 0, 5245.431999999999789, 0
5245.4369999999998981, 0, 5245.3779999999997017, 0, 5245.4369999999998981, 0, 5245.4369999999998981, 0, 5245.4369999999998981, 124.15927302529306075, 5245.3779999999997017, 1, 5245.4369999999998981, 13.068355132032239752, 5245.4369999999998981, -2.3123712525172166465, 5245.4369999999998981, 81.003971709943272117, 5245.3779999999997017, 1, 5245.4369999999998981, 4.4241856947711806214, 5245.4369999999998981, 16.735327803073573705, 5245.4369999999998981, 0, 5245.3779999999997017, 0, 5245.4369999999998981, 0, 5245.4369999999998981, 0
5245.4369999999998981, 0, 5245.3829999999998108, 0, 5245.4369999999998981, 0, 5245.4369999999998981, 0, 5245.4369999999998981, 122.76656504553128002, 5245.3829999999998108, 1, 5245.4369999999998981, 12.316655947745841715, 5245.4369999999998981, -1.6856382541763892391, 5245.4369999999998981, 78.890794745790458364, 5245.3829999999998108, 1, 5245.4369999999998981, 2.6776532499569287715, 5245.4369999999998981, 17.755777306977321928, 5245.4369999999998981, 0, 5245.3829999999998108, 0, 5245.4369999999998981, 0, 5245.4369999999998981, 0
5245.4420000000000073, 0, 5245.38799999999992, 0, 5245.4420000000000073, 0, 5245.4420000000000073, 0, 5245.4420000000000073, 121.39134611954912657, 5245.38799999999992, 1, 5245.4420000000000073, 11.483186165350872443, 5245.4420000000000073, -2.355359826382027677, 5245.4420000000000073, 84.809394618730649995, 5245.38799999999992, 1, 5245.4420000000000073, 3.6556290617688667055, 5245.4420000000000073, 16.866744780546774507, 5245.4420000000000073, 0, 5245.38799999999992, 0, 5245.4420000000000073, 0, 5245.4420000000000073, 0
5245.4470000000001164, 0, 5245.3930000000000291, 0, 5245.4470000000001164, 0, 5245.4470000000001164, 0, 5245.4470000000001164, 120.22493938474730157, 5245.3930000000000291, 1, 5245.4470000000001164, 10.52190722710750137, 5245.4470000000001164, -1.7370144953783963615, 5245.4470000000001164, 82.298504605593592487, 5245.3930000000000291, 1, 5245.4470000000001164, 1.8979067630050412419, 5245.4470000000001164, 17.914048320514204704, 5245.4470000000001164, 0, 5245.3930000000000291, 0, 5245.4470000000001164, 0, 5245.4470000000001164, 0
5245.4570000000003347, 0, 5245.3980000000001382, 0, 5245.4570000000003347, 0, 5245.4570000000003347, 0, 5245.4570000000003347, 118.78552025387784852, 5245.3980000000001382, 1, 5245.4570000000003347, 10.144873588934611774, 5245.4570000000003347, -2.4091308742683139599, 5245.4570000000003347, 87.836153473231917133, 5245.3980000000001382, 1, 5245.4570000000003347, 3.2139589340282483931, 5245.4570000000003347, 16.987133552303099293, 5245.4570000000003347, 0, 5245.3980000000001382, 0, 5245.4570000000003347, 0, 5245.4570000000003347, 0
5245.4610000000002401, 0, 5245.4030000000002474, 0, 5245.4610000000002401, 0, 5245.4610000000002401, 0, 5245.4610000000002401, 117.89720814269480798, 5245.4030000000002474, 1, 5245.4610000000002401, 8.564713236460709922, 5245.4610000000002401, -1.7974320339458458307, 5245.4610000000002401, 84.881917522404137344, 5245.4030000000002474, 1, 5245.4610000000002401, 1.0641899873746945016, 5245.4610000000002401, 18.076840893900339324, 5245.4610000000002401, 0, 5245.4030000000002474, 0, 5245.4610000000002401, 0, 5245.4610000000002401, 0
5245.4650000000001455, 0, 5245.4080000000003565, 0, 5245.4650000000001455, 0, 5245.4650000000001455, 0, 5245.4650000000001455, 116.59005043415959335, 5245.4080000000003565, 1, 5245.4650000000001455, 8.2435695448809749308, 5245.4650000000001455, 5.401187351615909904, 5245.4650000000001455, 88.864547020737973071, 5245.4080000000003565, 1, 5245.4650000000001455, 3.4171475004016262922, 5245.4650000000001455, 22.90000385139843786, 5245.4650000000001455, 0, 5245.4080000000003565, 0, 5245.4650000000001455, 0, 5245.4650000000001455, 0
5245.4719999999997526, 0, 5245.4129999999995562, 0, 5245.4719999999997526, 0, 5245.4719999999997526, 0, 5245.4719999999997526, 114.88657094105641931, 5245.4129999999995562, 1, 5245.4719999999997526, 9.1973138630306969787, 5245.4719999999997526, 4.9667066423733743363, 5245.4719999999997526, 87.600388145816566521, 5245.4129999999995562, 1, 5245.4719999999997526, 1.948836780254246781, 5245.4719999999997526, 23.372697759724786692, 5245.4719999999997526, 0, 5245.4129999999995562, 0, 5245.4719999999997526, 0, 5245.4719999999997526, 0
5245.4769999999998618, 0, 5245.4179999999996653, 0, 5245.4769999999998618, 0, 5245.4769999999998618, 0, 5245.4769999999998618, 114.00402792181033362, 5245.4179999999996653, 1, 5245.4769999999998618, 7.2907278161389799109, 5245.4769999999998618, 5.0260622900723816997, 5245.4769999999998618, 89.135605626199662765, 5245.4179999999996653, 1, 5245.4769999999998618, 1.8309538533921618786, 5245.4769999999998618, 23.330045893628280851, 5245.4769999999998618, 0, 5245.4179999999996653, 0, 5245.4769999999998618, 0, 5245.4769999999998618, 0
5245.4819999999999709, 0, 5245.4229999999997744, 0, 5245.4819999999999709, 0, 5245.4819999999999709, 0, 5245.4819999999999709, 113.83781849814033649, 5245.4229999999997744, 1, 5245.4819999999999709, 4.4135526537165725713, 5245.4819999999999709, 5.2107261728082647778, 5245.4819999999999709, 87.441774363925134139, 5245.4229999999997744, 1, 5245.4819999999999709, -1.0135945001128241483, 5245.4819999999999709, 23.801738844086024471, 5245.4819999999999709, 0, 5245.4229999999997744, 0, 5245.4819999999999709, 0, 5245.4819999999999709, 0
5245.48700000000008, 0, 5245.4279999999998836, 0, 5245.48700000000008, 0, 5245.48700000000008, 0, 5245.48700000000008, 111.03471264813842367, 5245.4279999999998836, 1, 5245.48700000000008, 7.6930296206461648012, 5245.48700000000008, 4.3211387725320022923, 5245.48700000000008, 92.878576065810563023, 5245.4279999999998836, 1, 5245.48700000000008, 3.3814518137117817176, 5245.48700000000008, 22.966151038799488049, 5245.48700000000008, 0, 5245.4279999999998836, 0, 5245.48700000000008, 0, 5245.48700000000008, 0
5245.48700000000008, 0, 5245.4329999999999927, 0, 5245.48700000000008, 0, 5245.48700000000008, 0, 5245.48700000000008, 111.24494501071816899, 5245.4329999999999927, 1, 5245.48700000000008, 3.4297160077511743559, 5245.48700000000008, 4.4245955487345369761, 5245.48700000000008, 90.929451978028978942, 5245.4329999999999927, 1, 5245.48700000000008, -1.0255550713350669589, 5245.48700000000008, 23.344116919223480977, 5245.48700000000008, 0, 5245.4329999999999927, 0, 5245.48700000000008, 0, 5245.48700000000008, 0
5245.4920000000001892, 0, 5245.4380000000001019, 0, 5245.4920000000001892, 0, 5245.4920000000001892, 0, 5245.4920000000001892, 108.99982360930138725, 5245.4380000000001019, 1, 5245.4920000000001892, 5.650512176529674413, 5245.4920000000001892, 3.5609595552533122031, 5245.4920000000001892, 95.345218079218142293, 5245.4380000000001019, 1, 5245.4920000000001892, 1.9034634496924105473, 5245.4920000000001892, 22.533469497415502758, 5245.4920000000001892, 0, 5245.4380000000001019, 0, 5245.4920000000001892, 0, 5245.4920000000001892, 0
5245.4970000000002983, 0, 5245.443000000000211, 0, 5245.4970000000002983, 0, 5245.4970000000002983, 0, 5245.4970000000002983, 108.54673516113717824, 5245.443000000000211, 1, 5245.4970000000002983, 2.8879036699798175114, 5245.4970000000002983, 3.2514347770778613267, 5245.4970000000002983, 95.122033417785843312, 5245.443000000000211, 1, 5245.4970000000002983, -0.86952293870480068527, 5245.4970000000002983, 22.428185309076226872, 5245.4970000000002983, 0, 5245.443000000000211, 0, 5245.4970000000002983, 0, 5245.4970000000002983, 0
5245.5060000000003129, 0, 5245.4480000000003201, 0, 5245.5060000000003129, 0, 5245.5060000000003129, 0, 5245.5060000000003129, 106.3875290814817447, 5245.4480000000003201, 1, 5245.5060000000003129, 3.4520315220689390401, 5245.5060000000003129, 9.4252229241446627839, 5245.5060000000003129, 96.955461797844151306, 5245.4480000000003201, 1, 5245.5060000000003129, 0.20254684595940197767, 5245.5060000000003129, 28.087269664255686052, 5245.5060000000003129, 0, 5245.4480000000003201, 0, 5245.5060000000003129, 0, 5245.5060000000003129, 0
5245.5069999999996071, 0, 5245.4530000000004293, 0, 5245.5069999999996071, 0, 5245.5069999999996071, 0, 5245.5069999999996071, 105.40949707051748874, 5245.4530000000004293, 1, 5245.5069999999996071, 1.9751298950236315655, 5245.5069999999996071, 8.6811642774217858687, 5245.5069999999996071, 97.838438943070613618, 5245.4530000000004293, 1, 5245.5069999999996071, -1.1202989000312963963, 5245.5069999999996071, 27.611099610659358916, 5245.5069999999996071, 0, 5245.4530000000004293, 0, 5245.5069999999996071, 0, 5245.5069999999996071, 0
5245.5119999999997162, 0, 5245.4579999999996289, 0, 5245.5119999999997162, 0, 5245.5119999999997162, 0, 5245.5119999999997162, 103.70840141407130375, 5245.4579999999996289, 1, 5245.5119999999997162, 1.5252405969715074896, 5245.5119999999997162, 7.2816224598972425497, 5245.5119999999997162, 101.68884841567864896, 5245.4579999999996289, 1, 5245.5119999999997162, -1.3255886606122690985, 5245.5119999999997162, 26.630997539711522393, 5245.5119999999997162, 0, 5245.4579999999996289, 0, 5245.5119999999997162, 0, 5245.5119999999997162, 0
5245.5219999999999345, 0, 5245.4629999999997381, 0, 5245.5219999999999345, 0, 5245.5219999999999345, 0, 5245.5219999999999345, 102.93491778957310601, 5245.4629999999997381, 1, 5245.5219999999999345, 0.56899303634840359134, 5245.5219999999999345, 6.4814803317919000847, 5245.5219999999999345, 101.41102951822792022, 5245.4629999999997381, 1, 5245.5219999999999345, -1.575201974268593208, 5245.5219999999999345, 26.029931219400943121, 5245.5219999999999345, 0, 5245.4629999999997381, 0, 5245.5219999999999345, 0, 5245.5219999999999345, 0
5245.5270000000000437, 0, 5245.4700000000002547, 0, 5245.5270000000000437, 0, 5245.5270000000000437, 0, 5245.5270000000000437, 101.39791905636310787, 5245.4700000000002547, 1, 5245.5270000000000437, -0.11325281501374623305, 5245.5270000000000437, 5.1371069994728628672, 5245.5270000000000437, 103.5477742977596165, 5245.4700000000002547, 1, 5245.5270000000000437, -1.9388302797384364684, 5245.5270000000000437, 24.995730363059827539, 5245.5270000000000437, 0, 5245.4700000000002547, 0, 5245.5270000000000437, 0, 5245.5270000000000437, 0
5245.5270000000000437, 342.0678269185566478, 5245.4740000000001601, 0, 5245.5270000000000437, -62.028775877329941579, 5245.5270000000000437, -238.99382180411080867, 5245.5270000000000437, 98.449170518840446675, 5245.4740000000001601, 1, 5245.5270000000000437, -4.2382517040843712408, 5245.5270000000000437, 3.221071497755126245, 5245.5270000000000437, 105.37231262298261925, 5245.4740000000001601, 1, 5245.5270000000000437, -2.7976338576651764711, 5245.5270000000000437, 23.39043577095134907, 5245.5270000000000437, 0, 5245.4740000000001601, 0, 5245.5270000000000437, 0, 5245.5270000000000437, 0
5245.5320000000001528, 391.62539273904241099, 5245.4780000000000655, 0, 5245.5320000000001528, -107.23243014133080919, 5245.5320000000001528, -241.16968047923697327, 5245.5320000000001528, 59.1578324862181546, 5245.4780000000000655, 1, 5245.5320000000001528, -26.932904787664508461, 5245.5320000000001528, 1.500042321135278911, 5245.5320000000001528, 86.366876393267617118, 5245.4780000000000655, 1, 5245.5320000000001528, -10.584506627442758386, 5245.5320000000001528, 23.740597216073012987, 5245.5320000000001528, 0, 5245.4780000000000655, 0, 5245.5320000000001528, 0, 5245.5320000000001528, 0
5245.5360000000000582, 385.50813076198829776, 5245.4830000000001746, 0, 5245.5360000000000582, -115.27380529913193641, 5245.5360000000000582, -184.34697364097317518, 5245.5360000000000582, 24.446965873285218862, 5245.4830000000001746, 1, 5245.5360000000000582, -18.085939694885610152, 5245.5360000000000582, -3.5560479073022577268, 5245.5360000000000582, 77.021619334635346377, 5245.4830000000001746, 1, 5245.5360000000000582, -13.163344657678003102, 5245.5360000000000582, 20.244396579710375761, 5245.5360000000000582, 0, 5245.4830000000001746, 0, 5245.5360000000000582, 0, 5245.5360000000000582, 0
5245.5420000000003711, 385.47111446303108551, 5245.4880000000002838, 0, 5245.5420000000003711, -123.29111699467016194, 5245.5420000000003711, -184.99811354246514838, 5245.5420000000003711, 7.7513325940132951075, 5245.4880000000002838, 1, 5245.5420000000003711, -5.6938833274904849802, 5245.5420000000003711, -4.2812869427443018822, 5245.5420000000003711, 70.072440087116305563, 5245.4880000000002838, 1, 5245.5420000000003711, -19.462255011037068897, 5245.5420000000003711, 15.698629588515270683, 5245.5420000000003711, 0, 5245.4880000000002838, 0, 5245.5420000000003711, 0, 5245.5420000000003711, 0
5245.5460000000002765, 381.00830769377546403, 5245.4930000000003929, 0, 5245.5460000000002765, -129.81166460405975727, 5245.5460000000002765, -178.9824702173687001, 5245.5460000000002765, 0, 5245.4930000000003929, 1, 5245.5460000000002765, 0, 5245.5460000000002765, 0, 5245.5460000000002765, 61.922798328990886318, 5245.4930000000003929, 1, 5245.5460000000002765, -25.605145539384018605, 5245.5460000000002765, 11.944682529099964086, 5245.5460000000002765, 0, 5245.4930000000003929, 0, 5245.5460000000002765, 0, 5245.5460000000002765, 0
5245.5510000000003856, 327.35684004037022987, 5245.4979999999995925, 0, 5245.5510000000003856, -122.85196396800795071, 5245.5510000000003856, -135.05008744117725428, 5245.5510000000003856, 0, 5245.4979999999995925, 1, 5245.5510000000003856, 0, 5245.5510000000003856, 0, 5245.5510000000003856, 69.689538888418354645, 5245.4979999999995925, 1, 5245.5510000000003856, -32.547807414553915351, 5245.5510000000003856, 7.010179546027586639, 5245.5510000000003856, 0, 5245.4979999999995925, 0, 5245.5510000000003856, 0, 5245.5510000000003856, 0
5245.5559999999995853, 195.72733397740000783, 5245.5029999999997017, 0, 5245.5559999999995853, -92.47530982531586119, 5245.5559999999995853, -64.958061223668650541, 5245.5559999999995853, 0, 5245.5029999999997017, 1, 5245.5559999999995853, 0, 5245.5559999999995853, 0, 5245.5559999999995853, 84.555528991511664572, 5245.5029999999997017, 1, 5245.5559999999995853, -33.673787479655238997, 5245.5559999999995853, 2.2667805050113187804, 5245.5559999999995853, 0, 5245.5029999999997017, 0, 5245.5559999999995853, 0, 5245.5559999999995853, 0
5245.5609999999996944, 112.98921738524455805, 5245.5079999999998108, 0, 5245.5609999999996944, -66.484210440784224261, 5245.5609999999996944, -40.815721676678791141, 5245.5609999999996944, 0, 5245.5079999999998108, 1, 5245.5609999999996944, 0, 5245.5609999999996944, 0, 5245.5609999999996944, 80.355116736769218733, 5245.5079999999998108, 1, 5245.5609999999996944, -28.151564515397172528, 5245.5609999999996944, -7.1520686341828429988, 5245.5609999999996944, 0, 5245.5079999999998108, 0, 5245.5609999999996944, 0, 5245.5609999999996944, 0
5245.5659999999998035, 52.403815272791874236, 5245.51299999999992, 0, 5245.5659999999998035, -32.340234584419199848, 5245.5659999999998035, -27.224550510919577562, 5245.5659999999998035, 0, 5245.51299999999992, 1, 5245.5659999999998035, 0, 5245.5659999999998035, 0, 5245.5659999999998035, 66.099510155974257941, 5245.51299999999992, 1, 5245.5659999999998035, -16.78110636733702421, 5245.5659999999998035, -16.959554922142892508, 5245.5659999999998035, 0, 5245.51299999999992, 0, 5245.5659999999998035, 0, 5245.5659999999998035, 0
5245.5709999999999127, 6.8267946854713317251, 5245.5180000000000291, 0, 5245.5709999999999127, -4.9689550997886611228, 5245.5709999999999127, -2.5721918847279852116, 5245.5709999999999127, 0, 5245.5180000000000291, 1, 5245.5709999999999127, 0, 5245.5709999999999127, 0, 5245.5709999999999127, 43.108753947847958443, 5245.5180000000000291, 1, 5245.5709999999999127, -12.664941072562513114, 5245.5709999999999127, -19.263487128355492928, 5245.5709999999999127, 0, 5245.5180000000000291, 0, 5245.5709999999999127, 0, 5245.5709999999999127, 0
5245.5760000000000218, 0, 5245.5230000000001382, 0, 5245.5760000000000218, 0, 5245.5760000000000218, 0, 5245.5760000000000218, 0, 5245.5230000000001382, 1, 5245.5760000000000218, 0, 5245.5760000000000218, 0, 5245.5760000000000218, 39.131486973900386772, 5245.5230000000001382, 1, 5245.5760000000000218, -7.2374064693796640313, 5245.5760000000000218, -20.757089080612555421, 5245.5760000000000218, 0, 5245.5230000000001382, 0, 5245.5760000000000218, 0, 5245.5760000000000218, 0
5245.5820000000003347, 0, 5245.5280000000002474, 0, 5245.5820000000003347, 0, 5245.5820000000003347, 0, 5245.5820000000003347, 0, 5245.5280000000002474, 1, 5245.5820000000003347, 0, 5245.5820000000003347, 0, 5245.5820000000003347, 24.171701589887181427, 5245.5280000000002474, 1, 5245.5820000000003347, -6.3600934769683172831, 5245.5820000000003347, -15.179138624030551696, 5245.5820000000003347, 0, 5245.5280000000002474, 0, 5245.5820000000003347, 0, 5245.5820000000003347, 0
5245.5860000000002401, 0, 5245.5339999999996508, 0, 5245.5860000000002401, 0, 5245.5860000000002401, 0, 5245.5860000000002401, 0, 5245.5339999999996508, 1, 5245.5860000000002401, 0, 5245.5860000000002401, 0, 5245.5860000000002401, 31.563028733074091292, 5245.5339999999996508, 1, 5245.5860000000002401, -7.510053156200278579, 5245.5860000000002401, -20.00716230182306532, 5245.5860000000002401, 0, 5245.5339999999996508, 0, 5245.5860000000002401, 0, 5245.5860000000002401, 0
5245.5919999999996435, 0, 5245.5379999999995562, 0, 5245.5919999999996435, 0, 5245.5919999999996435, 0, 5245.5919999999996435, 0, 5245.5379999999995562, 1, 5245.5919999999996435, 0, 5245.5919999999996435, 0, 5245.5919999999996435, 23.405968075140396678, 5245.5379999999995562, 1, 5245.5919999999996435, -6.9118943432141186634, 5245.5919999999996435, -15.019738938260486449, 5245.5919999999996435, 52.480806390312068288, 5245.5379999999995562, 0, 5245.5919999999996435, -1.6631391347832049643, 5245.5919999999996435, -9.5168883994078292687
5245.600999999999658, 0, 5245.543999999999869, 0, 5245.600999999999658, 0, 5245.600999999999658, 0, 5245.600999999999658, 0, 5245.543999999999869, 1, 5245.600999999999658, 0, 5245.600999999999658, 0, 5245.600999999999658, 23.068562906846580063, 5245.543999999999869, 1, 5245.600999999999658, -4.4865026297579087, 5245.600999999999658, -14.868760562976387263, 5245.600999999999658, 31.894433378780579602, 5245.543999999999869, 0, 5245.600999999999658, -1.8870031485619636058, 5245.600999999999658, -2.0947150093904980395
5245.600999999999658, 0, 5245.5479999999997744, 0, 5245.600999999999658, 0, 5245.600999999999658, 0, 5245.600999999999658, 0, 5245.5479999999997744, 1, 5245.600999999999658, 0, 5245.600999999999658, 0, 5245.600999999999658, 21.074808055651683247, 5245.5479999999997744, 1, 5245.600999999999658, -6.0074093110134718643, 5245.600999999999658, -13.750540721327695337, 5245.600999999999658, 11.234445005370160331, 5245.5479999999997744, 0, 5245.600999999999658, -3.7755608967255191999, 5245.600999999999658, 6.1615015848964960199
5245.6059999999997672, 0, 5245.5529999999998836, 0, 5245.6059999999997672, 0, 5245.6059999999997672, 0, 5245.6059999999997672, 0, 5245.5529999999998836, 1, 5245.6059999999997672, 0, 5245.6059999999997672, 0, 5245.6059999999997672, 29.368684314239430933, 5245.5529999999998836, 1, 5245.6059999999997672, -2.8952905241489412802, 5245.6059999999997672, -17.219212062512553985, 5245.6059999999997672, 15.525736531636312066, 5245.5529999999998836, 0, 5245.6059999999997672, -2.8835297417314507129, 5245.6059999999997672, 9.7683282482824989046
5245.6109999999998763, 67.996108120691673093, 5245.5579999999999927, 0, 5245.6109999999998763, -28.281938423951896056, 5245.6109999999998763, -6.3996485544352701424, 5245.6109999999998763, 0, 5245.5579999999999927, 1, 5245.6109999999998763, 0, 5245.6109999999998763, 0, 5245.6109999999998763, 27.381253395119873773, 5245.5579999999999927, 1, 5245.6109999999998763, -3.8297386272649966976, 5245.6109999999998763, -16.799346491512466173, 5245.6109999999998763, 19.659323359457467006, 5245.5579999999999927, 0, 5245.6109999999998763, -3.0886588969467143606, 5245.6109999999998763, 11.62850009089876302
5245.6159999999999854, 86.704717775342885488, 5245.5630000000001019, 1, 5245.6159999999999854, -42.703586117792617927, 5245.6159999999999854, -8.1112681426857875522, 5245.6159999999999854, 0, 5245.5630000000001019, 1, 5245.6159999999999854, 0, 5245.6159999999999854, 0, 5245.6159999999999854, 36.406890348356938603, 5245.5630000000001019, 1, 5245.6159999999999854, -1.5853419553458454327, 5245.6159999999999854, -21.74276681437900649, 5245.6159999999999854, 28.608942828109807266, 5245.5630000000001019, 1, 5245.6159999999999854, 1.2716107726998977512, 5245.6159999999999854, 10.342512366245498967
5245.6210000000000946, 99.508878637047047278, 5245.568000000000211, 1, 5245.6210000000000946, -42.855413755784475427, 5245.6210000000000946, -10.378334962703867461, 5245.6210000000000946, 0, 5245.568000000000211, 1, 5245.6210000000000946, 0, 5245.6210000000000946, 0, 5245.6210000000000946, 38.552145262653056079, 5245.568000000000211, 1, 5245.6210000000000946, -3.096929030130839422, 5245.6210000000000946, -22.318533315991921029, 5245.6210000000000946, 32.860686248852402969, 5245.568000000000211, 1, 5245.6210000000000946, 2.5030274458188519482, 5245.6210000000000946, 10.801954074762905478
5245.6260000000002037, 102.24515081702270436, 5245.5730000000003201, 1, 5245.6260000000002037, -41.058754383960796019, 5245.6260000000002037, -9.8757883272015760667, 5245.6260000000002037, 0, 5245.5730000000003201, 1, 5245.6260000000002037, 0, 5245.6260000000002037, 0, 5245.6260000000002037, 41.881121021878804811, 5245.5730000000003201, 1, 5245.6260000000002037, 0.40301501554883994993, 5245.6260000000002037, -23.84206613030345423, 5245.6260000000002037, 36.724746417230612394, 5245.5730000000003201, 1, 5245.6260000000002037, 5.988066528389112797, 5245.6260000000002037, 11.253721841269607395
5245.6310000000003129, 105.02800385028973551, 5245.5780000000004293, 1, 5245.6310000000003129, -41.640393667783733633, 5245.6310000000003129, -9.0757079019911728324, 5245.6310000000003129, 0, 5245.5780000000004293, 1, 5245.6310000000003129, 0, 5245.6310000000003129, 0, 5245.6310000000003129, 39.452664117056933435, 5245.5780000000004293, 1, 5245.6310000000003129, -3.6627621576232938239, 5245.6310000000003129, -24.051058350883636194, 5245.6310000000003129, 39.656837140801442843, 5245.5780000000004293, 1, 5245.6310000000003129, 4.1805583410694620028, 5245.6310000000003129, 12.862781302212175305
5245.636000000000422, 106.20144949111028154, 5245.5829999999996289, 1, 5245.636000000000422, -40.384783120426902769, 5245.636000000000422, -8.7685820335959050453, 5245.636000000000422, 63.188370945599231732, 5245.5829999999996289, 1, 5245.636000000000422, -3.1070632279681684729, 5245.636000000000422, 29.222626678539516121, 5245.636000000000422, 93.725322148030159042, 5245.5829999999996289, 1, 5245.636000000000422, -13.595382616560502953, 5245.636000000000422, 21.805090962196821636, 5245.636000000000422, 47.253013058886125464, 5245.5829999999996289, 1, 5245.636000000000422, 7.2880926310839120319, 5245.636000000000422, 11.698183438205967732
5245.6409999999996217, 67.201790677969896137, 5245.5889999999999418, 1, 5245.6409999999996217, -23.089016263466682233, 5245.6409999999996217, -5.9909333471715982, 5245.6409999999996217, 158.98138380188086671, 5245.5889999999999418, 1, 5245.6409999999996217, 27.741970709226560388, 5245.6409999999996217, 138.98751410059139744, 5245.6409999999996217, 183.84250160266304874, 5245.5889999999999418, 1, 5245.6409999999996217, -28.876510883883145908, 5245.6409999999996217, 147.78124597763127213, 5245.6409999999996217, 79.448691238051395658, 5245.5889999999999418, 1, 5245.6409999999996217, 18.512370250413272998, 5245.6409999999996217, -5.4792708562805856332
5245.6459999999997308, 29.408949620749865517, 5245.5929999999998472, 1, 5245.6459999999997308, -17.162240400291054243, 5245.6459999999997308, -6.9540858473222471048, 5245.6459999999997308, 59.722237825471339079, 5245.5929999999998472, 1, 5245.6459999999997308, 8.3158603221082625367, 5245.6459999999997308, 50.593716209986716592, 5245.6459999999997308, 109.03270391395804495, 5245.5929999999998472, 1, 5245.6459999999997308, -8.1104992535556998945, 5245.6459999999997308, 84.89997461485978647, 5245.6459999999997308, 83.958350920943047413, 5245.5929999999998472, 1, 5245.6459999999997308, 20.818222712372850935, 5245.6459999999997308, -15.235350886027561046
5245.6509999999998399, 29.892272817841583077, 5245.5979999999999563, 1, 5245.6509999999998399, -19.095338200055493871, 5245.6509999999998399, -7.7704795991480963835, 5245.6509999999998399, 0.4723413630079456027, 5245.5979999999999563, 1, 5245.6509999999998399, -0.3352034308318350142, 5245.6509999999998399, 0.38184835853514631498, 5245.6509999999998399, 33.818344826088591049, 5245.5979999999999563, 1, 5245.6509999999998399, 3.6645941047377426081, 5245.6509999999998399, 25.384712819471147327, 5245.6509999999998399, 82.847548554994403958, 5245.5979999999999563, 1, 5245.6509999999998399, 18.49458870110811759, 5245.6509999999998399, -14.637027044474884008
5245.6559999999999491, 49.651128516057539741, 5245.6030000000000655, 1, 5245.6559999999999491, -18.487329434235903136, 5245.6559999999999491, -9.1822288607022137796, 5245.6559999999999491, 0, 5245.6030000000000655, 1, 5245.6559999999999491, 0, 5245.6559999999999491, 0, 5245.6559999999999491, 0, 5245.6030000000000655, 1, 5245.6559999999999491, 0, 5245.6559999999999491, 0, 5245.6559999999999491, 75.965434893533213767, 5245.6030000000000655, 1, 5245.6559999999999491, 20.655756504870797841, 5245.6559999999999491, -9.1482695805067208994
5245.6610000000000582, 66.379662700896545857, 5245.6080000000001746, 1, 5245.6610000000000582, -19.577196587801136474, 5245.6610000000000582, -10.842125062260947743, 5245.6610000000000582, 0, 5245.6080000000001746, 1, 5245.6610000000000582, 0, 5245.6610000000000582, 0, 5245.6610000000000582, 0, 5245.6080000000001746, 1, 5245.6610000000000582, 0, 5245.6610000000000582, 0, 5245.6610000000000582, 78.83380421036835628, 5245.6080000000001746, 1, 5245.6610000000000582, 18.980443402520240426, 5245.6610000000000582, -7.0732128265779508069
5245.6660000000001673, 77.271324675804720528, 5245.6130000000002838, 1, 5245.6660000000001673, -18.086032265387636642, 5245.6660000000001673, -10.455500164212317316, 5245.6660000000001673, 0, 5245.6130000000002838, 1, 5245.6660000000001673, 0, 5245.6660000000001673, 0, 5245.6660000000001673, 0, 5245.6130000000002838, 1, 5245.6660000000001673, 0, 5245.6660000000001673, 0, 5245.6660000000001673, 73.499340597208060899, 5245.6130000000002838, 1, 5245.6660000000001673, 21.713173183411001332, 5245.6660000000001673, -1.974583627697128918
5245.6710000000002765, 86.381917468373046631, 5245.6180000000003929, 1, 5245.6710000000002765, -20.277716572663898376, 5245.6710000000002765, -11.510788016458739946, 5245.6710000000002765, 0, 5245.6180000000003929, 1, 5245.6710000000002765, 0, 5245.6710000000002765, 0, 5245.6710000000002765, 0, 5245.6180000000003929, 1, 5245.6710000000002765, 0, 5245.6710000000002765, 0, 5245.6710000000002765, 80.225071951872209297, 5245.6180000000003929, 1, 5245.6710000000002765, 17.7313405575910501, 5245.6710000000002765, -1.6915045849993575189
5245.6760000000003856, 94.052509827426192146, 5245.6229999999995925, 1, 5245.6760000000003856, -19.581233416044593554, 5245.6760000000003856, -10.680769547731586044, 5245.6760000000003856, 0, 5245.6229999999995925, 1, 5245.6760000000003856, 0, 5245.6760000000003856, 0, 5245.6760000000003856, 0, 5245.6229999999995925, 1, 5245.6760000000003856, 0, 5245.6760000000003856, 0, 5245.6760000000003856, 76.097443573499873537, 5245.6229999999995925, 1, 5245.6760000000003856, 18.958795854719589613, 5245.6760000000003856, 2.8465007938461255321
5245.6809999999995853, 99.859938762826089942, 5245.6279999999997017, 1, 5245.6809999999995853, -21.390219664839445812, 5245.6809999999995853, -5.6453470897641011561, 5245.6809999999995853, 0, 5245.6279999999997017, 1, 5245.6809999999995853, 0, 5245.6809999999995853, 0, 5245.6809999999995853, 0, 5245.6279999999997017, 1, 5245.6809999999995853, 0, 5245.6809999999995853, 0, 5245.6809999999995853, 81.523192014304740383, 5245.6279999999997017, 1, 5245.6809999999995853, 14.452826656182256926, 5245.6809999999995853, 7.7043107761732372296
5245.6859999999996944, 102.97860114826130484, 5245.6340000000000146, 1, 5245.6859999999996944, -19.629931248209167904, 5245.6859999999996944, -4.4653293205275872424, 5245.6859999999996944, 0, 5245.6340000000000146, 0, 5245.6859999999996944, 0, 5245.6859999999996944, 0, 5245.6859999999996944, 0, 5245.6340000000000146, 0, 5245.6859999999996944, 0, 5245.6859999999996944, 0, 5245.6859999999996944, 77.488495281323878316, 5245.6340000000000146, 1, 5245.6859999999996944, 16.288038025735218639, 5245.6859999999996944, 11.291000844763090072
5245.6909999999998035, 106.66013660831930565, 5245.6390000000001237, 1, 5245.6909999999998035, -21.126095650513637025, 5245.6909999999998035, -4.5832629207641986113, 5245.6909999999998035, 0, 5245.6390000000001237, 0, 5245.6909999999998035, 0, 5245.6909999999998035, 0, 5245.6909999999998035, 0, 5245.6390000000001237, 0, 5245.6909999999998035, 0, 5245.6909999999998035, 0, 5245.6909999999998035, 82.779480355220812271, 5245.6390000000001237, 1, 5245.6909999999998035, 11.533212892581833131, 5245.6909999999998035, 11.790858242097009168
5245.6959999999999127, 107.72596868485764787, 5245.6430000000000291, 1, 5245.6959999999999127, -18.673966233228643574, 5245.6959999999999127, -3.5313706327663396678, 5245.6959999999999127, 0, 5245.6430000000000291, 0, 5245.6959999999999127, 0, 5245.6959999999999127, 0, 5245.6959999999999127, 0, 5245.6430000000000291, 0, 5245.6959999999999127, 0, 5245.6959999999999127, 0, 5245.6959999999999127, 79.395020892771896115, 5245.6430000000000291, 1, 5245.6959999999999127, 13.643871974597654884, 5245.6959999999999127, 14.840812498813072295
5245.7010000000000218, 110.26354054018142392, 5245.649000000000342, 1, 5245.7010000000000218, -20.058479278446231575, 5245.7010000000000218, -3.6246923539027946504, 5245.7010000000000218, 0, 5245.649000000000342, 0, 5245.7010000000000218, 0, 5245.7010000000000218, 0, 5245.7010000000000218, 0, 5245.649000000000342, 0, 5245.7010000000000218, 0, 5245.7010000000000218, 0, 5245.7010000000000218, 84.488942174233542914, 5245.649000000000342, 1, 5245.7010000000000218, 9.0858285510410450314, 5245.7010000000000218, 15.176411404735048905
5245.706000000000131, 110.4921622426798109, 5245.6530000000002474, 1, 5245.706000000000131, -17.230144840918132587, 5245.706000000000131, -2.5885880347300584958, 5245.706000000000131, 0, 5245.6530000000002474, 0, 5245.706000000000131, 0, 5245.706000000000131, 0, 5245.706000000000131, 0, 5245.6530000000002474, 0, 5245.706000000000131, 0, 5245.706000000000131, 0, 5245.706000000000131, 81.086296824137434669, 5245.6530000000002474, 1, 5245.706000000000131, 11.281154163324089268, 5245.706000000000131, 18.051191317039069872
5245.7110000000002401, 111.89851079141467949, 5245.6580000000003565, 1, 5245.7110000000002401, -18.392075662041591499, 5245.7110000000002401, -2.7031679419067842218, 5245.7110000000002401, 0, 5245.6580000000003565, 0, 5245.7110000000002401, 0, 5245.7110000000002401, 0, 5245.7110000000002401, 0, 5245.6580000000003565, 0, 5245.7110000000002401, 0, 5245.7110000000002401, 0, 5245.7110000000002401, 86.167781951636442273, 5245.6580000000003565, 1, 5245.7110000000002401, 6.9905430795871419392, 5245.7110000000002401, 18.159377169670499086
5245.7160000000003492, 111.84057543509392474, 5245.6629999999995562, 1, 5245.7160000000003492, -15.528023382185748957, 5245.7160000000003492, -1.7289450102590393499, 5245.7160000000003492, 0, 5245.6629999999995562, 0, 5245.7160000000003492, 0, 5245.7160000000003492, 0, 5245.7160000000003492, 0, 5245.6629999999995562, 0, 5245.7160000000003492, 0, 5245.7160000000003492, 0, 5245.7160000000003492, 83.030518537891339292, 5245.6629999999995562, 1, 5245.7160000000003492, 9.329272724898887148, 5245.7160000000003492, 20.817950309722544233
5245.7269999999998618, 111.61427153501057319, 5245.668999999999869, 1, 5245.7269999999998618, -16.227611546918694785, 5245.7269999999998618, 4.644113093083944932, 5245.7269999999998618, 0, 5245.668999999999869, 0, 5245.7269999999998618, 0, 5245.7269999999998618, 0, 5245.7269999999998618, 0, 5245.668999999999869, 0, 5245.7269999999998618, 0, 5245.7269999999998618, 0, 5245.7269999999998618, 87.880820392213990999, 5245.668999999999869, 1, 5245.7269999999998618, 5.5087384100748968407, 5245.7269999999998618, 25.583753539958486556
5245.7269999999998618, 111.09503321971868672, 5245.6729999999997744, 1, 5245.7269999999998618, -13.269703668042094336, 5245.7269999999998618, 5.3213893532340250658, 5245.7269999999998618, 0, 5245.6729999999997744, 0, 5245.7269999999998618, 0, 5245.7269999999998618, 0, 5245.7269999999998618, 0, 5245.6729999999997744, 0, 5245.7269999999998618, 0, 5245.7269999999998618, 0, 5245.7269999999998618, 85.791437458027573371, 5245.6729999999997744, 1, 5245.7269999999998618, 8.193650993604668642, 5245.7269999999998618, 27.528147946280789427
5245.7319999999999709, 110.55847330433725517, 5245.6779999999998836, 1, 5245.7319999999999709, -13.867177352402595858, 5245.7319999999999709, 4.8352752584613298836, 5245.7319999999999709, 0, 5245.6779999999998836, 0, 5245.7319999999999709, 0, 5245.7319999999999709, 0, 5245.7319999999999709, 0, 5245.6779999999998836, 0, 5245.7319999999999709, 0, 5245.7319999999999709, 0, 5245.7319999999999709, 92.043419951023452086, 5245.6779999999998836, 1, 5245.7319999999999709, 4.6472147250111008887, 5245.7319999999999709, 27.123271700652921368
5245.7359999999998763, 109.97215333365807055, 5245.6829999999999927, 1, 5245.7359999999998763, -10.827907941592792795, 5245.7359999999998763, 5.3817204790845707407, 5245.7359999999998763, 0, 5245.6829999999999927, 0, 5245.7359999999998763, 0, 5245.7359999999998763, 0, 5245.7359999999998763, 0, 5245.6829999999999927, 0, 5245.7359999999998763, 0, 5245.7359999999998763, 0, 5245.7359999999998763, 90.182871074110494192, 5245.6829999999999927, 1, 5245.7359999999998763, 7.4196877602564281773, 5245.7359999999998763, 28.843583825100928664
5245.7409999999999854, 108.80883274045461917, 5245.6880000000001019, 1, 5245.7409999999999854, -11.400267853890206027, 5245.7409999999999854, 4.6463109338114776392, 5245.7409999999999854, 0, 5245.6880000000001019, 0, 5245.7409999999999854, 0, 5245.7409999999999854, 0, 5245.7409999999999854, 0, 5245.6880000000001019, 0, 5245.7409999999999854, 0, 5245.7409999999999854, 0, 5245.7409999999999854, 97.259840060987230004, 5245.6880000000001019, 1, 5245.7409999999999854, 4.1944428514263378815, 5245.7409999999999854, 27.996400943147982332
5245.7470000000002983, 108.75533178066302753, 5245.693000000000211, 1, 5245.7470000000002983, -8.3400040005921312058, 5245.7470000000002983, 5.2513738758068697621, 5245.7470000000002983, 0, 5245.693000000000211, 0, 5245.7470000000002983, 0, 5245.7470000000002983, 0, 5245.7470000000002983, 0, 5245.693000000000211, 0, 5245.7470000000002983, 0, 5245.7470000000002983, 0, 5245.7470000000002983, 94.225934676358860997, 5245.693000000000211, 1, 5245.7470000000002983, 6.8639993130327416893, 5245.7470000000002983, 29.873023233913514218
5245.7520000000004075, 107.06171770039028956, 5245.6980000000003201, 1, 5245.7520000000004075, -9.0351798938932521565, 5245.7520000000004075, 9.6060557250606564139, 5245.7520000000004075, 0, 5245.6980000000003201, 0, 5245.7520000000004075, 0, 5245.7520000000004075, 0, 5245.7520000000004075, 0, 5245.6980000000003201, 0, 5245.7520000000004075, 0, 5245.7520000000004075, 0, 5245.7520000000004075, 99.768982741270150427, 5245.6980000000003201, 1, 5245.7520000000004075, 3.7469824244378679978, 5245.7520000000004075, 33.701460840402205577
5245.7569999999996071, 106.79887783199735907, 5245.7030000000004293, 1, 5245.7569999999996071, -5.9372996443548000656, 5245.7569999999996071, 10.801839277498089587, 5245.7569999999996071, 0, 5245.7030000000004293, 0, 5245.7569999999996071, 0, 5245.7569999999996071, 0, 5245.7569999999996071, 0, 5245.7030000000004293, 0, 5245.7569999999996071, 0, 5245.7569999999996071, 0, 5245.7569999999996071, 96.336238782039288253, 5245.7030000000004293, 1, 5245.7569999999996071, 6.4460347402418047835, 5245.7569999999996071, 35.912655695101037168
5245.7669999999998254, 105.28592542463599102, 5245.7079999999996289, 1, 5245.7669999999998254, -6.84432022524339434, 5245.7669999999998254, 9.7743791817603238314, 5245.7669999999998254, 0, 5245.7079999999996289, 0, 5245.7669999999998254, 0, 5245.7669999999998254, 0, 5245.7669999999998254, 0, 5245.7079999999996289, 0, 5245.7669999999998254, 0, 5245.7669999999998254, 0, 5245.7669999999998254, 103.29249469359793068, 5245.7079999999996289, 1, 5245.7669999999998254, 3.3528545381219618804, 5245.7669999999998254, 35.058319269605213719
5245.7669999999998254, 104.98205460607914574, 5245.7129999999997381, 1, 5245.7669999999998254, -3.5376855504586250944, 5245.7669999999998254, 10.001957127236181577, 5245.7669999999998254, 0, 5245.7129999999997381, 0, 5245.7669999999998254, 0, 5245.7669999999998254, 0, 5245.7669999999998254, 0, 5245.7129999999997381, 0, 5245.7669999999998254, 0, 5245.7669999999998254, 0, 5245.7669999999998254, 101.29576016440117314, 5245.7129999999997381, 1, 5245.7669999999998254, 6.3671893093211728853, 5245.7669999999998254, 36.185049001486859765
5245.7719999999999345, 103.9260883190269027, 5245.7179999999998472, 1, 5245.7719999999999345, -4.8965515414483871126, 5245.7719999999999345, 9.1275067293571723326, 5245.7719999999999345, 0, 5245.7179999999998472, 0, 5245.7719999999999345, 0, 5245.7719999999999345, 0, 5245.7719999999999345, 0, 5245.7179999999998472, 0, 5245.7719999999999345, 0, 5245.7719999999999345, 0, 5245.7719999999999345, 106.65466890827205759, 5245.7179999999998472, 1, 5245.7719999999999345, 2.9019284948152201942, 5245.7719999999999345, 35.496332054550933321
5245.7770000000000437, 103.75190324158438671, 5245.7229999999999563, 1, 5245.7770000000000437, -1.2320257350176422317, 5245.7770000000000437, 9.3744511361006175321, 5245.7770000000000437, 0, 5245.7229999999999563, 0, 5245.7770000000000437, 0, 5245.7770000000000437, 0, 5245.7770000000000437, 0, 5245.7229999999999563, 0, 5245.7770000000000437, 0, 5245.7770000000000437, 0, 5245.7770000000000437, 103.93605868092015498, 5245.7229999999999563, 1, 5245.7770000000000437, 6.2149480009582447337, 5245.7770000000000437, 36.649075988749110877
5245.7820000000001528, 102.24312576515190187, 5245.7280000000000655, 1, 5245.7820000000001528, -3.4413481218861248223, 5245.7820000000001528, 8.3893266239644788129, 5245.7820000000001528, 0, 5245.7280000000000655, 0, 5245.7820000000001528, 0, 5245.7820000000001528, 0, 5245.7820000000001528, 0, 5245.7280000000000655, 0, 5245.7820000000001528, 0, 5245.7820000000001528, 0, 5245.7820000000001528, 109.49170934743000316, 5245.7280000000000655, 1, 5245.7820000000001528, 2.1234175878397638648, 5245.7820000000001528, 35.69919299937695456
5245.7870000000002619, 102.78196087458037766, 5245.7330000000001746, 1, 5245.7870000000002619, 1.1812323138207430073, 5245.7870000000002619, 8.6036825594249179971, 5245.7870000000002619, 0, 5245.7330000000001746, 0, 5245.7870000000002619, 0, 5245.7870000000002619, 0, 5245.7870000000002619, 0, 5245.7330000000001746, 0, 5245.7870000000002619, 0, 5245.7870000000002619, 0, 5245.7870000000002619, 106.33734544035115732, 5245.7330000000001746, 1, 5245.7870000000002619, 6.3362042491188867999, 5245.7870000000002619, 36.806062266262230764
5245.7920000000003711, 100.48541640751975024, 5245.7380000000002838, 1, 5245.7920000000003711, -2.6563158285540957593, 5245.7920000000003711, 13.441908679504116719, 5245.7920000000003711, 0, 5245.7380000000002838, 0, 5245.7920000000003711, 0, 5245.7920000000003711, 0, 5245.7920000000003711, 0, 5245.7380000000002838, 0, 5245.7920000000003711, 0, 5245.7920000000003711, 0, 5245.7920000000003711, 108.83730905322269678, 5245.7380000000002838, 1, 5245.7920000000003711, 0.82924291603294941755, 5245.7920000000003711, 42.118927974122925662
5245.8019999999996799, 101.49594359449753256, 5245.7430000000003929, 1, 5245.8019999999996799, 3.5524760473862002641, 5245.8019999999996799, 13.610770292734095221, 5245.8019999999996799, 0, 5245.7430000000003929, 0, 5245.8019999999996799, 0, 5245.8019999999996799, 0, 5245.8019999999996799, 0, 5245.7430000000003929, 0, 5245.8019999999996799, 0, 5245.8019999999996799, 0, 5245.8019999999996799, 105.42194574933898821, 5245.7430000000003929, 1, 5245.8019999999996799, 6.6092692872501057622, 5245.8019999999996799, 42.920814670736547214
5245.8019999999996799, 99.275655227717521711, 5245.7489999999997963, 1, 5245.8019999999996799, -2.0542961854462284954, 5245.8019999999996799, 12.587611876541977551, 5245.8019999999996799, 0, 5245.7489999999997963, 0, 5245.8019999999996799, 0, 5245.8019999999996799, 0, 5245.8019999999996799, 0, 5245.7489999999997963, 0, 5245.8019999999996799, 0, 5245.8019999999996799, 0, 5245.8019999999996799, 110.28142909987747089, 5245.7489999999997963, 1, 5245.8019999999996799, -0.38698719225364497376, 5245.8019999999996799, 42.10066191330182761
5245.806999999999789, 100.74257241237505411, 5245.7529999999997017, 1, 5245.806999999999789, 5.1230163062941755925, 5245.806999999999789, 12.625053474746323445, 5245.806999999999789, 0, 5245.7529999999997017, 0, 5245.806999999999789, 0, 5245.806999999999789, 0, 5245.806999999999789, 0, 5245.7529999999997017, 0, 5245.806999999999789, 0, 5245.806999999999789, 0, 5245.806999999999789, 107.0737416243344029, 5245.7529999999997017, 1, 5245.806999999999789, 6.4203652262721995214, 5245.806999999999789, 42.694900818212190075
5245.8170000000000073, 98.516267776152687929, 5245.7579999999998108, 1, 5245.8170000000000073, -0.49556787268132401758, 5245.8170000000000073, 11.541951861441511085, 5245.8170000000000073, 0, 5245.7579999999998108, 0, 5245.8170000000000073, 0, 5245.8170000000000073, 0, 5245.8170000000000073, 0, 5245.7579999999998108, 0, 5245.8170000000000073, 0, 5245.8170000000000073, 0, 5245.8170000000000073, 111.70839533715263769, 5245.7579999999998108, 1, 5245.8170000000000073, -0.26677869134002024643, 5245.8170000000000073, 41.748070687442947246
5245.8170000000000073, 99.602272524269125142, 5245.76299999999992, 1, 5245.8170000000000073, 5.3153750537329997883, 5245.8170000000000073, 11.308400519694103536, 5245.8170000000000073, 0, 5245.76299999999992, 0, 5245.8170000000000073, 0, 5245.8170000000000073, 0, 5245.8170000000000073, 0, 5245.76299999999992, 0, 5245.8170000000000073, 0, 5245.8170000000000073, 0, 5245.8170000000000073, 109.71897113588315165, 5245.76299999999992, 1, 5245.8170000000000073, 5.2329423293791794691, 5245.8170000000000073, 41.94405760782083803
5245.8220000000001164, 97.969053044821976073, 5245.7690000000002328, 1, 5245.8220000000001164, 1.9328996435542808996, 5245.8220000000001164, 10.160103721697417711, 5245.8220000000001164, 0, 5245.7690000000002328, 0, 5245.8220000000001164, 0, 5245.8220000000001164, 0, 5245.8220000000001164, 0, 5245.7690000000002328, 0, 5245.8220000000001164, 0, 5245.8220000000001164, 0, 5245.8220000000001164, 113.60139113455980464, 5245.7690000000002328, 1, 5245.8220000000001164, 1.0862829198847194778, 5245.8220000000001164, 40.919926528580177205
5245.8270000000002256, 98.274984861911264034, 5245.7730000000001382, 1, 5245.8270000000002256, 5.131221084149903966, 5245.8270000000002256, 9.5496564588381716021, 5245.8270000000002256, 0, 5245.7730000000001382, 0, 5245.8270000000002256, 0, 5245.8270000000002256, 0, 5245.8270000000002256, 0, 5245.7730000000001382, 0, 5245.8270000000002256, 0, 5245.8270000000002256, 0, 5245.8270000000002256, 113.23900849603636232, 5245.7730000000001382, 1, 5245.8270000000002256, 4.0250260256900336486, 5245.8270000000002256, 40.593426694040765312
5245.8329999999996289, 96.427831484008109442, 5245.7780000000002474, 1, 5245.8329999999996289, 4.544999923786761542, 5245.8329999999996289, 14.728168813838358631, 5245.8329999999996289, 0, 5245.7780000000002474, 0, 5245.8329999999996289, 0, 5245.8329999999996289, 0, 5245.8329999999996289, 0, 5245.7780000000002474, 0, 5245.8329999999996289, 0, 5245.8329999999996289, 0, 5245.8329999999996289, 113.04493692196123789, 5245.7780000000002474, 1, 5245.8329999999996289, 2.9329728911992223317, 5245.8329999999996289, 47.082908117574149287
5245.8379999999997381, 95.914732371621099105, 5245.7830000000003565, 1, 5245.8379999999997381, 5.0658858669821977827, 5245.8379999999997381, 13.3509653604148113, 5245.8379999999997381, 0, 5245.7830000000003565, 0, 5245.8379999999997381, 0, 5245.8379999999997381, 0, 5245.8379999999997381, 0, 5245.7830000000003565, 0, 5245.8379999999997381, 0, 5245.8379999999997381, 0, 5245.8379999999997381, 115.38164550284469101, 5245.7830000000003565, 1, 5245.8379999999997381, 2.9797205421548631499, 5245.8379999999997381, 46.030209452444509566
5245.8429999999998472, 95.497134531646139521, 5245.7879999999995562, 1, 5245.8429999999998472, 6.037085106337568341, 5245.8429999999998472, 12.132231674173041824, 5245.8429999999998472, 0, 5245.7879999999995562, 0, 5245.8429999999998472, 0, 5245.8429999999998472, 0, 5245.8429999999998472, 0, 5245.7879999999995562, 0, 5245.8429999999998472, 0, 5245.8429999999998472, 0, 5245.8429999999998472, 116.48118814759003214, 5245.7879999999995562, 1, 5245.8429999999998472, 3.6670743279928053049, 5245.8429999999998472, 45.022045875474965726
5245.8479999999999563, 95.174326080843101749, 5245.7929999999996653, 1, 5245.8479999999999563, 6.315831800361390691, 5245.8479999999999563, 10.907980051327839988, 5245.8479999999999563, 0, 5245.7929999999996653, 0, 5245.8479999999999563, 0, 5245.8479999999999563, 0, 5245.8479999999999563, 0, 5245.7929999999996653, 0, 5245.8479999999999563, 0, 5245.8479999999999563, 0, 5245.8479999999999563, 116.98429969124114791, 5245.7929999999996653, 1, 5245.8479999999999563, 3.2675005046445555479, 5245.8479999999999563, 43.933922812191354978
5245.8530000000000655, 94.040937535895324118, 5245.7979999999997744, 1, 5245.8530000000000655, 7.0198916588162045826, 5245.8530000000000655, 9.0262124230129288094, 5245.8530000000000655, 0, 5245.7979999999997744, 0, 5245.8530000000000655, 0, 5245.8530000000000655, 0, 5245.8530000000000655, 0, 5245.7979999999997744, 0, 5245.8530000000000655, 0, 5245.8530000000000655, 0, 5245.8530000000000655, 120.33633699920467564, 5245.7979999999997744, 1, 5245.8530000000000655, 4.0573221082860699838, 5245.8530000000000655, 42.311358200953570474
5245.8630000000002838, 93.589978555344643496, 5245.8029999999998836, 1, 5245.8630000000002838, 7.4111516877049927743, 5245.8630000000002838, 7.4263872183315555731, 5245.8630000000002838, 0, 5245.8029999999998836, 0, 5245.8630000000002838, 0, 5245.8630000000002838, 0, 5245.8630000000002838, 0, 5245.8029999999998836, 0, 5245.8630000000002838, 0, 5245.8630000000002838, 0, 5245.8630000000002838, 121.16626345247090057, 5245.8029999999998836, 1, 5245.8630000000002838, 3.8261240811878738377, 5245.8630000000002838, 40.790976568529501378
5245.8630000000002838, 93.338505159806459233, 5245.8079999999999927, 1, 5245.8630000000002838, 7.8642796415264921706, 5245.8630000000002838, 5.9705330405849537101, 5245.8630000000002838, 0, 5245.8079999999999927, 0, 5245.8630000000002838, 0, 5245.8630000000002838, 0, 5245.8630000000002838, 0, 5245.8079999999999927, 0, 5245.8630000000002838, 0, 5245.8630000000002838, 0, 5245.8630000000002838, 120.72025943474336884, 5245.8079999999999927, 1, 5245.8630000000002838, 3.8480889676014036205, 5245.8630000000002838, 39.332805223731860167
5245.8729999999995925, 92.754304575843107727, 5245.8130000000001019, 1, 5245.8729999999995925, 8.0540300342579023152, 5245.8729999999995925, 10.730230966631367551, 5245.8729999999995925, 0, 5245.8130000000001019, 0, 5245.8729999999995925, 0, 5245.8729999999995925, 0, 5245.8729999999995925, 0, 5245.8130000000001019, 0, 5245.8729999999995925, 0, 5245.8729999999995925, 0, 5245.8729999999995925, 117.96510916546219505, 5245.8130000000001019, 1, 5245.8729999999995925, 3.4985534105843361097, 5245.8729999999995925, 45.876730932200622703
5245.8779999999997017, 93.203319618467531882, 5245.818000000000211, 1, 5245.8779999999997017, 8.1284600772894428644, 5245.8779999999997017, 9.3028242910126550669, 5245.8779999999997017, 0, 5245.818000000000211, 0, 5245.8779999999997017, 0, 5245.8779999999997017, 0, 5245.8779999999997017, 0, 5245.818000000000211, 0, 5245.8779999999997017, 0, 5245.8779999999997017, 0, 5245.8779999999997017, 117.09904282789463537, 5245.818000000000211, 1, 5245.8779999999997017, 3.2917664743036332275, 5245.8779999999997017, 44.257681806393854629
5245.8789999999999054, 94.215231135256672701, 5245.8230000000003201, 1, 5245.8789999999999054, 7.9543585196686770189, 5245.8789999999999054, 7.7822509929351113556, 5245.8789999999999054, 0, 5245.8230000000003201, 0, 5245.8789999999999054, 0, 5245.8789999999999054, 0, 5245.8789999999999054, 0, 5245.8230000000003201, 0, 5245.8789999999999054, 0, 5245.8789999999999054, 0, 5245.8789999999999054, 116.98124386274882625, 5245.8230000000003201, 1, 5245.8789999999999054, 2.8001808471025317893, 5245.8789999999999054, 42.552428516965370875
5245.8829999999998108, 89.59645417845841564, 5245.8280000000004293, 1, 5245.8829999999998108, 13.064390996915545173, 5245.8829999999998108, 5.9301945660011625705, 5245.8829999999998108, 298.53188124696106343, 5245.8280000000004293, 0, 5245.8829999999998108, 60.392482296160011401, 5245.8829999999998108, -76.566377105911030299, 5245.8829999999998108, 300.27088641996181195, 5245.8280000000004293, 0, 5245.8829999999998108, -34.476523072886791965, 5245.8829999999998108, -79.058291928083065159, 5245.8829999999998108, 110.15247015866356151, 5245.8280000000004293, 1, 5245.8829999999998108, 0.79182178309688988627, 5245.8829999999998108, 39.736237410688367788
5245.88799999999992, 36.387977502561795973, 5245.8329999999996289, 1, 5245.88799999999992, 16.200251967376630091, 5245.88799999999992, 9.1339090838844043674, 5245.88799999999992, 283.56375563431299724, 5245.8329999999996289, 0, 5245.88799999999992, 62.897518332364604987, 5245.88799999999992, -86.03703509815876771, 5245.88799999999992, 247.67247909714777165, 5245.8329999999996289, 0, 5245.88799999999992, -50.093181873574891938, 5245.88799999999992, -74.380035585551226518, 5245.88799999999992, 37.725802582034546617, 5245.8329999999996289, 1, 5245.88799999999992, -14.476242929132897785, 5245.88799999999992, 27.227466446375434117
5245.8930000000000291, 8.0854323072806124628, 5245.8379999999997381, 1, 5245.8930000000000291, 5.7442624565171156448, 5245.8930000000000291, 5.1464290446156137904, 5245.8930000000000291, 141.19552478017354247, 5245.8379999999997381, 0, 5245.8930000000000291, 29.029037598711383339, 5245.8930000000000291, 0.78592756806593655483, 5245.8930000000000291, 109.57220678410526205, 5245.8379999999997381, 0, 5245.8930000000000291, -24.026675778006620021, 5245.8930000000000291, 14.297490371474921744, 5245.8930000000000291, 15.796967489393352935, 5245.8379999999997381, 1, 5245.8930000000000291, -7.8631877641285266023, 5245.8930000000000291, 12.839375631206529249
5245.8969999999999345, 0.053588496009022407174, 5245.8429999999998472, 1, 5245.8969999999999345, 0.038809352071386193916, 5245.8969999999999345, 0.036807335125958046129, 5245.8969999999999345, 62.562852980070069009, 5245.8429999999998472, 0, 5245.8969999999999345, 14.270826128520564424, 5245.8969999999999345, 23.634207377981681475, 5245.8969999999999345, 76.061775682833200563, 5245.8429999999998472, 0, 5245.8969999999999345, -10.663699607751022214, 5245.8969999999999345, 24.042646581423323227, 5245.8969999999999345, 29.763435877918666961, 5245.8429999999998472, 1, 5245.8969999999999345, 1.45557817874784301, 5245.8969999999999345, 24.371720756662440976
5245.9080000000003565, 0, 5245.8479999999999563, 1, 5245.9080000000003565, 0, 5245.9080000000003565, 0, 5245.9080000000003565, 31.904603856738283696, 5245.8479999999999563, 0, 5245.9080000000003565, 7.1904275923093052825, 5245.9080000000003565, 16.697952584925527475, 5245.9080000000003565, 57.189642688319054287, 5245.8479999999999563, 0, 5245.9080000000003565, -3.4921980684809939, 5245.9080000000003565, 15.135276275883203567, 5245.9080000000003565, 42.044171179510833269, 5245.8479999999999563, 1, 5245.9080000000003565, 6.0112400853321794614, 5245.9080000000003565, 24.357626598813961749
5245.9129999999995562, 0, 5245.8530000000000655, 1, 5245.9129999999995562, 0, 5245.9129999999995562, 0, 5245.9129999999995562, 17.914291215348782771, 5245.8530000000000655, 0, 5245.9129999999995562, 3.0689591303589187632, 5245.9129999999995562, 9.9587514762770439347, 5245.9129999999995562, 39.685262992429763074, 5245.8530000000000655, 0, 5245.9129999999995562, 1.3563299056827713418, 5245.9129999999995562, 9.927903810240191973, 5245.9129999999995562, 47.721929048663625395, 5245.8530000000000655, 1, 5245.9129999999995562, 7.7554272671981712151, 5245.9129999999995562, 23.46609194375653118
5245.9129999999995562, 3.0737373736573729843, 5245.8580000000001746, 1, 5245.9129999999995562, 1.9763072061057447293, 5245.9129999999995562, 0.19642533101174164401, 5245.9129999999995562, 17.337082069981399002, 5245.8580000000001746, 0, 5245.9129999999995562, 2.2535226531660184079, 5245.9129999999995562, 5.5370120013856167773, 5245.9129999999995562, 31.673368096578464304, 5245.8580000000001746, 0, 5245.9129999999995562, 3.6882983649305081109, 5245.9129999999995562, 7.5690912534168237613, 5245.9129999999995562, 49.655310267442999361, 5245.8580000000001746, 1, 5245.9129999999995562, 8.5799400736968980397, 5245.9129999999995562, 23.452357331347030822
5245.9229999999997744, 11.964387802059746946, 5245.8630000000002838, 1, 5245.9229999999997744, 7.7530536492042108065, 5245.9229999999997744, 1.7510392127358036518, 5245.9229999999997744, 21.67061170214429211, 5245.8630000000002838, 0, 5245.9229999999997744, 1.7434373346367995072, 5245.9229999999997744, 1.3642358441500643806, 5245.9229999999997744, 26.220104337256699978, 5245.8630000000002838, 0, 5245.9229999999997744, 4.3943407171137467415, 5245.9229999999997744, 6.1611990606879025734, 5245.9229999999997744, 51.527865496477616603, 5245.8630000000002838, 1, 5245.9229999999997744, 8.3351683599443564532, 5245.9229999999997744, 23.752757976185815636
5245.9229999999997744, 14.177841405067129088, 5245.8680000000003929, 1, 5245.9229999999997744, 8.9168153571318740092, 5245.9229999999997744, 2.0962277473338897238, 5245.9229999999997744, 28.834827304452105068, 5245.8680000000003929, 0, 5245.9229999999997744, 0.95678696724017453512, 5245.9229999999997744, -2.433572492032563872, 5245.9229999999997744, 23.350389605306776986, 5245.8680000000003929, 0, 5245.9229999999997744, 3.5402056071332665965, 5245.9229999999997744, 5.3062765915674070527, 5245.9229999999997744, 53.795148757867067957, 5245.8680000000003929, 1, 5245.9229999999997744, 7.2619612633867669516, 5245.9229999999997744, 23.903819916832954817
5245.9279999999998836, 22.269350886333210582, 5245.8729999999995925, 1, 5245.9279999999998836, 6.7169115033458899333, 5245.9279999999998836, 3.1016350990503536167, 5245.9279999999998836, 34.621848158460423406, 5245.8729999999995925, 0, 5245.9279999999998836, 0.88529709272370371576, 5245.9279999999998836, -6.2333866320963817742, 5245.9279999999998836, 20.991049617295864493, 5245.8729999999995925, 0, 5245.9279999999998836, 3.4483970247722179892, 5245.9279999999998836, 3.9391755622919903956, 5245.9279999999998836, 55.6139735707816385, 5245.8729999999995925, 1, 5245.9279999999998836, 6.9091756362104232991, 5245.9279999999998836, 23.956093469288372688
5245.9329999999999927, 30.553026434731272332, 5245.8779999999997017, 1, 5245.9329999999999927, 4.9896200138614634767, 5245.9329999999999927, 5.4824080971846314014, 5245.9329999999999927, 40.770123408903863549, 5245.8779999999997017, 0, 5245.9329999999999927, 1.6786768952682400435, 5245.9329999999999927, -7.4626666628690934147, 5245.9329999999999927, 21.585235611691292235, 5245.8779999999997017, 0, 5245.9329999999999927, 3.3605345905327514977, 5245.9329999999999927, 3.5385981714746641558, 5245.9329999999999927, 54.702861956100512941, 5245.8779999999997017, 1, 5245.9329999999999927, 6.8813630400385008556, 5245.9329999999999927, 26.622878563848711764
5245.9380000000001019, 37.810184103488076346, 5245.8829999999998108, 1, 5245.9380000000001019, 3.465526252550964692, 5245.9380000000001019, 6.3292332617920035176, 5245.9380000000001019, 45.392176157933711522, 5245.8829999999998108, 0, 5245.9380000000001019, 2.3704466486279685, 5245.9380000000001019, -9.8096582621740928687, 5245.9380000000001019, 22.223085226594324837, 5245.8829999999998108, 0, 5245.9380000000001019, 3.2545197539055101821, 5245.9380000000001019, 2.227119956205434903, 5245.9380000000001019, 54.83545062087769395, 5245.8829999999998108, 1, 5245.9380000000001019, 6.7141878208123477734, 5245.9380000000001019, 26.232489943247088604
5245.943000000000211, 43.509551362571102118, 5245.88799999999992, 1, 5245.943000000000211, 2.2490058383324642577, 5245.943000000000211, 6.8216592520832168844, 5245.943000000000211, 49.199863216368669327, 5245.88799999999992, 1, 5245.943000000000211, 2.9789652481097399495, 5245.943000000000211, -11.768227277389812002, 5245.943000000000211, 23.046895101369926806, 5245.88799999999992, 1, 5245.943000000000211, 3.0466592027190460001, 5245.943000000000211, 1.0467599264445546225, 5245.943000000000211, 54.366969796117103897, 5245.88799999999992, 1, 5245.943000000000211, 6.3815428217233733932, 5245.943000000000211, 25.685164551600340843
5245.9480000000003201, 47.904909420385941132, 5245.8930000000000291, 1, 5245.9480000000003201, 1.2910353453990111028, 5245.9480000000003201, 7.0334452676072665156, 5245.9480000000003201, 52.136193811937530995, 5245.8930000000000291, 1, 5245.9480000000003201, 3.4710156468876336433, 5245.9480000000003201, -13.395980374805585456, 5245.9480000000003201, 23.918743304513235159, 5245.8930000000000291, 1, 5245.9480000000003201, 2.7910203061604610397, 5245.9480000000003201, -0.030847511993512100048, 5245.9480000000003201, 53.462007205330102977, 5245.8930000000000291, 1, 5245.9480000000003201, 5.9470021287524330589, 5245.9480000000003201, 25.021712454248721258
5245.9530000000004293, 51.545473990429506728, 5245.8980000000001382, 1, 5245.9530000000004293, 0.46563132446984262236, 5245.9530000000004293, 7.0892427363012373576, 5245.9530000000004293, 54.347750548560377126, 5245.8980000000001382, 1, 5245.9530000000004293, 3.831544333825263049, 5245.9530000000004293, -14.790471038261379988, 5245.9530000000004293, 24.740413337183234432, 5245.8980000000001382, 1, 5245.9530000000004293, 2.5197639909551727833, 5245.9530000000004293, -1.0389115968265052459, 5245.9530000000004293, 52.385072784069301122, 5245.8980000000001382, 1, 5245.9530000000004293, 5.4696375255601576981, 5245.9530000000004293, 24.309950904113236447
5245.9629999999997381, 53.099463321776902092, 5245.9030000000002474, 1, 5245.9629999999997381, -0.011533836677910335941, 5245.9629999999997381, 9.25490867456026578, 5245.9629999999997381, 56.49933237911137951, 5245.9030000000002474, 1, 5245.9629999999997381, 4.0772181596651622115, 5245.9629999999997381, -13.647822106248185037, 5245.9629999999997381, 25.518388715667406075, 5245.9030000000002474, 1, 5245.9629999999997381, 2.2544264514853686876, 5245.9629999999997381, -0.87076584580466942498, 5245.9629999999997381, 49.609071307859935018, 5245.9030000000002474, 1, 5245.9629999999997381, 4.9115348071498434734, 5245.9629999999997381, 25.736701366448244244
5245.9629999999997381, 43.370922951907616039, 5245.9080000000003565, 1, 5245.9629999999997381, 1.7101188002975005187, 5245.9629999999997381, -2.9038217679819275929, 5245.9629999999997381, 59.637599709786215385, 5245.9080000000003565, 1, 5245.9629999999997381, 4.9777992874983150173, 5245.9629999999997381, -14.578883936529674514, 5245.9629999999997381, 25.659404723298727902, 5245.9080000000003565, 1, 5245.9629999999997381, 2.1066329578346287832, 5245.9629999999997381, -1.0897339237102645626, 5245.9629999999997381, 34.753163599921421678, 5245.9080000000003565, 1, 5245.9629999999997381, 1.2832880478363701826, 5245.9629999999997381, 12.111925124721949487
5245.9679999999998472, 62.846506369487478594, 5245.9129999999995562, 1, 5245.9679999999998472, -1.5427649214862237947, 5245.9679999999998472, 38.915068338469154696, 5245.9679999999998472, 59.67560898940300973, 5245.9129999999995562, 1, 5245.9679999999998472, 3.2592084814777662061, 5245.9679999999998472, -16.820289729598801642, 5245.9679999999998472, 33.745750841460733227, 5245.9129999999995562, 1, 5245.9679999999998472, -0.20031122544588988998, 5245.9679999999998472, -4.6283552254938449266, 5245.9679999999998472, 56.249417474247515258, 5245.9129999999995562, 1, 5245.9679999999998472, 5.9380758824426171927, 5245.9679999999998472, 40.978239548854020313
5245.9729999999999563, 0.24474513356367563754, 5245.9179999999996653, 1, 5245.9729999999999563, 0.16240424308194142955, 5245.9729999999999563, 0.1501876175554630044, 5245.9729999999999563, 57.868403006525738874, 5245.9179999999996653, 1, 5245.9729999999999563, 4.2529665755907712921, 5245.9729999999999563, -20.716304328456704553, 5245.9729999999999563, 55.052127369167848769, 5245.9179999999996653, 1, 5245.9729999999999563, -4.9998090103283976404, 5245.9729999999999563, -13.211418952449218267, 5245.9729999999999563, 1.4173445136148510315, 5245.9179999999996653, 1, 5245.9729999999999563, -0.89434188910271261719, 5245.9729999999999563, 1.068029071767733873
5245.9780000000000655, 0, 5245.9229999999997744, 1, 5245.9780000000000655, 0, 5245.9780000000000655, 0, 5245.9780000000000655, 71.026737221977910508, 5245.9229999999997744, 1, 5245.9780000000000655, 7.4846558528798103893, 5245.9780000000000655, -23.935443558392350383, 5245.9780000000000655, 67.832723951460252465, 5245.9229999999997744, 1, 5245.9780000000000655, -5.6799874675301591509, 5245.9780000000000655, -15.918375505208281595, 5245.9780000000000655, 0, 5245.9229999999997744, 1, 5245.9780000000000655, 0, 5245.9780000000000655, 0
5245.9880000000002838, 0, 5245.9279999999998836, 1, 5245.9880000000002838, 0, 5245.9880000000002838, 0, 5245.9880000000002838, 84.45618657346665259, 5245.9279999999998836, 1, 5245.9880000000002838, 10.0254227346392355, 5245.9880000000002838, -26.156419306304044881, 5245.9880000000002838, 73.934640425393297392, 5245.9279999999998836, 1, 5245.9880000000002838, -6.2515782560899957332, 5245.9880000000002838, -16.014653330492755856, 5245.9880000000002838, 0, 5245.9279999999998836, 1, 5245.9880000000002838, 0, 5245.9880000000002838, 0
5245.9930000000003929, 0, 5245.9329999999999927, 1, 5245.9930000000003929, 0, 5245.9930000000003929, 0, 5245.9930000000003929, 94.971257496141689103, 5245.9329999999999927, 1, 5245.9930000000003929, 11.593937917698319495, 5245.9930000000003929, -22.475999127791297383, 5245.9930000000003929, 72.419615107418110256, 5245.9329999999999927, 1, 5245.9930000000003929, -6.6500553770497443651, 5245.9930000000003929, -10.172995513880671581, 5245.9930000000003929, 0, 5245.9329999999999927, 1, 5245.9930000000003929, 0, 5245.9930000000003929, 0
5245.9930000000003929, 0, 5245.9380000000001019, 1, 5245.9930000000003929, 0, 5245.9930000000003929, 0, 5245.9930000000003929, 104.46513139124812142, 5245.9380000000001019, 1, 5245.9930000000003929, 13.437636619040377539, 5245.9930000000003929, -23.900040146895946691, 5245.9930000000003929, 78.473629867297773899, 5245.9380000000001019, 1, 5245.9930000000003929, -3.6261578906790101762, 5245.9930000000003929, -10.540263127343791894, 5245.9930000000003929, 0, 5245.9380000000001019, 1, 5245.9930000000003929, 0, 5245.9930000000003929, 0
5245.9979999999995925, 0, 5245.943000000000211, 1, 5245.9979999999995925, 0, 5245.9979999999995925, 0, 5245.9979999999995925, 110.84994603027996618, 5245.943000000000211, 1, 5245.9979999999995925, 14.707010470865094831, 5245.9979999999995925, -22.302747392539380655, 5245.9979999999995925, 72.235752512238690315, 5245.943000000000211, 1, 5245.9979999999995925, -4.1344682445203790877, 5245.9979999999995925, -6.2304676316336511377, 5245.9979999999995925, 0, 5245.943000000000211, 1, 5245.9979999999995925, 0, 5245.9979999999995925, 0
5246.0029999999997017, 0, 5245.9480000000003201, 1, 5246.0029999999997017, 0, 5246.0029999999997017, 0, 5246.0029999999997017, 117.70977769132548474, 5245.9480000000003201, 1, 5246.0029999999997017, 16.141974646200949906, 5246.0029999999997017, -22.808426517560555169, 5246.0029999999997017, 75.275638124649404403, 5245.9480000000003201, 1, 5246.0029999999997017, -0.47654377204826375847, 5246.0029999999997017, -5.6358108319712982848, 5246.0029999999997017, 0, 5245.9480000000003201, 1, 5246.0029999999997017, 0, 5246.0029999999997017, 0
5246.0079999999998108, 0, 5245.9530000000004293, 1, 5246.0079999999998108, 0, 5246.0079999999998108, 0, 5246.0079999999998108, 120.70319628471914086, 5245.9530000000004293, 1, 5246.0079999999998108, 16.855441693085715826, 5246.0079999999998108, -21.363720610382408438, 5246.0079999999998108, 68.063924714542906713, 5245.9530000000004293, 1, 5246.0079999999998108, -0.74071881439596454211, 5246.0079999999998108, -1.7307353555714470872, 5246.0079999999998108, 0, 5245.9530000000004293, 1, 5246.0079999999998108, 0, 5246.0079999999998108, 0
5246.01299999999992, 0, 5245.9579999999996289, 1, 5246.01299999999992, 0, 5246.01299999999992, 0, 5246.01299999999992, 125.07793197647856687, 5245.9579999999996289, 1, 5246.01299999999992, 17.703834722600472418, 5246.01299999999992, -21.601380864332817566, 5246.01299999999992, 71.415086889671670178, 5245.9579999999996289, 1, 5246.01299999999992, 2.7014010507905354963, 5246.01299999999992, -1.3903401952508147588, 5246.01299999999992, 0, 5245.9579999999996289, 1, 5246.01299999999992, 0, 5246.01299999999992, 0
5246.0230000000001382, 0, 5245.9629999999997381, 0, 5246.0230000000001382, 0, 5246.0230000000001382, 0, 5246.0230000000001382, 127.15306277885287045, 5245.9629999999997381, 1, 5246.0230000000001382, 18.056367581318866655, 5246.0230000000001382, -19.846102357333101907, 5246.0230000000001382, 63.476952364238584892, 5245.9629999999997381, 1, 5246.0230000000001382, 2.2373205105369087242, 5246.0230000000001382, 2.7706630990040359563, 5246.0230000000001382, 0, 5245.9629999999997381, 0, 5246.0230000000001382, 0, 5246.0230000000001382, 0
5246.0280000000002474, 0, 5245.9679999999998472, 0, 5246.0280000000002474, 0, 5246.0280000000002474, 0, 5246.0280000000002474, 129.18289221751427931, 5245.9679999999998472, 1, 5246.0280000000002474, 18.416696787466651841, 5246.0280000000002474, -20.066632115275261583, 5246.0280000000002474, 68.40321987673645765, 5245.9679999999998472, 1, 5246.0280000000002474, 5.1095523628111187975, 5246.0280000000002474, 2.4011347570884069569, 5246.0280000000002474, 0, 5245.9679999999998472, 0, 5246.0280000000002474, 0, 5246.0280000000002474, 0
5246.0330000000003565, 0, 5245.9729999999999563, 0, 5246.0330000000003565, 0, 5246.0330000000003565, 0, 5246.0330000000003565, 130.07674204840904508, 5245.9729999999999563, 1, 5246.0330000000003565, 18.309855196680356215, 5246.0330000000003565, -11.845123139000307333, 5246.0330000000003565, 62.674823103898106069, 5245.9729999999999563, 1, 5246.0330000000003565, 4.0535827918155913352, 5246.0330000000003565, 8.7172103331972081719, 5246.0330000000003565, 0, 5245.9729999999999563, 0, 5246.0330000000003565, 0, 5246.0330000000003565, 0
5246.0379999999995562, 0, 5245.9780000000000655, 0, 5246.0379999999995562, 0, 5246.0379999999995562, 0, 5246.0379999999995562, 130.05075764260055848, 5245.9780000000000655, 1, 5246.0379999999995562, 18.028251219375537318, 5246.0379999999995562, -11.368481438815088325, 5246.0379999999995562, 70.006874487520292405, 5245.9780000000000655, 1, 5246.0379999999995562, 5.9785252851537595831, 5246.0379999999995562, 8.1508004536502660642, 5246.0379999999995562, 0, 5245.9780000000000655, 0, 5246.0379999999995562, 0, 5246.0379999999995562, 0
5246.0429999999996653, 0, 5245.9830000000001746, 0, 5246.0429999999996653, 0, 5246.0429999999996653, 0, 5246.0429999999996653, 131.26850320064406219, 5245.9830000000001746, 1, 5246.0429999999996653, 17.869253525535427229, 5246.0429999999996653, -9.5338133532919258073, 5246.0429999999996653, 62.475567793480799139, 5245.9830000000001746, 1, 5246.0429999999996653, 5.2043426898783495815, 5246.0429999999996653, 11.522641450731203605, 5246.0429999999996653, 0, 5245.9830000000001746, 0, 5246.0429999999996653, 0, 5246.0429999999996653, 0
5246.0479999999997744, 0, 5245.988999999999578, 0, 5246.0479999999997744, 0, 5246.0479999999997744, 0, 5246.0479999999997744, 130.63724040006871974, 5245.988999999999578, 1, 5246.0479999999997744, 17.429601109060303799, 5246.0479999999997744, -9.9286896290660493491, 5246.0479999999997744, 69.628910891168601438, 5245.988999999999578, 1, 5246.0479999999997744, 6.9551855463412461944, 5246.0479999999997744, 10.520726536554260377, 5246.0479999999997744, 0, 5245.988999999999578, 0, 5246.0479999999997744, 0, 5246.0479999999997744, 0
5246.0529999999998836, 0, 5245.9930000000003929, 0, 5246.0529999999998836, 0, 5246.0529999999998836, 0, 5246.0529999999998836, 129.3598669980287923, 5245.9930000000003929, 1, 5246.0529999999998836, 16.808613787126382988, 5246.0529999999998836, -8.7376027353711762657, 5246.0529999999998836, 65.938801418988859382, 5245.9930000000003929, 1, 5246.0529999999998836, 5.1777942309223154993, 5246.0529999999998836, 12.517932708287723642, 5246.0529999999998836, 0, 5245.9930000000003929, 0, 5246.0529999999998836, 0, 5246.0529999999998836, 0
5246.0529999999998836, 0, 5245.9979999999995925, 0, 5246.0529999999998836, 0, 5246.0529999999998836, 0, 5246.0529999999998836, 128.68853335231921164, 5245.9979999999995925, 1, 5246.0529999999998836, 16.095106877319089733, 5246.0529999999998836, -9.1632701913663083815, 5246.0529999999998836, 72.853211236188514022, 5245.9979999999995925, 1, 5246.0529999999998836, 6.6993019202124264311, 5246.0529999999998836, 11.459578887486483012, 5246.0529999999998836, 0, 5245.9979999999995925, 0, 5246.0529999999998836, 0, 5246.0529999999998836, 0
5246.0579999999999927, 0, 5246.0029999999997017, 0, 5246.0579999999999927, 0, 5246.0579999999999927, 0, 5246.0579999999999927, 128.61647021835648275, 5246.0029999999997017, 1, 5246.0579999999999927, 15.595724753323199963, 5246.0579999999999927, -7.7543107782696338859, 5246.0579999999999927, 67.761506664086113005, 5246.0029999999997017, 1, 5246.0579999999999927, 5.2975402998600058524, 5246.0579999999999927, 13.923064174151850381, 5246.0579999999999927, 0, 5246.0029999999997017, 0, 5246.0579999999999927, 0, 5246.0579999999999927, 0
5246.068000000000211, 0, 5246.0079999999998108, 0, 5246.068000000000211, 0, 5246.068000000000211, 0, 5246.068000000000211, 126.90379439231168135, 5246.0079999999998108, 1, 5246.068000000000211, 14.798511700099238553, 5246.068000000000211, -8.3897051604172361294, 5246.068000000000211, 75.979849841378197084, 5246.0079999999998108, 1, 5246.068000000000211, 6.4108625163462855667, 5246.068000000000211, 12.357701341724975919, 5246.068000000000211, 0, 5246.0079999999998108, 0, 5246.068000000000211, 0, 5246.068000000000211, 0
5246.0730000000003201, 0, 5246.01299999999992, 0, 5246.0730000000003201, 0, 5246.0730000000003201, 0, 5246.0730000000003201, 125.29798653284440491, 5246.01299999999992, 1, 5246.0730000000003201, 13.907870400867098581, 5246.0730000000003201, -0.76966409179008365982, 5246.0730000000003201, 73.086465377671942178, 5246.01299999999992, 1, 5246.0730000000003201, 4.2989089415309154063, 5246.0730000000003201, 17.643408554483489326, 5246.0730000000003201, 0, 5246.01299999999992, 0, 5246.0730000000003201, 0, 5246.0730000000003201, 0
5246.0770000000002256, 0, 5246.0180000000000291, 0, 5246.0770000000002256, 0, 5246.0770000000002256, 0, 5246.0770000000002256, 124.84911080578200426, 5246.0180000000000291, 1, 5246.0770000000002256, 13.122675009491272746, 5246.0770000000002256, -0.22388926328366665075, 5246.0770000000002256, 79.060795342455548962, 5246.0180000000000291, 1, 5246.0770000000002256, 5.6588517492810401777, 5246.0770000000002256, 17.614776269335205683, 5246.0770000000002256, 0, 5246.0180000000000291, 0, 5246.0770000000002256, 0, 5246.0770000000002256, 0
5246.0829999999996289, 0, 5246.0230000000001382, 0, 5246.0829999999996289, 0, 5246.0829999999996289, 0, 5246.0829999999996289, 123.39544631850546352, 5246.0230000000001382, 1, 5246.0829999999996289, 12.281098135009068884, 5246.0829999999996289, 0.60193784897541746659, 5246.0829999999996289, 76.130985911305231184, 5246.0230000000001382, 1, 5246.0829999999996289, 3.7376044461114004136, 5246.0829999999996289, 18.955717491477226844, 5246.0829999999996289, 0, 5246.0230000000001382, 0, 5246.0829999999996289, 0, 5246.0829999999996289, 0
5246.0879999999997381, 0, 5246.0280000000002474, 0, 5246.0879999999997381, 0, 5246.0879999999997381, 0, 5246.0879999999997381, 121.99007166431366045, 5246.0280000000002474, 1, 5246.0879999999997381, 11.496465621027418536, 5246.0879999999997381, -0.19472856620669176664, 5246.0879999999997381, 83.688300438136622006, 5246.0280000000002474, 1, 5246.0879999999997381, 4.7786674740181922516, 5246.0879999999997381, 17.815059643586216964, 5246.0879999999997381, 0, 5246.0280000000002474, 0, 5246.0879999999997381, 0, 5246.0879999999997381, 0
5246.0929999999998472, 0, 5246.0330000000003565, 0, 5246.0929999999998472, 0, 5246.0929999999998472, 0, 5246.0929999999998472, 120.29355405473410201, 5246.0330000000003565, 1, 5246.0929999999998472, 10.445411642017493392, 5246.0929999999998472, 0.37511686893413553889, 5246.0929999999998472, 81.638488635438605456, 5246.0330000000003565, 1, 5246.0929999999998472, 2.7657558995874387264, 5246.0929999999998472, 18.814345829334342852, 5246.0929999999998472, 0, 5246.0330000000003565, 0, 5246.0929999999998472, 0, 5246.0929999999998472, 0
5246.0929999999998472, 0, 5246.0379999999995562, 0, 5246.0929999999998472, 0, 5246.0929999999998472, 0, 5246.0929999999998472, 119.0265617760325938, 5246.0379999999995562, 1, 5246.0929999999998472, 9.8166024432422638313, 5246.0929999999998472, -0.25231307003217295915, 5246.0929999999998472, 87.364002250354900525, 5246.0379999999995562, 1, 5246.0929999999998472, 3.9207675118911753387, 5246.0929999999998472, 17.954666195881330282, 5246.0929999999998472, 0, 5246.0379999999995562, 0, 5246.0929999999998472, 0, 5246.0929999999998472, 0
5246.0979999999999563, 0, 5246.0429999999996653, 0, 5246.0979999999999563, 0, 5246.0979999999999563, 0, 5246.0979999999999563, 118.25992410813861966, 5246.0429999999996653, 1, 5246.0979999999999563, 8.4519793717049882531, 5246.0979999999999563, 0.40513503618461754741, 5246.0979999999999563, 84.519720291625304753, 5246.0429999999996653, 1, 5246.0979999999999563, 1.9076588660873092795, 5246.0979999999999563, 19.130221053951196097, 5246.0979999999999563, 0, 5246.0429999999996653, 0, 5246.0979999999999563, 0, 5246.0979999999999563, 0
5246.1030000000000655, 0, 5246.0479999999997744, 0, 5246.1030000000000655, 0, 5246.1030000000000655, 0, 5246.1030000000000655, 116.10180321201573861, 5246.0479999999997744, 1, 5246.1030000000000655, 8.9055115276426288773, 5246.1030000000000655, -0.4042079892215966197, 5246.1030000000000655, 91.103264987941443565, 5246.0479999999997744, 1, 5246.1030000000000655, 3.8320238956381120765, 5246.1030000000000655, 17.888515615507920131, 5246.1030000000000655, 0, 5246.0479999999997744, 0, 5246.1030000000000655, 0, 5246.1030000000000655, 0
5246.1130000000002838, 0, 5246.0529999999998836, 0, 5246.1130000000002838, 0, 5246.1130000000002838, 0, 5246.1130000000002838, 119.73549539623424209, 5246.0529999999998836, 1, 5246.1130000000002838, 6.5963581322820878938, 5246.1130000000002838, -3.5223807524658496959, 5246.1130000000002838, 92.911219632547954461, 5246.0529999999998836, 1, 5246.1130000000002838, -0.65514027152111375951, 5246.1130000000002838, 14.069364124844597086, 5246.1130000000002838, 0, 5246.0529999999998836, 0, 5246.1130000000002838, 0, 5246.1130000000002838, 0
5246.1180000000003929, 0, 5246.0579999999999927, 0, 5246.1180000000003929, 0, 5246.1180000000003929, 0, 5246.1180000000003929, 119.07167467620931234, 5246.0579999999999927, 1, 5246.1180000000003929, 9.5220478385656335263, 5246.1180000000003929, -6.069487385755913067, 5246.1180000000003929, 95.799428345342832358, 5246.0579999999999927, 1, 5246.1180000000003929, 4.0128229458104653915, 5246.1180000000003929, 11.590117770030396116, 5246.1180000000003929, 0, 5246.0579999999999927, 0, 5246.1180000000003929, 0, 5246.1180000000003929, 0
5246.1180000000003929, 0, 5246.0630000000001019, 0, 5246.1180000000003929, 0, 5246.1180000000003929, 0, 5246.1180000000003929, 120.52867744267354055, 5246.0630000000001019, 1, 5246.1180000000003929, 5.0566916111430115777, 5246.1180000000003929, -4.6845866664726045769, 5246.1180000000003929, 86.97095617844820481, 5246.0630000000001019, 1, 5246.1180000000003929, 0.2343840336258316559, 5246.1180000000003929, 13.65843269922519454, 5246.1180000000003929, 0, 5246.0630000000001019, 0, 5246.1180000000003929, 0, 5246.1180000000003929, 0
5246.1270000000004075, 0, 5246.068000000000211, 0, 5246.1270000000004075, 0, 5246.1270000000004075, 0, 5246.1270000000004075, 118.29100987821564672, 5246.068000000000211, 1, 5246.1270000000004075, 9.7347951662331642098, 5246.1270000000004075, -4.8191539715984532677, 5246.1270000000004075, 88.805610011010998051, 5246.068000000000211, 1, 5246.1270000000004075, 6.7332647348372054452, 5246.1270000000004075, 13.513785816297051667, 5246.1270000000004075, 0, 5246.068000000000211, 0, 5246.1270000000004075, 0, 5246.1270000000004075, 0
5246.1329999999998108, 0, 5246.0730000000003201, 0, 5246.1329999999998108, 0, 5246.1329999999998108, 0, 5246.1329999999998108, 119.37592811478882027, 5246.0730000000003201, 1, 5246.1329999999998108, 3.8725393285318649994, 5246.1329999999998108, -3.890613578114567872, 5246.1329999999998108, 82.462157975175202296, 5246.0730000000003201, 1, 5246.1329999999998108, 0.94428214513315955614, 5246.1329999999998108, 14.967162219823364921, 5246.1329999999998108, 0, 5246.0730000000003201, 0, 5246.1329999999998108, 0, 5246.1329999999998108, 0
5246.13799999999992, 0, 5246.0789999999997235, 0, 5246.13799999999992, 0, 5246.13799999999992, 0, 5246.13799999999992, 116.38794676024733121, 5246.0789999999997235, 1, 5246.13799999999992, 9.5411555144905388914, 5246.13799999999992, -4.3553965978527315883, 5246.13799999999992, 86.064213437528721329, 5246.0789999999997235, 1, 5246.13799999999992, 7.8953590172341341358, 5246.13799999999992, 14.337144620207048717, 5246.13799999999992, 0, 5246.0789999999997235, 0, 5246.13799999999992, 0, 5246.13799999999992, 0
5246.1430000000000291, 0, 5246.0839999999998327, 0, 5246.1430000000000291, 0, 5246.1430000000000291, 0, 5246.1430000000000291, 117.38000949590689004, 5246.0839999999998327, 1, 5246.1430000000000291, 3.4609882207133058074, 5246.1430000000000291, -3.9781267482045592487, 5246.1430000000000291, 82.002151806427349356, 5246.0839999999998327, 1, 5246.1430000000000291, 1.7450749808444259159, 5246.1430000000000291, 15.096798383440706459, 5246.1430000000000291, 0, 5246.0839999999998327, 0, 5246.1430000000000291, 0, 5246.1430000000000291, 0
5246.1469999999999345, 0, 5246.0879999999997381, 0, 5246.1469999999999345, 0, 5246.1469999999999345, 0, 5246.1469999999999345, 115.01413358831329958, 5246.0879999999997381, 1, 5246.1469999999999345, 8.3981768690852653947, 5246.1469999999999345, -4.4742097834338281359, 5246.1469999999999345, 85.124600269884794557, 5246.0879999999997381, 1, 5246.1469999999999345, 7.5276141683937760618, 5246.1469999999999345, 14.42270709691252506, 5246.1469999999999345, 0, 5246.0879999999997381, 0, 5246.1469999999999345, 0, 5246.1469999999999345, 0
5246.1480000000001382, 0, 5246.0929999999998472, 0, 5246.1480000000001382, 0, 5246.1480000000001382, 0, 5246.1480000000001382, 114.55914291878110589, 5246.0929999999998472, 1, 5246.1480000000001382, 6.2842599471857258919, 5246.1480000000001382, -6.0418611807263928881, 5246.1480000000001382, 83.817766542495974136, 5246.0929999999998472, 1, 5246.1480000000001382, -0.56172405432348071486, 5246.1480000000001382, 10.811976192597391844, 5246.1480000000001382, 0, 5246.0929999999998472, 0, 5246.1480000000001382, 0, 5246.1480000000001382, 0
5246.1580000000003565, 0, 5246.0979999999999563, 0, 5246.1580000000003565, 0, 5246.1580000000003565, 0, 5246.1580000000003565, 112.82360588217758846, 5246.0979999999999563, 1, 5246.1580000000003565, 6.4267747448063969884, 5246.1580000000003565, 0.71633350651192273517, 5246.1580000000003565, 85.903061687996469686, 5246.0979999999999563, 1, 5246.1580000000003565, 5.7253165152252813996, 5246.1580000000003565, 18.249651696421601343, 5246.1580000000003565, 0, 5246.0979999999999563, 0, 5246.1580000000003565, 0, 5246.1580000000003565, 0
5246.1620000000002619, 0, 5246.1040000000002692, 0, 5246.1620000000002619, 0, 5246.1620000000002619, 0, 5246.1620000000002619, 112.53030194288393773, 5246.1040000000002692, 1, 5246.1620000000002619, 3.6720778947840315709, 5246.1620000000002619, 0.47022965657291848629, 5246.1620000000002619, 84.897509127600102374, 5246.1040000000002692, 1, 5246.1620000000002619, 2.7704378412270460608, 5246.1620000000002619, 18.087404814480741777, 5246.1620000000002619, 0, 5246.1040000000002692, 0, 5246.1620000000002619, 0, 5246.1620000000002619, 0
5246.1679999999996653, 0, 5246.1080000000001746, 0, 5246.1679999999996653, 0, 5246.1679999999996653, 0, 5246.1679999999996653, 110.78820805699918139, 5246.1080000000001746, 1, 5246.1679999999996653, 4.6259166659090835694, 5246.1679999999996653, -0.46505153039428392958, 5246.1679999999996653, 87.879093918094355331, 5246.1080000000001746, 1, 5246.1679999999996653, 4.03260972190556366, 5246.1679999999996653, 17.256274635368313852, 5246.1679999999996653, 0, 5246.1080000000001746, 0, 5246.1679999999996653, 0, 5246.1679999999996653, 0
5246.1679999999996653, 0, 5246.1130000000002838, 0, 5246.1679999999996653, 0, 5246.1679999999996653, 0, 5246.1679999999996653, 109.93040844131240874, 5246.1130000000002838, 1, 5246.1679999999996653, 3.2115310813669619705, 5246.1679999999996653, -1.057937185093919652, 5246.1679999999996653, 88.112120457269156759, 5246.1130000000002838, 1, 5246.1679999999996653, 2.5127550881485904988, 5246.1679999999996653, 16.742813018710016593, 5246.1679999999996653, 0, 5246.1130000000002838, 0, 5246.1679999999996653, 0, 5246.1679999999996653, 0
5246.1779999999998836, 0, 5246.1180000000003929, 0, 5246.1779999999998836, 0, 5246.1779999999998836, 0, 5246.1779999999998836, 108.50345767543510078, 5246.1180000000003929, 1, 5246.1779999999998836, 3.1607105851632719684, 5246.1779999999998836, -2.0658367969161091082, 5246.1779999999998836, 90.390508546671298973, 5246.1180000000003929, 1, 5246.1779999999998836, 2.6982809390332023192, 5246.1779999999998836, 15.821407721673828917, 5246.1779999999998836, 0, 5246.1180000000003929, 0, 5246.1779999999998836, 0, 5246.1779999999998836, 0
5246.1829999999999927, 0, 5246.1229999999995925, 0, 5246.1829999999999927, 0, 5246.1829999999999927, 0, 5246.1829999999999927, 106.99135925319663443, 5246.1229999999995925, 1, 5246.1829999999999927, 5.3105766012352759731, 5246.1829999999999927, -4.445830905644378106, 5246.1829999999999927, 92.715594504809430987, 5246.1229999999995925, 1, 5246.1829999999999927, -1.3986721662731713689, 5246.1829999999999927, 10.182750996337560423, 5246.1829999999999927, 0, 5246.1229999999995925, 0, 5246.1829999999999927, 0, 5246.1829999999999927, 0
5246.1829999999999927, 371.42882001312437978, 5246.1279999999997017, 0, 5246.1829999999999927, -74.206037606891825931, 5246.1829999999999927, -236.36830558846290273, 5246.1829999999999927, 97.509749750006420754, 5246.1279999999997017, 1, 5246.1829999999999927, -7.259426263780516031, 5246.1829999999999927, -5.733206506870644148, 5246.1829999999999927, 83.575590571405470541, 5246.1279999999997017, 1, 5246.1829999999999927, -4.0743433211890884849, 5246.1829999999999927, 9.4667624165410089176, 5246.1829999999999927, 0, 5246.1279999999997017, 0, 5246.1829999999999927, 0, 5246.1829999999999927, 0
5246.193000000000211, 388.09516804889835839, 5246.1329999999998108, 0, 5246.193000000000211, -110.05623222580634035, 5246.193000000000211, -169.66493365223078627, 5246.193000000000211, 45.641141301959095244, 5246.1329999999998108, 1, 5246.193000000000211, -26.866959569454948564, 5246.193000000000211, -6.3814773827068318468, 5246.193000000000211, 69.775532383712217666, 5246.1329999999998108, 1, 5246.193000000000211, -8.9047715745094233597, 5246.193000000000211, 12.614689264065120256, 5246.193000000000211, 0, 5246.1329999999998108, 0, 5246.193000000000211, 0, 5246.193000000000211, 0
5246.193000000000211, 388.04687505784431778, 5246.1409999999996217, 0, 5246.193000000000211, -116.63666536131268003, 5246.193000000000211, -170.25180472152581501, 5246.193000000000211, 18.743907816053557269, 5246.1409999999996217, 1, 5246.193000000000211, -13.93689166008378777, 5246.193000000000211, -9.6209809309529585875, 5246.193000000000211, 63.388219454586923973, 5246.1409999999996217, 1, 5246.193000000000211, -13.443280280515409686, 5246.193000000000211, 7.5844264065469886305, 5246.193000000000211, 0, 5246.1409999999996217, 0, 5246.193000000000211, 0, 5246.193000000000211, 0
5246.1980000000003201, 388.32775956561533803, 5246.1430000000000291, 0, 5246.1980000000003201, -125.43216120566560789, 5246.1980000000003201, -171.3334966536031061, 5246.1980000000003201, 3.4117361785118718309, 5246.1430000000000291, 1, 5246.1980000000003201, -2.542078133867376355, 5246.1980000000003201, -2.2447041896233148606, 5246.1980000000003201, 55.296845276126369129, 5246.1430000000000291, 1, 5246.1980000000003201, -20.546546801098255486, 5246.1980000000003201, 2.9035737547366693434, 5246.1980000000003201, 0, 5246.1430000000000291, 0, 5246.1980000000003201, 0, 5246.1980000000003201, 0
5246.2030000000004293, 245.39382034284909651, 5246.1480000000001382, 0, 5246.2030000000004293, -98.34198994450756004, 5246.2030000000004293, 4.9964366606425016926, 5246.2030000000004293, 0, 5246.1480000000001382, 1, 5246.2030000000004293, 0, 5246.2030000000004293, 0, 5246.2030000000004293, 64.957978657096390407, 5246.1480000000001382, 1, 5246.2030000000004293, -30.6793413593267843, 5246.2030000000004293, -31.996682681284973171, 5246.2030000000004293, 0, 5246.1480000000001382, 0, 5246.2030000000004293, 0, 5246.2030000000004293, 0
5246.2139999999999418, 193.5190717425650746, 5246.1530000000002474, 0, 5246.2139999999999418, -82.484965143154866496, 5246.2139999999999418, 20.146262466992226337, 5246.2139999999999418, 0, 5246.1530000000002474, 1, 5246.2139999999999418, 0, 5246.2139999999999418, 0, 5246.2139999999999418, 103.29179739880856914, 5246.1530000000002474, 1, 5246.2139999999999418, -34.969608882596453725, 5246.2139999999999418, -60.486296045519814868, 5246.2139999999999418, 0, 5246.1530000000002474, 0, 5246.2139999999999418, 0, 5246.2139999999999418, 0
5246.2190000000000509, 137.61030256392785986, 5246.1580000000003565, 0, 5246.2190000000000509, -68.670211674092612952, 5246.2190000000000509, 27.586888331601805646, 5246.2190000000000509, 0, 5246.1580000000003565, 1, 5246.2190000000000509, 0, 5246.2190000000000509, 0, 5246.2190000000000509, 88.253699077667903339, 5246.1580000000003565, 1, 5246.2190000000000509, -30.948121566566204166, 5246.2190000000000509, -54.045709758751307561, 5246.2190000000000509, 0, 5246.1580000000003565, 0, 5246.2190000000000509, 0, 5246.2190000000000509, 0
5246.2240000000001601, 87.244411039597238755, 5246.1629999999995562, 0, 5246.2240000000001601, -48.271998819545075321, 5246.2240000000001601, 16.380792015965933928, 5246.2240000000001601, 0, 5246.1629999999995562, 1, 5246.2240000000001601, 0, 5246.2240000000001601, 0, 5246.2240000000001601, 74.652109760692724194, 5246.1629999999995562, 1, 5246.2240000000001601, -26.758719254708545066, 5246.2240000000001601, -48.322939843560838824, 5246.2240000000001601, 0, 5246.1629999999995562, 0, 5246.2240000000001601, 0, 5246.2240000000001601, 0
5246.2240000000001601, 42.707221144862764106, 5246.1679999999996653, 0, 5246.2240000000001601, -28.607243398298070503, 5246.2240000000001601, 16.596029521145418073, 5246.2240000000001601, 0, 5246.1679999999996653, 1, 5246.2240000000001601, 0, 5246.2240000000001601, 0, 5246.2240000000001601, 62.492019330701204183, 5246.1679999999996653, 1, 5246.2240000000001601, -18.375303398524827969, 5246.2240000000001601, -40.699546754182406971, 5246.2240000000001601, 0, 5246.1679999999996653, 0, 5246.2240000000001601, 0, 5246.2240000000001601, 0
5246.2290000000002692, 29.072311275596344871, 5246.1729999999997744, 0, 5246.2290000000002692, -19.386670973601404455, 5246.2290000000002692, 8.1964824384481946851, 5246.2290000000002692, 0, 5246.1729999999997744, 1, 5246.2290000000002692, 0, 5246.2290000000002692, 0, 5246.2290000000002692, 56.535591644112017207, 5246.1729999999997744, 1, 5246.2290000000002692, -17.320093045253468489, 5246.2290000000002692, -37.137420109044832373, 5246.2290000000002692, 0, 5246.1729999999997744, 0, 5246.2290000000002692, 0, 5246.2290000000002692, 0
5246.2340000000003783, 24.519181526734083576, 5246.1779999999998836, 0, 5246.2340000000003783, -16.351685926228508805, 5246.2340000000003783, 3.6405605265807086113, 5246.2340000000003783, 0, 5246.1779999999998836, 1, 5246.2340000000003783, 0, 5246.2340000000003783, 0, 5246.2340000000003783, 43.09769217645843753, 5246.1779999999998836, 1, 5246.2340000000003783, -10.799128101850202555, 5246.2340000000003783, -28.40664165280172071, 5246.2340000000003783, 0, 5246.1779999999998836, 0, 5246.2340000000003783, 0, 5246.2340000000003783, 0
5246.238999999999578, 29.705869474307718292, 5246.1829999999999927, 0, 5246.238999999999578, -20.02115905652321004, 5246.238999999999578, -2.5375588893027973825, 5246.238999999999578, 0, 5246.1829999999999927, 1, 5246.238999999999578, 0, 5246.238999999999578, 0, 5246.238999999999578, 43.988619054544599862, 5246.1829999999999927, 1, 5246.238999999999578, -12.767462030918073523, 5246.238999999999578, -29.196619859399355335, 5246.238999999999578, 0, 5246.1829999999999927, 0, 5246.238999999999578, 0, 5246.238999999999578, 0
5246.2439999999996871, 38.419029203669339267, 5246.1880000000001019, 0, 5246.2439999999996871, -24.732494241591030715, 5246.2439999999996871, -6.6964177601757288727, 5246.2439999999996871, 0, 5246.1880000000001019, 1, 5246.2439999999996871, 0, 5246.2439999999996871, 0, 5246.2439999999996871, 37.163984419492692268, 5246.1880000000001019, 1, 5246.2439999999996871, -7.3173431884206037168, 5246.2439999999996871, -24.665303233340210909, 5246.2439999999996871, 0, 5246.1880000000001019, 0, 5246.2439999999996871, 0, 5246.2439999999996871, 0
5246.2550000000001091, 50.964169609351117174, 5246.193000000000211, 0, 5246.2550000000001091, -30.001764977334655526, 5246.2550000000001091, -12.330897000520398166, 5246.2550000000001091, 0, 5246.193000000000211, 1, 5246.2550000000001091, 0, 5246.2550000000001091, 0, 5246.2550000000001091, 41.926513130819635933, 5246.193000000000211, 1, 5246.2550000000001091, -9.7159624764232965788, 5246.2550000000001091, -28.005276953335414447, 5246.2550000000001091, 0, 5246.193000000000211, 0, 5246.2550000000001091, 0, 5246.2550000000001091, 0
5246.2550000000001091, 60.684728224774694638, 5246.1980000000003201, 0, 5246.2550000000001091, -28.582158688215788089, 5246.2550000000001091, -14.913261262220185444, 5246.2550000000001091, 0, 5246.1980000000003201, 1, 5246.2550000000001091, 0, 5246.2550000000001091, 0, 5246.2550000000001091, 36.286500143995077394, 5246.1980000000003201, 1, 5246.2550000000001091, -5.4951310615960959893, 5246.2550000000001091, -24.262831914092132024, 5246.2550000000001091, 0, 5246.1980000000003201, 0, 5246.2550000000001091, 0, 5246.2550000000001091, 0
5246.2590000000000146, 71.894475848727495304, 5246.2039999999997235, 0, 5246.2590000000000146, -36.437245654082886404, 5246.2590000000000146, -7.1212014088859660887, 5246.2590000000000146, 0, 5246.2039999999997235, 1, 5246.2590000000000146, 0, 5246.2590000000000146, 0, 5246.2590000000000146, 42.435040119163176087, 5246.2039999999997235, 1, 5246.2590000000000146, -8.353470426737906962, 5246.2590000000000146, -27.514089768686098125, 5246.2590000000000146, 0, 5246.2039999999997235, 0, 5246.2590000000000146, 0, 5246.2590000000000146, 0
5246.2640000000001237, 81.481514572253274764, 5246.2089999999998327, 0, 5246.2640000000001237, -33.569048706400238302, 5246.2640000000001237, -6.0827900093709246221, 5246.2640000000001237, 0, 5246.2089999999998327, 1, 5246.2640000000001237, 0, 5246.2640000000001237, 0, 5246.2640000000001237, 31.212827956166734111, 5246.2089999999998327, 1, 5246.2640000000001237, -1.9111854565136923156, 5246.2640000000001237, -20.250235663966503097, 5246.2640000000001237, 51.231078934418690096, 5246.2089999999998327, 0, 5246.2640000000001237, 3.5147857089268188524, 5246.2640000000001237, -7.3804561390448242264
5246.274000000000342, 89.426305758577271376, 5246.2139999999999418, 1, 5246.274000000000342, -37.124894877761647649, 5246.274000000000342, -6.6361313139035615905, 5246.274000000000342, 0, 5246.2139999999999418, 1, 5246.274000000000342, 0, 5246.274000000000342, 0, 5246.274000000000342, 33.704968271662330892, 5246.2139999999999418, 1, 5246.274000000000342, -6.4488954904738502449, 5246.274000000000342, -22.066829051686216445, 5246.274000000000342, 0, 5246.2139999999999418, 1, 5246.274000000000342, 0, 5246.274000000000342, 0
5246.2790000000004511, 93.973677192873637409, 5246.2179999999998472, 1, 5246.2790000000004511, -35.823765325054040431, 5246.2790000000004511, -6.9186891792120803757, 5246.2790000000004511, 0, 5246.2179999999998472, 1, 5246.2790000000004511, 0, 5246.2790000000004511, 0, 5246.2790000000004511, 35.427579664224161604, 5246.2179999999998472, 1, 5246.2790000000004511, -5.4865829657441098632, 5246.2790000000004511, -23.270228465511269889, 5246.2790000000004511, 0, 5246.2179999999998472, 1, 5246.2790000000004511, 0, 5246.2790000000004511, 0
5246.2790000000004511, 99.986439084001446531, 5246.2229999999999563, 1, 5246.2790000000004511, -41.912388047241904587, 5246.2790000000004511, -7.6871823832990742176, 5246.2790000000004511, 0, 5246.2229999999999563, 1, 5246.2790000000004511, 0, 5246.2790000000004511, 0, 5246.2790000000004511, 42.798112538533338522, 5246.2229999999999563, 1, 5246.2790000000004511, -10.581938074356870061, 5246.2790000000004511, -28.348474959478505042, 5246.2790000000004511, 0, 5246.2229999999999563, 1, 5246.2790000000004511, 0, 5246.2790000000004511, 0
5246.2839999999996508, 104.57956036779665965, 5246.2280000000000655, 1, 5246.2839999999996508, -40.07388487003388633, 5246.2839999999996508, -6.7600472224138385968, 5246.2839999999996508, 0, 5246.2280000000000655, 1, 5246.2839999999996508, 0, 5246.2839999999996508, 0, 5246.2839999999996508, 38.492755801540297966, 5246.2280000000000655, 1, 5246.2839999999996508, -7.0140876392407722761, 5246.2839999999996508, -25.596403606997739644, 5246.2839999999996508, 50.414290979125581771, 5246.2280000000000655, 1, 5246.2839999999996508, 2.7309641418288195247, 5246.2839999999996508, -8.056115067927738238
5246.293999999999869, 112.76659622396050509, 5246.2330000000001746, 1, 5246.293999999999869, -41.052400405577401443, 5246.293999999999869, -5.851021388301916204, 5246.293999999999869, 0, 5246.2330000000001746, 1, 5246.293999999999869, 0, 5246.293999999999869, 0, 5246.293999999999869, 32.833083081819125937, 5246.2330000000001746, 1, 5246.293999999999869, -8.651428531345747075, 5246.293999999999869, -22.006933431353136399, 5246.293999999999869, 26.060500863853167886, 5246.2330000000001746, 1, 5246.293999999999869, 0.58961486804885354651, 5246.293999999999869, 0.14281177369243991393
5246.293999999999869, 102.48579140381757213, 5246.2380000000002838, 1, 5246.293999999999869, -34.34752980214074114, 5246.293999999999869, -10.887695783985350317, 5246.293999999999869, 0, 5246.2380000000002838, 1, 5246.293999999999869, 0, 5246.293999999999869, 0, 5246.293999999999869, 80.691488574503324571, 5246.2380000000002838, 1, 5246.293999999999869, -15.854177455285402232, 5246.293999999999869, 43.112381926189598857, 5246.293999999999869, 43.868996517282425884, 5246.2380000000002838, 1, 5246.293999999999869, 7.9843892992442961898, 5246.293999999999869, -8.5594438191625812351
5246.2989999999999782, 101.47172469476780066, 5246.2430000000003929, 1, 5246.2989999999999782, -35.844978048780220092, 5246.2989999999999782, -12.007570073987103854, 5246.2989999999999782, 0, 5246.2430000000003929, 1, 5246.2989999999999782, 0, 5246.2989999999999782, 0, 5246.2989999999999782, 1.3711887291325810523, 5246.2430000000003929, 1, 5246.2989999999999782, -0.52031831651504723002, 5246.2989999999999782, 0.90923827108703081379, 5246.2989999999999782, 72.499166144277154444, 5246.2430000000003929, 1, 5246.2989999999999782, 9.5909178032567847794, 5246.2989999999999782, -15.219445071056348695
5246.3040000000000873, 109.57586093139190098, 5246.2489999999997963, 1, 5246.3040000000000873, -27.660909922632722413, 5246.3040000000000873, -20.646060147599655465, 5246.3040000000000873, 0, 5246.2489999999997963, 1, 5246.3040000000000873, 0, 5246.3040000000000873, 0, 5246.3040000000000873, 0, 5246.2489999999997963, 1, 5246.3040000000000873, 0, 5246.3040000000000873, 0, 5246.3040000000000873, 73.64526349631611879, 5246.2489999999997963, 1, 5246.3040000000000873, 14.189286817489820791, 5246.3040000000000873, -14.719934815724538879
5246.3090000000001965, 77.394913123386771758, 5246.2539999999999054, 1, 5246.3090000000001965, -20.931295048521448621, 5246.3090000000001965, 44.820316899220983942, 5246.3090000000001965, 0, 5246.2539999999999054, 1, 5246.3090000000001965, 0, 5246.3090000000001965, 0, 5246.3090000000001965, 0, 5246.2539999999999054, 1, 5246.3090000000001965, 0, 5246.3090000000001965, 0, 5246.3090000000001965, 36.780917160115777165, 5246.2539999999999054, 1, 5246.3090000000001965, 2.3317126537388053187, 5246.3090000000001965, 21.185084520166320488
5246.3140000000003056, 92.96653280566258104, 5246.2579999999998108, 1, 5246.3140000000003056, -17.685361753090397485, 5246.3140000000003056, 28.271146068396170392, 5246.3140000000003056, 0, 5246.2579999999998108, 1, 5246.3140000000003056, 0, 5246.3140000000003056, 0, 5246.3140000000003056, 0, 5246.2579999999998108, 1, 5246.3140000000003056, 0, 5246.3140000000003056, 0, 5246.3140000000003056, 63.098518578807386348, 5246.2579999999998108, 1, 5246.3140000000003056, 13.051272548921000194, 5246.3140000000003056, 33.379776555497322477
5246.3190000000004147, 102.37360605048044704, 5246.26299999999992, 1, 5246.3190000000004147, -19.299104970664885172, 5246.3190000000004147, 6.1840229744435575299, 5246.3190000000004147, 0, 5246.26299999999992, 1, 5246.3190000000004147, 0, 5246.3190000000004147, 0, 5246.3190000000004147, 0, 5246.26299999999992, 1, 5246.3190000000004147, 0, 5246.3190000000004147, 0, 5246.3190000000004147, 92.833334333454189391, 5246.26299999999992, 1, 5246.3190000000004147, 14.389068158648736784, 5246.3190000000004147, 9.0387411165377216093
5246.3239999999996144, 109.94864785768501747, 5246.2680000000000291, 1, 5246.3239999999996144, -16.550386886887693549, 5246.3239999999996144, -8.1749215091206792749, 5246.3239999999996144, 0, 5246.2680000000000291, 1, 5246.3239999999996144, 0, 5246.3239999999996144, 0, 5246.3239999999996144, 0, 5246.2680000000000291, 1, 5246.3239999999996144, 0, 5246.3239999999996144, 0, 5246.3239999999996144, 115.58368299514948774, 5246.2680000000000291, 1, 5246.3239999999996144, 19.081639073212230073, 5246.3239999999996144, -6.0252128945933378645
5246.3339999999998327, 117.58018486027393124, 5246.2730000000001382, 1, 5246.3339999999998327, -16.69250298248616815, 5246.3339999999998327, -15.843543361283792592, 5246.3339999999998327, 0, 5246.2730000000001382, 1, 5246.3339999999998327, 0, 5246.3339999999998327, 0, 5246.3339999999998327, 0, 5246.2730000000001382, 1, 5246.3339999999998327, 0, 5246.3339999999998327, 0, 5246.3339999999998327, 111.26976271265566254, 5246.2730000000001382, 1, 5246.3339999999998327, 15.9043323669375809, 5246.3339999999998327, -8.53040259395685041
5246.3440000000000509, 127.71951127835600914, 5246.2780000000002474, 1, 5246.3440000000000509, -18.159888230278028232, 5246.3440000000000509, -6.1899182409551869455, 5246.3440000000000509, 0, 5246.2780000000002474, 1, 5246.3440000000000509, 0, 5246.3440000000000509, 0, 5246.3440000000000509, 0, 5246.2780000000002474, 1, 5246.3440000000000509, 0, 5246.3440000000000509, 0, 5246.3440000000000509, 106.4114538139303221, 5246.2780000000002474, 1, 5246.3440000000000509, 13.202799179387241679, 5246.3440000000000509, -3.0121167989308759161
5246.3440000000000509, 128.46367423667567209, 5246.2830000000003565, 1, 5246.3440000000000509, -17.496022131772260622, 5246.3440000000000509, -8.7292136019551520576, 5246.3440000000000509, 0, 5246.2830000000003565, 1, 5246.3440000000000509, 0, 5246.3440000000000509, 0, 5246.3440000000000509, 0, 5246.2830000000003565, 1, 5246.3440000000000509, 0, 5246.3440000000000509, 0, 5246.3440000000000509, 98.513339324336683944, 5246.2830000000003565, 1, 5246.3440000000000509, 7.8825714412142637855, 5246.3440000000000509, -3.1404376081752332084
5246.3490000000001601, 130.6773209768766435, 5246.2879999999995562, 1, 5246.3490000000001601, -16.2912030530982328, 5246.3490000000001601, -8.3892604374786259314, 5246.3490000000001601, 0, 5246.2879999999995562, 0, 5246.3490000000001601, 0, 5246.3490000000001601, 0, 5246.3490000000001601, 0, 5246.2879999999995562, 0, 5246.3490000000001601, 0, 5246.3490000000001601, 0, 5246.3490000000001601, 86.586640199957770392, 5246.2879999999995562, 1, 5246.3490000000001601, 4.7058961040007494248, 5246.3490000000001601, 0.17236819075602483053
5246.3590000000003783, 129.73996219023513277, 5246.2929999999996653, 1, 5246.3590000000003783, -17.148100679736508312, 5246.3590000000003783, -9.8645139305035129951, 5246.3590000000003783, 0, 5246.2929999999996653, 0, 5246.3590000000003783, 0, 5246.3590000000003783, 0, 5246.3590000000003783, 0, 5246.2929999999996653, 0, 5246.3590000000003783, 0, 5246.3590000000003783, 0, 5246.3590000000003783, 86.481542497261187918, 5246.2929999999996653, 1, 5246.3590000000003783, 0.52655148287221509307, 5246.3590000000003783, -0.52448491434839894509
5246.363999999999578, 131.23033778265326532, 5246.2979999999997744, 1, 5246.363999999999578, -14.222109479718385572, 5246.363999999999578, -9.2262703628566171687, 5246.363999999999578, 0, 5246.2979999999997744, 0, 5246.363999999999578, 0, 5246.363999999999578, 0, 5246.363999999999578, 0, 5246.2979999999997744, 0, 5246.363999999999578, 0, 5246.363999999999578, 0, 5246.363999999999578, 76.437893110310881184, 5246.2979999999997744, 1, 5246.363999999999578, -0.12754545685176418846, 5246.363999999999578, 2.6817227055615973086
5246.363999999999578, 128.74916247651225376, 5246.3029999999998836, 1, 5246.363999999999578, -16.479386711497415519, 5246.363999999999578, -10.241510928896147448, 5246.363999999999578, 0, 5246.3029999999998836, 0, 5246.363999999999578, 0, 5246.363999999999578, 0, 5246.363999999999578, 0, 5246.3029999999998836, 0, 5246.363999999999578, 0, 5246.363999999999578, 0, 5246.363999999999578, 80.399130495727405332, 5246.3029999999998836, 1, 5246.363999999999578, -4.7160540108681052729, 5246.363999999999578, 1.678191069121616863
5246.3739999999997963, 130.56573213275726175, 5246.3079999999999927, 1, 5246.3739999999997963, -11.584779849041941802, 5246.3739999999997963, -9.4695256185217004941, 5246.3739999999997963, 0, 5246.3079999999999927, 0, 5246.3739999999997963, 0, 5246.3739999999997963, 0, 5246.3739999999997963, 0, 5246.3079999999999927, 0, 5246.3739999999997963, 0, 5246.3739999999997963, 0, 5246.3739999999997963, 71.418295849644181317, 5246.3079999999999927, 1, 5246.3739999999997963, -2.621705860664001797, 5246.3739999999997963, 4.7689930367742761064
5246.3739999999997963, 127.56124054991693129, 5246.3130000000001019, 1, 5246.3739999999997963, -15.838978500554011575, 5246.3739999999997963, -10.246002880025478987, 5246.3739999999997963, 0, 5246.3130000000001019, 0, 5246.3739999999997963, 0, 5246.3739999999997963, 0, 5246.3739999999997963, 0, 5246.3130000000001019, 0, 5246.3739999999997963, 0, 5246.3739999999997963, 0, 5246.3739999999997963, 76.798335242376339238, 5246.3130000000001019, 1, 5246.3739999999997963, -8.627019108051262819, 5246.3739999999997963, 3.6220717115143941101
5246.3789999999999054, 129.25238888884373978, 5246.318000000000211, 1, 5246.3789999999999054, -8.8721205103123654823, 5246.3789999999999054, -9.6536189944540851116, 5246.3789999999999054, 0, 5246.318000000000211, 0, 5246.3789999999999054, 0, 5246.3789999999999054, 0, 5246.3789999999999054, 0, 5246.318000000000211, 0, 5246.3789999999999054, 0, 5246.3789999999999054, 0, 5246.3789999999999054, 70.498572568447045228, 5246.318000000000211, 1, 5246.3789999999999054, -3.5329064614398979494, 5246.3789999999999054, 6.1347804609836700251
5246.386000000000422, 126.76452251232218771, 5246.3230000000003201, 1, 5246.386000000000422, -11.431160872915148374, 5246.386000000000422, -15.580250247047878531, 5246.386000000000422, 0, 5246.3230000000003201, 0, 5246.386000000000422, 0, 5246.386000000000422, 0, 5246.386000000000422, 0, 5246.3230000000003201, 0, 5246.386000000000422, 0, 5246.386000000000422, 0, 5246.386000000000422, 77.370698319785986996, 5246.3230000000003201, 1, 5246.386000000000422, -10.077100871416222461, 5246.386000000000422, 2.8314297055661441505
5246.3890000000001237, 126.75740402190922396, 5246.3280000000004293, 1, 5246.3890000000001237, -10.239519122485647884, 5246.3890000000001237, -6.6327102445161472133, 5246.3890000000001237, 0, 5246.3280000000004293, 0, 5246.3890000000001237, 0, 5246.3890000000001237, 0, 5246.3890000000001237, 0, 5246.3280000000004293, 0, 5246.3890000000001237, 0, 5246.3890000000001237, 0, 5246.3890000000001237, 72.340123417787353333, 5246.3280000000004293, 1, 5246.3890000000001237, -3.1681994888772830876, 5246.3890000000001237, 8.867099985119686778
5246.3940000000002328, 124.58574039387367804, 5246.3339999999998327, 1, 5246.3940000000002328, -14.779589098600414587, 5246.3940000000002328, -6.8178117082156646234, 5246.3940000000002328, 0, 5246.3339999999998327, 0, 5246.3940000000002328, 0, 5246.3940000000002328, 0, 5246.3940000000002328, 0, 5246.3339999999998327, 0, 5246.3940000000002328, 0, 5246.3940000000002328, 0, 5246.3940000000002328, 78.493029231814176683, 5246.3339999999998327, 1, 5246.3940000000002328, -13.199165572152342207, 5246.3940000000002328, 7.9150100519490109718
5246.399000000000342, 127.19815827379287043, 5246.3379999999997381, 1, 5246.399000000000342, -3.0872135446668900194, 5246.399000000000342, -6.3003873857826917515, 5246.399000000000342, 0, 5246.3379999999997381, 0, 5246.399000000000342, 0, 5246.399000000000342, 0, 5246.399000000000342, 0, 5246.3379999999997381, 0, 5246.399000000000342, 0, 5246.399000000000342, 0, 5246.399000000000342, 72.691327008381051655, 5246.3379999999997381, 1, 5246.399000000000342, -2.5018379359965225994, 5246.399000000000342, 9.9983499416370058555
5246.4040000000004511, 122.98110330526702683, 5246.3429999999998472, 1, 5246.4040000000004511, -14.431740277325488364, 5246.4040000000004511, -6.8450504345713341081, 5246.4040000000004511, 0, 5246.3429999999998472, 0, 5246.4040000000004511, 0, 5246.4040000000004511, 0, 5246.4040000000004511, 0, 5246.3429999999998472, 0, 5246.4040000000004511, 0, 5246.4040000000004511, 0, 5246.4040000000004511, 80.858327349629661285, 5246.3429999999998472, 1, 5246.4040000000004511, -14.661682793256241908, 5246.4040000000004511, 8.6665927205134281053
5246.4089999999996508, 125.66660326653905599, 5246.3479999999999563, 1, 5246.4089999999996508, -0.75907193812812723266, 5246.4089999999996508, -5.4484364201370070191, 5246.4089999999996508, 0, 5246.3479999999999563, 0, 5246.4089999999996508, 0, 5246.4089999999996508, 0, 5246.4089999999996508, 0, 5246.3479999999999563, 0, 5246.4089999999996508, 0, 5246.4089999999996508, 0, 5246.4089999999996508, 74.949897748658912633, 5246.3479999999999563, 1, 5246.4089999999996508, -2.142586280165911905, 5246.4089999999996508, 11.386463573130399141
5246.4139999999997599, 123.42249889999084189, 5246.3530000000000655, 1, 5246.4139999999997599, -14.25355133091706783, 5246.4139999999997599, -4.9755625994042702587, 5246.4139999999997599, 0, 5246.3530000000000655, 0, 5246.4139999999997599, 0, 5246.4139999999997599, 0, 5246.4139999999997599, 0, 5246.3530000000000655, 0, 5246.4139999999997599, 0, 5246.4139999999997599, 0, 5246.4139999999997599, 74.25854662561843611, 5246.3530000000000655, 1, 5246.4139999999997599, -17.146373690624592712, 5246.4139999999997599, 11.92770917785267315
5246.4239999999999782, 126.30711534089806491, 5246.3580000000001746, 1, 5246.4239999999999782, 1.3512323557576439992, 5246.4239999999999782, -8.9968719776475580829, 5246.4239999999999782, 0, 5246.3580000000001746, 0, 5246.4239999999999782, 0, 5246.4239999999999782, 0, 5246.4239999999999782, 0, 5246.3580000000001746, 0, 5246.4239999999999782, 0, 5246.4239999999999782, 0, 5246.4239999999999782, 79.878607418006311036, 5246.3580000000001746, 1, 5246.4239999999999782, 0.15280779350816989237, 5246.4239999999999782, 8.5237696360370378557
5246.4239999999999782, 121.97280915206823693, 5246.3630000000002838, 1, 5246.4239999999999782, -14.620502517103878048, 5246.4239999999999782, -12.04195950936103543, 5246.4239999999999782, 0, 5246.3630000000002838, 0, 5246.4239999999999782, 0, 5246.4239999999999782, 0, 5246.4239999999999782, 0, 5246.3630000000002838, 0, 5246.4239999999999782, 0, 5246.4239999999999782, 0, 5246.4239999999999782, 91.909709111989627672, 5246.3630000000002838, 1, 5246.4239999999999782, -15.654818578347128977, 5246.4239999999999782, 4.2471411757916825991
5246.4290000000000873, 126.68104660227459135, 5246.3680000000003929, 1, 5246.4290000000000873, 1.5809162387553272744, 5246.4290000000000873, -17.892412595630268868, 5246.4290000000000873, 0, 5246.3680000000003929, 0, 5246.4290000000000873, 0, 5246.4290000000000873, 0, 5246.4290000000000873, 0, 5246.3680000000003929, 0, 5246.4290000000000873, 0, 5246.4290000000000873, 0, 5246.4290000000000873, 86.03512105768083984, 5246.3680000000003929, 1, 5246.4290000000000873, 4.520928609151708244, 5246.4290000000000873, 1.2097019806929054653
5246.4340000000001965, 122.31807897378028827, 5246.3729999999995925, 1, 5246.4340000000001965, -16.530444637618458614, 5246.4340000000001965, -18.59830993783050701, 5246.4340000000001965, 0, 5246.3729999999995925, 0, 5246.4340000000001965, 0, 5246.4340000000001965, 0, 5246.4340000000001965, 0, 5246.3729999999995925, 0, 5246.4340000000001965, 0, 5246.4340000000001965, 0, 5246.4340000000001965, 90.771795788560353913, 5246.3729999999995925, 1, 5246.4340000000001965, -14.679955280303921938, 5246.4340000000001965, -0.42126996369645297591
5246.4390000000003056, 127.87620786680683693, 5246.3779999999997017, 1, 5246.4390000000003056, 2.4391632918309040789, 5246.4390000000003056, -19.029807720795339776, 5246.4390000000003056, 0, 5246.3779999999997017, 0, 5246.4390000000003056, 0, 5246.4390000000003056, 0, 5246.4390000000003056, 0, 5246.3779999999997017, 0, 5246.4390000000003056, 0, 5246.4390000000003056, 0, 5246.4390000000003056, 81.765414059457256712, 5246.3779999999997017, 1, 5246.4390000000003056, 3.3694223656423671898, 5246.4390000000003056, 1.38195483515204387
5246.4440000000004147, 123.07796961224306642, 5246.3829999999998108, 1, 5246.4440000000004147, -16.308872715161825795, 5246.4440000000004147, -19.057223935155128913, 5246.4440000000004147, 0, 5246.3829999999998108, 0, 5246.4440000000004147, 0, 5246.4440000000004147, 0, 5246.4440000000004147, 0, 5246.3829999999998108, 0, 5246.4440000000004147, 0, 5246.4440000000004147, 0, 5246.4440000000004147, 86.19459978000566025, 5246.3829999999998108, 1, 5246.4440000000004147, -16.301704204265519138, 5246.4440000000004147, 0.30763533903834883176
5246.4489999999996144, 128.22426069007352112, 5246.3900000000003274, 1, 5246.4489999999996144, 2.8273931262296012612, 5246.4489999999996144, -19.107737270374435923, 5246.4489999999996144, 0, 5246.3900000000003274, 0, 5246.4489999999996144, 0, 5246.4489999999996144, 0, 5246.4489999999996144, 0, 5246.3900000000003274, 0, 5246.4489999999996144, 0, 5246.4489999999996144, 0, 5246.4489999999996144, 77.72165031427104509, 5246.3900000000003274, 1, 5246.4489999999996144, 1.8668945235023670648, 5246.4489999999996144, 2.3038655261921903161
5246.4539999999997235, 122.87909690124445206, 5246.3930000000000291, 1, 5246.4539999999997235, -16.199939850357900184, 5246.4539999999997235, -18.898378800175144931, 5246.4539999999997235, 0, 5246.3930000000000291, 0, 5246.4539999999997235, 0, 5246.4539999999997235, 0, 5246.4539999999997235, 0, 5246.3930000000000291, 0, 5246.4539999999997235, 0, 5246.4539999999997235, 0, 5246.4539999999997235, 82.798736876179020783, 5246.3930000000000291, 1, 5246.4539999999997235, -17.289624707940962622, 5246.4539999999997235, 1.1475370637988788758
5246.4589999999998327, 127.7801166204711194, 5246.3980000000001382, 1, 5246.4589999999998327, 3.0571147256792290392, 5246.4589999999998327, -18.780422266793529218, 5246.4589999999998327, 0, 5246.3980000000001382, 0, 5246.4589999999998327, 0, 5246.4589999999998327, 0, 5246.4589999999998327, 0, 5246.3980000000001382, 0, 5246.4589999999998327, 0, 5246.4589999999998327, 0, 5246.4589999999998327, 74.995541904181692416, 5246.3980000000001382, 1, 5246.4589999999998327, 0.92992501049938403046, 5246.4589999999998327, 3.1328031690287261313
5246.4639999999999418, 122.29994751619875615, 5246.4049999999997453, 1, 5246.4639999999999418, -17.211818636982624042, 5246.4639999999999418, -15.66451881770969834, 5246.4639999999999418, 0, 5246.4049999999997453, 0, 5246.4639999999999418, 0, 5246.4639999999999418, 0, 5246.4639999999999418, 0, 5246.4049999999997453, 0, 5246.4639999999999418, 0, 5246.4639999999999418, 0, 5246.4639999999999418, 80.984684015971481585, 5246.4049999999997453, 1, 5246.4639999999999418, -17.421828937243862612, 5246.4639999999999418, 2.7131531784883264891
5246.4690000000000509, 127.60596411824607799, 5246.4080000000003565, 1, 5246.4690000000000509, 5.4131165726071719391, 5246.4690000000000509, -9.5021099734616996102, 5246.4690000000000509, 0, 5246.4080000000003565, 0, 5246.4690000000000509, 0, 5246.4690000000000509, 0, 5246.4690000000000509, 0, 5246.4080000000003565, 0, 5246.4690000000000509, 0, 5246.4690000000000509, 0, 5246.4690000000000509, 72.690142529146157813, 5246.4080000000003565, 1, 5246.4690000000000509, -1.7884980979308657822, 5246.4690000000000509, 8.9990248872784768253
5246.4790000000002692, 121.8418638834522767, 5246.4129999999995562, 1, 5246.4790000000002692, -13.744465683746316387, 5246.4790000000002692, -9.5464069748270148352, 5246.4790000000002692, 0, 5246.4129999999995562, 0, 5246.4790000000002692, 0, 5246.4790000000002692, 0, 5246.4790000000002692, 0, 5246.4129999999995562, 0, 5246.4790000000002692, 0, 5246.4790000000002692, 0, 5246.4790000000002692, 78.507744225160848828, 5246.4129999999995562, 1, 5246.4790000000002692, -20.057750254771118392, 5246.4790000000002692, 7.9189121654746372769
5246.4840000000003783, 125.97281796326288372, 5246.4179999999996653, 1, 5246.4840000000003783, 5.6743589756143384406, 5246.4840000000003783, -9.0377307961082138377, 5246.4840000000003783, 0, 5246.4179999999996653, 0, 5246.4840000000003783, 0, 5246.4840000000003783, 0, 5246.4840000000003783, 0, 5246.4179999999996653, 0, 5246.4840000000003783, 0, 5246.4840000000003783, 0, 5246.4840000000003783, 72.114493289954580746, 5246.4179999999996653, 1, 5246.4840000000003783, -1.4112316672067286571, 5246.4840000000003783, 9.2833079118745125413
5246.4840000000003783, 119.97226071134416259, 5246.4229999999997744, 1, 5246.4840000000003783, -13.021602885407071781, 5246.4840000000003783, -9.0838584008168723471, 5246.4840000000003783, 0, 5246.4229999999997744, 0, 5246.4840000000003783, 0, 5246.4840000000003783, 0, 5246.4840000000003783, 0, 5246.4229999999997744, 0, 5246.4840000000003783, 0, 5246.4840000000003783, 0, 5246.4840000000003783, 78.160970924703661922, 5246.4229999999997744, 1, 5246.4840000000003783, -19.3738185216198886, 5246.4840000000003783, 8.1760685079601742586
5246.4939999999996871, 123.46560117589774563, 5246.4279999999998836, 1, 5246.4939999999996871, 4.5605980190046118139, 5246.4939999999996871, -8.5088819566091657975, 5246.4939999999996871, 0, 5246.4279999999998836, 0, 5246.4939999999996871, 0, 5246.4939999999996871, 0, 5246.4939999999996871, 0, 5246.4279999999998836, 0, 5246.4939999999996871, 0, 5246.4939999999996871, 0, 5246.4939999999996871, 72.046430696592892673, 5246.4279999999998836, 1, 5246.4939999999996871, -1.9012871679122747004, 5246.4939999999996871, 9.3936939575730633578
5246.4979999999995925, 120.62198914818949902, 5246.4329999999999927, 1, 5246.4979999999995925, 2.5495688936833791338, 5246.4979999999995925, -7.9886184078858804014, 5246.4979999999995925, 0, 5246.4329999999999927, 0, 5246.4979999999995925, 0, 5246.4979999999995925, 0, 5246.4979999999995925, 0, 5246.4329999999999927, 0, 5246.4979999999995925, 0, 5246.4979999999995925, 0, 5246.4979999999995925, 75.307100295848186988, 5246.4329999999999927, 1, 5246.4979999999995925, -10.272666815007305274, 5246.4979999999995925, 8.911017484830608737
5246.5039999999999054, 116.63984279595030102, 5246.4380000000001019, 1, 5246.5039999999999054, -8.1708999861802276143, 5246.5039999999999054, -7.0172265868402448064, 5246.5039999999999054, 0, 5246.4380000000001019, 0, 5246.5039999999999054, 0, 5246.5039999999999054, 0, 5246.5039999999999054, 0, 5246.4380000000001019, 0, 5246.5039999999999054, 0, 5246.5039999999999054, 0, 5246.5039999999999054, 78.20631067359980193, 5246.4380000000001019, 1, 5246.5039999999999054, -14.092910839568887127, 5246.5039999999999054, 9.2300193524329898764
5246.5090000000000146, 133.23341075008349321, 5246.443000000000211, 1, 5246.5090000000000146, -0.12690489480230796038, 5246.5090000000000146, -49.934546989170208064, 5246.5090000000000146, 0, 5246.443000000000211, 0, 5246.5090000000000146, 0, 5246.5090000000000146, 0, 5246.5090000000000146, 0, 5246.443000000000211, 0, 5246.5090000000000146, 0, 5246.5090000000000146, 0, 5246.5090000000000146, 75.6382478873121471, 5246.443000000000211, 1, 5246.5090000000000146, -4.8949227550962302047, 5246.5090000000000146, -29.3646729024898967
5246.5140000000001237, 122.28985329050601649, 5246.4489999999996144, 1, 5246.5140000000001237, -1.3391043507216890962, 5246.5140000000001237, -51.846274733718090033, 5246.5140000000001237, 413.15794809030933266, 5246.4489999999996144, 0, 5246.5140000000001237, 53.91017843906438145, 5246.5140000000001237, -35.948158712481983912, 5246.5140000000001237, 0, 5246.4489999999996144, 0, 5246.5140000000001237, 0, 5246.5140000000001237, 0, 5246.5140000000001237, 71.318880007191978621, 5246.4489999999996144, 1, 5246.5140000000001237, -9.1394312134358361988, 5246.5140000000001237, -35.793306327724494054
5246.5190000000002328, 81.124198232010201082, 5246.4530000000004293, 1, 5246.5190000000002328, 29.672590358189363968, 5246.5190000000002328, -42.784969091729124102, 5246.5190000000002328, 382.29261710141520325, 5246.4530000000004293, 0, 5246.5190000000002328, 108.07215553154564702, 5246.5190000000002328, -76.518409817488162616, 5246.5190000000002328, 0, 5246.4530000000004293, 0, 5246.5190000000002328, 0, 5246.5190000000002328, 0, 5246.5190000000002328, 46.542230466839050962, 5246.4530000000004293, 1, 5246.5190000000002328, 7.8587890749521855938, 5246.5190000000002328, -26.95458690227215115
5246.524000000000342, 32.556818872071268345, 5246.4579999999996289, 1, 5246.524000000000342, 21.280159737452706281, 5246.524000000000342, -22.31890923131102511, 5246.524000000000342, 346.99715076119866808, 5246.4579999999996289, 0, 5246.524000000000342, 98.414000785740995525, 5246.524000000000342, -44.129862792938354232, 5246.524000000000342, 0, 5246.4579999999996289, 0, 5246.524000000000342, 0, 5246.524000000000342, 0, 5246.524000000000342, 45.702914698501288626, 5246.4579999999996289, 1, 5246.524000000000342, 11.755272462757503149, 5246.524000000000342, -25.901933613985690386
5246.5290000000004511, 11.772515421511231537, 5246.4629999999997381, 1, 5246.5290000000004511, 7.6970711442350729925, 5246.5290000000004511, -8.0780036076981911464, 5246.5290000000004511, 276.05765142216904451, 5246.4629999999997381, 0, 5246.5290000000004511, 86.860329299183348439, 5246.5290000000004511, -28.574861750381558068, 5246.5290000000004511, 0, 5246.4629999999997381, 0, 5246.5290000000004511, 0, 5246.5290000000004511, 0, 5246.5290000000004511, 54.446856928543063248, 5246.4629999999997381, 1, 5246.5290000000004511, 17.791323480425997872, 5246.5290000000004511, -32.131594333604347469
5246.5339999999996508, 1.3488494105333865836, 5246.4690000000000509, 1, 5246.5339999999996508, 0.87872221817131579424, 5246.5339999999996508, -0.92212355608046903122, 5246.5339999999996508, 199.65538539908172311, 5246.4690000000000509, 0, 5246.5339999999996508, 69.143406349696121538, 5246.5339999999996508, -23.439294159073185142, 5246.5339999999996508, 0, 5246.4690000000000509, 0, 5246.5339999999996508, 0, 5246.5339999999996508, 0, 5246.5339999999996508, 47.046693287822961338, 5246.4690000000000509, 1, 5246.5339999999996508, 21.029062368010841055, 5246.5339999999996508, -29.271745410907730189
5246.543999999999869, 0, 5246.4729999999999563, 1, 5246.543999999999869, 0, 5246.543999999999869, 0, 5246.543999999999869, 125.39385736486033807, 5246.4729999999999563, 0, 5246.543999999999869, 52.360397877058403537, 5246.543999999999869, -12.26720886973572533, 5246.543999999999869, 0, 5246.4729999999999563, 0, 5246.543999999999869, 0, 5246.543999999999869, 0, 5246.543999999999869, 49.429990583607711585, 5246.4729999999999563, 1, 5246.543999999999869, 21.771769777509618393, 5246.543999999999869, -33.759828691738604789
5246.543999999999869, 0, 5246.4780000000000655, 1, 5246.543999999999869, 0, 5246.543999999999869, 0, 5246.543999999999869, 102.71020086450263875, 5246.4780000000000655, 0, 5246.543999999999869, 42.793753471920965126, 5246.543999999999869, -10.973575969432594945, 5246.543999999999869, 0, 5246.4780000000000655, 0, 5246.543999999999869, 0, 5246.543999999999869, 0, 5246.543999999999869, 42.304428761464365039, 5246.4780000000000655, 1, 5246.543999999999869, 19.199923656922837978, 5246.543999999999869, -29.087769489405079781
5246.5489999999999782, 0, 5246.4830000000001746, 1, 5246.5489999999999782, 0, 5246.5489999999999782, 0, 5246.5489999999999782, 83.688423660545737448, 5246.4830000000001746, 0, 5246.5489999999999782, 39.015431961282430962, 5246.5489999999999782, -11.319364962478893233, 5246.5489999999999782, 0, 5246.4830000000001746, 0, 5246.5489999999999782, 0, 5246.5489999999999782, 0, 5246.5489999999999782, 47.133219144792704469, 5246.4830000000001746, 1, 5246.5489999999999782, 17.625835185246291559, 5246.5489999999999782, -32.177661860750689016
5246.5590000000001965, 0, 5246.4880000000002838, 1, 5246.5590000000001965, 0, 5246.5590000000001965, 0, 5246.5590000000001965, 75.091449188635650103, 5246.4880000000002838, 0, 5246.5590000000001965, 33.192411859980062161, 5246.5590000000001965, -10.056387165521108784, 5246.5590000000001965, 0, 5246.4880000000002838, 0, 5246.5590000000001965, 0, 5246.5590000000001965, 0, 5246.5590000000001965, 39.305365188245978914, 5246.4880000000002838, 1, 5246.5590000000001965, 15.565171253963720588, 5246.5590000000001965, -26.791881719285481012
5246.5640000000003056, 0, 5246.4930000000003929, 1, 5246.5640000000003056, 0, 5246.5640000000003056, 0, 5246.5640000000003056, 69.867542090955907952, 5246.4930000000003929, 0, 5246.5640000000003056, 33.360474008916746413, 5246.5640000000003056, -10.651149606987651453, 5246.5640000000003056, 0, 5246.4930000000003929, 0, 5246.5640000000003056, 0, 5246.5640000000003056, 0, 5246.5640000000003056, 44.848035033188786258, 5246.4930000000003929, 1, 5246.5640000000003056, 13.682585532570138653, 5246.5640000000003056, -29.094731448349506309
5246.5649999999995998, 0, 5246.4979999999995925, 1, 5246.5649999999995998, 0, 5246.5649999999995998, 0, 5246.5649999999995998, 78.218824322626005596, 5246.4979999999995925, 0, 5246.5649999999995998, 30.873016015173703863, 5246.5649999999995998, -9.1576240486915239103, 5246.5649999999995998, 54.232514032602743725, 5246.4979999999995925, 0, 5246.5649999999995998, -1.6296310180085806785, 5246.5649999999995998, -7.6938628766789705082, 5246.5649999999995998, 31.919713986407639794, 5246.4979999999995925, 1, 5246.5649999999995998, 9.4572358548941739542, 5246.5649999999995998, -21.147185365311269578
5246.5690000000004147, 0, 5246.5029999999997017, 1, 5246.5690000000004147, 0, 5246.5690000000004147, 0, 5246.5690000000004147, 79.917334364907830491, 5246.5029999999997017, 1, 5246.5690000000004147, 30.530800051882525992, 5246.5690000000004147, -9.3608990713806008443, 5246.5690000000004147, 0, 5246.5029999999997017, 1, 5246.5690000000004147, 0, 5246.5690000000004147, 0, 5246.5690000000004147, 32.140441416059701396, 5246.5029999999997017, 1, 5246.5690000000004147, 9.1692999250481861395, 5246.5690000000004147, -21.997653163664825371
5246.5739999999996144, 0, 5246.5079999999998108, 1, 5246.5739999999996144, 0, 5246.5739999999996144, 0, 5246.5739999999996144, 83.6168278359684507, 5246.5079999999998108, 1, 5246.5739999999996144, 31.137114820651458302, 5246.5739999999996144, -0.31187793548221520723, 5246.5739999999996144, 0, 5246.5079999999998108, 1, 5246.5739999999996144, 0, 5246.5739999999996144, 0, 5246.5739999999996144, 31.909002403963505401, 5246.5079999999998108, 1, 5246.5739999999996144, 9.7210145154976785875, 5246.5739999999996144, -19.832759575119258244
5246.5839999999998327, 0, 5246.51299999999992, 1, 5246.5839999999998327, 0, 5246.5839999999998327, 0, 5246.5839999999998327, 87.296719641032325399, 5246.51299999999992, 1, 5246.5839999999998327, 33.42555313123814642, 5246.5839999999998327, -7.7199121803781167728, 5246.5839999999998327, 0, 5246.51299999999992, 1, 5246.5839999999998327, 0, 5246.5839999999998327, 0, 5246.5839999999998327, 42.387625540892045706, 5246.51299999999992, 1, 5246.5839999999998327, 11.287183100858655393, 5246.5839999999998327, -22.464586892405623786
5246.5839999999998327, 0, 5246.5180000000000291, 1, 5246.5839999999998327, 0, 5246.5839999999998327, 0, 5246.5839999999998327, 93.134397691472884162, 5246.5180000000000291, 1, 5246.5839999999998327, 33.151899989390408052, 5246.5839999999998327, -6.9803879510185922186, 5246.5839999999998327, 0, 5246.5180000000000291, 1, 5246.5839999999998327, 0, 5246.5839999999998327, 0, 5246.5839999999998327, 38.58951516565553419, 5246.5180000000000291, 1, 5246.5839999999998327, 13.645931810155435215, 5246.5839999999998327, -19.903119323699009158
5246.5889999999999418, 0, 5246.524000000000342, 1, 5246.5889999999999418, 0, 5246.5889999999999418, 0, 5246.5889999999999418, 97.994017632074388757, 5246.524000000000342, 1, 5246.5889999999999418, 35.478409208839501332, 5246.5889999999999418, -7.3131239324767634002, 5246.5889999999999418, 71.399975923783870257, 5246.524000000000342, 1, 5246.5889999999999418, -4.0044526496528991544, 5246.5889999999999418, -6.1638914975950065411, 5246.5889999999999418, 42.289766950283038227, 5246.524000000000342, 1, 5246.5889999999999418, 11.313349847829544004, 5246.5889999999999418, -20.21376612212042545
5246.5940000000000509, 77.03036707668826466, 5246.5299999999997453, 1, 5246.5940000000000509, -5.2054562085974573904, 5246.5940000000000509, -15.541298732408222349, 5246.5940000000000509, 101.25704005810507624, 5246.5299999999997453, 1, 5246.5940000000000509, 29.359070691096178507, 5246.5940000000000509, -6.5248848086612909469, 5246.5940000000000509, 0, 5246.5299999999997453, 1, 5246.5940000000000509, 0, 5246.5940000000000509, 0, 5246.5940000000000509, 36.682525931827342447, 5246.5299999999997453, 1, 5246.5940000000000509, 9.7452041276230669808, 5246.5940000000000509, -17.962788971618813605
5246.5990000000001601, 47.689535393537553887, 5246.5330000000003565, 1, 5246.5990000000001601, -3.641495015142564462, 5246.5990000000001601, -9.3229581874527944763, 5246.5990000000001601, 96.168270326879422782, 5246.5330000000003565, 1, 5246.5990000000001601, 28.91461015784794597, 5246.5990000000001601, -7.3111145659813132625, 5246.5990000000001601, 0, 5246.5330000000003565, 1, 5246.5990000000001601, 0, 5246.5990000000001601, 0, 5246.5990000000001601, 46.980824465649071442, 5246.5330000000003565, 1, 5246.5990000000001601, 9.3338445130724227994, 5246.5990000000001601, -20.182775624674192727
5246.6040000000002692, 48.74211810991219096, 5246.5379999999995562, 1, 5246.6040000000002692, -4.320291796914008664, 5246.6040000000002692, -8.428262242235113888, 5246.6040000000002692, 94.078592630453812262, 5246.5379999999995562, 1, 5246.6040000000002692, 25.311117422567964041, 5246.6040000000002692, -6.4109038143387095943, 5246.6040000000002692, 0, 5246.5379999999995562, 1, 5246.6040000000002692, 0, 5246.6040000000002692, 0, 5246.6040000000002692, 44.195310679835749568, 5246.5379999999995562, 1, 5246.6040000000002692, 10.276486005012969827, 5246.6040000000002692, -19.116972794393838342
5246.6080000000001746, 49.859772367856990627, 5246.5429999999996653, 1, 5246.6080000000001746, -3.5549410046903133775, 5246.6080000000001746, -9.2014764652266940459, 5246.6080000000001746, 90.876094547889579189, 5246.5429999999996653, 1, 5246.6080000000001746, 29.221446770327286657, 5246.6080000000001746, -0.22223193853822209576, 5246.6080000000001746, 0, 5246.5429999999996653, 1, 5246.6080000000001746, 0, 5246.6080000000001746, 0, 5246.6080000000001746, 51.595719733096217396, 5246.5429999999996653, 1, 5246.6080000000001746, 9.7203350781961184168, 5246.6080000000001746, -21.304812913581081091
5246.613999999999578, 51.698696274030609743, 5246.5479999999997744, 1, 5246.613999999999578, -4.2114431390318429749, 5246.613999999999578, -8.1193553452830045103, 5246.613999999999578, 89.331727903519450251, 5246.5479999999997744, 1, 5246.613999999999578, 25.839112200359537042, 5246.613999999999578, 0.85693818963805767908, 5246.613999999999578, 0, 5246.5479999999997744, 1, 5246.613999999999578, 0, 5246.613999999999578, 0, 5246.613999999999578, 46.757463829974895475, 5246.5479999999997744, 1, 5246.613999999999578, 10.44152771218480602, 5246.613999999999578, -19.682345461915133455
5246.6189999999996871, 52.691953551499004504, 5246.5529999999998836, 1, 5246.6189999999996871, -5.7838805954368535112, 5246.6189999999996871, -7.9690296256463817315, 5246.6189999999996871, 88.33529155346633388, 5246.5529999999998836, 1, 5246.6189999999996871, 26.875182948569264596, 5246.6189999999996871, 1.1673213065027709945, 5246.6189999999996871, 69.94795692363965145, 5246.5529999999998836, 1, 5246.6189999999996871, -8.6175951269134252186, 5246.6189999999996871, -5.6480392737308235951, 5246.6189999999996871, 47.877311245050087507, 5246.5529999999998836, 1, 5246.6189999999996871, 7.4165099379738315122, 5246.6189999999996871, -19.840471717663408668
5246.6239999999997963, 53.806755862997519557, 5246.5579999999999927, 1, 5246.6239999999997963, -6.425630778729983561, 5246.6239999999997963, -6.3638206247465589627, 5246.6239999999997963, 86.866924713381763468, 5246.5579999999999927, 1, 5246.6239999999997963, 23.832221856906667057, 5246.6239999999997963, 2.5355567354950494519, 5246.6239999999997963, 0, 5246.5579999999999927, 1, 5246.6239999999997963, 0, 5246.6239999999997963, 0, 5246.6239999999997963, 39.148724330973522001, 5246.5579999999999927, 1, 5246.6239999999997963, 7.4165523951866143548, 5246.6239999999997963, -17.490086300161507893
5246.6340000000000146, 54.717183535430301333, 5246.5640000000003056, 1, 5246.6340000000000146, -6.0430377852473817768, 5246.6340000000000146, -7.4189888991755310599, 5246.6340000000000146, 83.504395459204062035, 5246.5640000000003056, 1, 5246.6340000000000146, 25.35285002419442435, 5246.6340000000000146, 1.7840683329922555345, 5246.6340000000000146, 0, 5246.5640000000003056, 1, 5246.6340000000000146, 0, 5246.6340000000000146, 0, 5246.6340000000000146, 47.73270059711123281, 5246.5640000000003056, 1, 5246.6340000000000146, 8.6553092818211290194, 5246.6340000000000146, -19.242180152239889424
5246.6340000000000146, 55.776506902390536879, 5246.568000000000211, 1, 5246.6340000000000146, -7.8314756871349748835, 5246.6340000000000146, -5.7750430270941990329, 5246.6340000000000146, 83.182214661364056951, 5246.568000000000211, 1, 5246.6340000000000146, 22.27835285408092858, 5246.6340000000000146, 3.3115390459654108213, 5246.6340000000000146, 52.468688393640917411, 5246.568000000000211, 1, 5246.6340000000000146, -7.0217413967277488851, 5246.6340000000000146, -2.4506631084659211695, 5246.6340000000000146, 40.06358841160319173, 5246.568000000000211, 1, 5246.6340000000000146, 6.5819423925736604275, 5246.6340000000000146, -17.129189441034405661
5246.6440000000002328, 56.575580778209420885, 5246.5730000000003201, 1, 5246.6440000000002328, -7.9780359905067612658, 5246.6440000000002328, -6.4329801312196757124, 5246.6440000000002328, 80.732667835656044986, 5246.5730000000003201, 1, 5246.6440000000002328, 21.598046553004934367, 5246.6440000000002328, -1.2866208672830410364, 5246.6440000000002328, 0, 5246.5730000000003201, 1, 5246.6440000000002328, 0, 5246.6440000000002328, 0, 5246.6440000000002328, 43.19075929709002537, 5246.5730000000003201, 1, 5246.6440000000002328, 7.7381887842652030685, 5246.6440000000002328, -16.419186863099735518
5246.6440000000002328, 57.919912208828648659, 5246.5780000000004293, 1, 5246.6440000000002328, -7.9702923887101038147, 5246.6440000000002328, -6.3706234250244726525, 5246.6440000000002328, 78.520338298968880508, 5246.5780000000004293, 1, 5246.6440000000002328, 19.799341371505761344, 5246.6440000000002328, -0.94131854261881642287, 5246.6440000000002328, 0, 5246.5780000000004293, 1, 5246.6440000000002328, 0, 5246.6440000000002328, 0, 5246.6440000000002328, 45.378416815672956375, 5246.5780000000004293, 1, 5246.6440000000002328, 9.6547389365437084052, 5246.6440000000002328, -16.300805366822437747
5246.6480000000001382, 58.795990314424543044, 5246.5839999999998327, 1, 5246.6480000000001382, -9.4077663422105555213, 5246.6480000000001382, -5.0289231799666289646, 5246.6480000000001382, 77.897014156714419642, 5246.5839999999998327, 1, 5246.6480000000001382, 21.596613558348387585, 5246.6480000000001382, 4.3614263760570750605, 5246.6480000000001382, 54.888462878494848951, 5246.5839999999998327, 1, 5246.6480000000001382, -9.2370923758364416045, 5246.6480000000001382, -1.4649446493971147731, 5246.6480000000001382, 41.530647101712837355, 5246.5839999999998327, 1, 5246.6480000000001382, 5.2832888341334927063, 5246.6480000000001382, -16.592103986512093172
5246.6589999999996508, 59.587748549968566181, 5246.5879999999997381, 1, 5246.6589999999996508, -8.9380478652938233353, 5246.6589999999996508, -4.5113065980685149725, 5246.6589999999996508, 75.197133956416664091, 5246.5879999999997381, 1, 5246.6589999999996508, 20.327041181872377962, 5246.6589999999996508, 4.8470258015043370392, 5246.6589999999996508, 17.27202912647631905, 5246.5879999999997381, 1, 5246.6589999999996508, -2.3504410220520166597, 5246.6589999999996508, 0.2493741118353689501, 5246.6589999999996508, 39.430560684151473083, 5246.5879999999997381, 1, 5246.6589999999996508, 6.9428250696491975447, 5246.6589999999996508, -15.840684002658056428
5246.6589999999996508, 60.112743638004907609, 5246.5940000000000509, 1, 5246.6589999999996508, -9.457713363307401977, 5246.6589999999996508, -4.4695169802744665333, 5246.6589999999996508, 73.354459367383896051, 5246.5940000000000509, 1, 5246.6589999999996508, 19.629806212082041128, 5246.6589999999996508, 4.962888723892618259, 5246.6589999999996508, 21.245344905781159639, 5246.5940000000000509, 1, 5246.6589999999996508, -2.9315078934870881788, 5246.6589999999996508, -0.03220735630382698389, 5246.6589999999996508, 41.881301564582997798, 5246.5940000000000509, 1, 5246.6589999999996508, 7.0858307338692725352, 5246.6589999999996508, -16.053862567645388992
5246.668999999999869, 60.978848464259165496, 5246.5979999999999563, 1, 5246.668999999999869, -9.891195760261632941, 5246.668999999999869, -4.1774856160574707076, 5246.668999999999869, 71.73942810325324615, 5246.5979999999999563, 1, 5246.668999999999869, 19.015945230730228133, 5246.668999999999869, 5.3567929098069342331, 5246.668999999999869, 23.764557418849136639, 5246.5979999999999563, 1, 5246.668999999999869, -3.4758450805787224347, 5246.668999999999869, 0.099816285206840049682, 5246.668999999999869, 42.300976723294574811, 5246.5979999999999563, 1, 5246.668999999999869, 6.9719690756426686562, 5246.668999999999869, -15.784819729436001978
5246.6739999999999782, 61.818140947532320695, 5246.6040000000002692, 1, 5246.6739999999999782, -10.281868688904962639, 5246.6739999999999782, -3.8174942238620346302, 5246.6739999999999782, 70.158916658113227527, 5246.6040000000002692, 1, 5246.6739999999999782, 18.420143136371340375, 5246.6739999999999782, 5.8139095831183240648, 5246.6739999999999782, 25.840225364503471184, 5246.6040000000002692, 1, 5246.6739999999999782, -4.0075463108344555607, 5246.6739999999999782, 0.34087028733930146984, 5246.6739999999999782, 42.105322567080094132, 5246.6040000000002692, 1, 5246.6739999999999782, 6.7772439422960353284, 5246.6739999999999782, -15.393974088492287322
5246.6739999999999782, 62.568788923205374886, 5246.6080000000001746, 1, 5246.6739999999999782, -10.645316506700417847, 5246.6739999999999782, -3.441440528172385882, 5246.6739999999999782, 68.573410949805307268, 5246.6080000000001746, 1, 5246.6739999999999782, 17.830017265607970955, 5246.6739999999999782, 6.2744684170929510003, 5246.6739999999999782, 27.73564163760051926, 5246.6080000000001746, 1, 5246.6739999999999782, -4.5177219223099811529, 5246.6739999999999782, 0.60853155839642525393, 5246.6739999999999782, 41.732326241651584553, 5246.6080000000001746, 1, 5246.6739999999999782, 6.5687005184338644881, 5246.6739999999999782, -14.983857496178286439
5246.6840000000001965, 63.23391934913738055, 5246.6130000000002838, 1, 5246.6840000000001965, -10.989978030453999125, 5246.6840000000001965, -3.0642199659419020463, 5246.6840000000001965, 66.994846281181352765, 5246.6130000000002838, 1, 5246.6840000000001965, 17.245751449965613489, 5246.6840000000001965, 6.7225794947609607277, 5246.6840000000001965, 29.520406079944535804, 5246.6130000000002838, 1, 5246.6840000000001965, -5.0014674348163739026, 5246.6840000000001965, 0.88173130842660008, 5246.6840000000001965, 41.324093751782541517, 5246.6130000000002838, 1, 5246.6840000000001965, 6.3693184732519272373, 5246.6840000000001965, -14.582858883286608176
5246.6840000000001965, 63.827778985169885573, 5246.6180000000003929, 1, 5246.6840000000001965, -11.319628540184043075, 5246.6840000000001965, -2.6905100249137667845, 5246.6840000000001965, 65.439376644695300911, 5246.6180000000003929, 1, 5246.6840000000001965, 16.670737170689928774, 5246.6840000000001965, 7.154244582440366429, 5246.6840000000001965, 31.21076580601601691, 5246.6180000000003929, 1, 5246.6840000000001965, -5.4564395236895935071, 5246.6840000000001965, 1.1551929929454178847, 5246.6840000000001965, 40.928896315171940046, 5246.6180000000003929, 1, 5246.6840000000001965, 6.187184080774691175, 5246.6840000000001965, -14.198109727113978451
5246.6890000000003056, 64.363042693662265492, 5246.6229999999995925, 1, 5246.6890000000003056, -11.635829133443957417, 5246.6890000000003056, -2.3223147255642828668, 5246.6890000000003056, 63.921237473340873692, 5246.6229999999995925, 1, 5246.6890000000003056, 16.108827864144984687, 5246.6890000000003056, 7.5687277434755948491, 5246.6890000000003056, 32.811677549853570213, 5246.6229999999995925, 1, 5246.6890000000003056, -5.8825585107017843711, 5246.6890000000003056, 1.4274167378478033186, 5246.6890000000003056, 40.563526149508753349, 5246.6229999999995925, 1, 5246.6890000000003056, 6.0244793702780876643, 5246.6890000000003056, -13.830882637940641544
5246.6940000000004147, 64.848964006501361723, 5246.6289999999999054, 1, 5246.6940000000004147, -11.939037569847558373, 5246.6940000000004147, -1.9609277803467399792, 5246.6940000000004147, 62.450831637958138742, 5246.6289999999999054, 1, 5246.6940000000004147, 15.563338584233230577, 5246.6940000000004147, 7.9660537529504331644, 5246.6940000000004147, 34.325715512890042191, 5246.6289999999999054, 1, 5246.6940000000004147, -6.2807839575455757242, 5246.6940000000004147, 1.6975686293317977515, 5246.6940000000004147, 40.23347941639745784, 5246.6289999999999054, 1, 5246.6940000000004147, 5.8810376015214966827, 5246.6940000000004147, -13.480933967573836441
5246.6999999999998181, 65.291968099356836319, 5246.6329999999998108, 1, 5246.6999999999998181, -12.229179732775738998, 5246.6999999999998181, -1.6074340969342557628, 5246.6999999999998181, 61.035676637372105802, 5246.6329999999998108, 1, 5246.6999999999998181, 15.036959337866051101, 5246.6999999999998181, 8.3463998678439814682, 5246.6999999999998181, 35.755409317865307628, 5246.6329999999998108, 1, 5246.6999999999998181, -6.6525351098785687753, 5246.6999999999998181, 1.9648427464758420058, 5246.6999999999998181, 39.939825222068520816, 5246.6329999999998108, 1, 5246.6999999999998181, 5.7557394981745666485, 5246.6999999999998181, -13.147718365107081695
5246.7079999999996289, 65.696515623653951366, 5246.63799999999992, 1, 5246.7079999999996289, -12.505953085932151936, 5246.7079999999996289, -1.2628020678708153923, 5246.7079999999996289, 59.680778989131745504, 5246.63799999999992, 1, 5246.7079999999996289, 14.531725919925317925, 5246.7079999999996289, 8.7099177119341995024, 5246.7079999999996289, 37.103082144241355422, 5246.63799999999992, 1, 5246.7079999999996289, -6.9992868279130959763, 5246.7079999999996289, 2.2283636778113589116, 5246.7079999999996289, 39.681798631678965705, 5246.63799999999992, 1, 5246.7079999999996289, 5.6471319056416753313, 5246.7079999999996289, -12.830687373117427796
5246.7089999999998327, 66.065772630410080524, 5246.6430000000000291, 1, 5246.7089999999998327, -12.768974793581108429, 5246.7089999999998327, -0.92790260031265248131, 5246.7089999999998327, 58.389498706250492432, 5246.6430000000000291, 1, 5246.7089999999998327, 14.049171939547328236, 5246.7089999999998327, 9.0567386778643736989, 5246.7089999999998327, 38.370993909387003384, 5246.6430000000000291, 1, 5246.7089999999998327, -7.3224574511492299678, 5246.7089999999998327, 2.4872442705749655545, 5246.7089999999998327, 39.457800711195943677, 5246.6430000000000291, 1, 5246.7089999999998327, 5.553686841058814494, 5246.7089999999998327, -12.529354313753914951
5246.7190000000000509, 66.327955822629462546, 5246.6480000000001382, 1, 5246.7190000000000509, -13.285535248716859869, 5246.7190000000000509, -1.7787936056365296622, 5246.7190000000000509, 57.737992522245001226, 5246.6480000000001382, 1, 5246.7190000000000509, 12.924064034340027263, 5246.7190000000000509, 6.3128336027054068325, 5246.7190000000000509, 39.61409820831037365, 5246.6480000000001382, 1, 5246.7190000000000509, -7.5046940235839327826, 5246.7190000000000509, 2.2675430737626314226, 5246.7190000000000509, 39.527661059860477621, 5246.6480000000001382, 1, 5246.7190000000000509, 5.5335939527040043373, 5246.7190000000000509, -11.341009969807515745
5246.7190000000000509, 66.637701023458731697, 5246.6530000000002474, 1, 5246.7190000000000509, -13.521234268908759901, 5246.7190000000000509, -1.4710541771863141491, 5246.7190000000000509, 56.593600583749676503, 5246.6530000000002474, 1, 5246.7190000000000509, 12.503187072560319137, 5246.7190000000000509, 6.6881892610184685566, 5246.7190000000000509, 40.733110070565686556, 5246.6530000000002474, 1, 5246.7190000000000509, -7.781238320322618307, 5246.7190000000000509, 2.5012855031907008652, 5246.7190000000000509, 39.359791757191949557, 5246.6530000000002474, 1, 5246.7190000000000509, 5.4658790576034963493, 5246.7190000000000509, -11.073652338600490808
5246.7240000000001601, 66.91764394239467606, 5246.6580000000003565, 1, 5246.7240000000001601, -13.742107836775256047, 5246.7240000000001601, -1.1745636113755253405, 5246.7240000000001601, 55.516605722671627632, 5246.6580000000003565, 1, 5246.7240000000001601, 12.106697285507632245, 5246.7240000000001601, 7.0436087546916716917, 5246.7240000000001601, 41.77879206813764057, 5246.6580000000003565, 1, 5246.7240000000001601, -8.0380383186495834025, 5246.7240000000001601, 2.7288784747592238489, 5246.7240000000001601, 39.220240460210909816, 5246.6580000000003565, 1, 5246.7240000000001601, 5.4092448645495361248, 5246.7240000000001601, -10.820229995242520715
5246.7290000000002692, 67.169042393612826913, 5246.6629999999995562, 1, 5246.7290000000002692, -13.947988504380569807, 5246.7290000000002692, -0.88983792980881304402, 5246.7290000000002692, 54.507275417239426929, 5246.6629999999995562, 1, 5246.7290000000002692, 11.734896928723712151, 5246.7290000000002692, 7.3792252976586105717, 5246.7290000000002692, 42.753174644823261019, 5246.6629999999995562, 1, 5246.7290000000002692, -8.2760665982427585874, 5246.7290000000002692, 2.949643806334616869, 5246.7290000000002692, 39.107014866087027372, 5246.6629999999995562, 1, 5246.7290000000002692, 5.3625466801999248645, 5246.7290000000002692, -10.580483459777052957
5246.7340000000003783, 67.393024874683362668, 5246.6679999999996653, 1, 5246.7340000000003783, -14.138790841932571851, 5246.7340000000003783, -0.61730175215423344071, 5246.7340000000003783, 53.565417033497439547, 5246.6679999999996653, 1, 5246.7340000000003783, 11.387891455972084742, 5246.7340000000003783, 7.6952119071843689824, 5246.7340000000003783, 43.658184232717268003, 5246.6679999999996653, 1, 5246.7340000000003783, -8.4961939053945592093, 5246.7340000000003783, 3.1629800970521628756, 5246.7340000000003783, 39.018202623966203646, 5246.6679999999996653, 1, 5246.7340000000003783, 5.3247555857199238005, 5246.7340000000003783, -10.354165061999596631
5246.7399999999997817, 67.608528257624584512, 5246.6729999999997744, 1, 5246.7399999999997817, -14.330977993116873037, 5246.7399999999997817, -0.3322317512169092879, 5246.7399999999997817, 52.607917974212931256, 5246.6729999999997744, 1, 5246.7399999999997817, 11.035212355229079506, 5246.7399999999997817, 8.0200289253092762465, 5246.7399999999997817, 44.574672552317011309, 5246.6729999999997744, 1, 5246.7399999999997817, -8.7183109102927076606, 5246.7399999999997817, 3.3882933625149185275, 5246.7399999999997817, 38.946914943725587932, 5246.6729999999997744, 1, 5246.7399999999997817, 5.2925025058519858945, 5246.7399999999997817, -10.12067489816939414
5246.75, 67.794392416405770518, 5246.6779999999998836, 1, 5246.75, -14.505563763591528215, 5246.75, -0.062199337520127073731, 5246.75, 51.727954117963307112, 5246.6779999999998836, 1, 5246.75, 10.711315410554805183, 5246.75, 8.3223884510948309412, 5246.75, 45.414464186065387707, 5246.6779999999998836, 1, 5246.75, -8.9212977619885283076, 5246.75, 3.6037026651150050327, 5246.75, 38.899925336437092938, 5246.6779999999998836, 1, 5246.75, 5.2685563492152720499, 5246.75, -9.902350086849098787
5246.75, 67.937528368488756314, 5246.6829999999999927, 1, 5246.75, -14.648380237139976501, 5246.75, 0.16938473015687804946, 5246.75, 50.997263168357662266, 5246.6829999999999927, 1, 5246.75, 10.4426256667385573, 5246.75, 8.577147836042797735, 5246.75, 46.099627087490731014, 5246.6829999999999927, 1, 5246.75, -9.088178356064409158, 5246.75, 3.7917967658493267891, 5246.75, 38.877605102799520864, 5246.6829999999999927, 1, 5246.75, 5.2536950633156758173, 5246.75, -9.7173983363933391644
5246.7550000000001091, 68.100187525533755206, 5246.6890000000003056, 1, 5246.7550000000001091, -14.584300780023893296, 5246.7550000000001091, -0.12533890507805267589, 5246.7550000000001091, 50.309475840725710327, 5246.6890000000003056, 1, 5246.7550000000001091, 10.346053631710722343, 5246.7550000000001091, 8.7464299505109970312, 5246.7550000000001091, 46.708587830221276249, 5246.6890000000003056, 1, 5246.7550000000001091, -9.2280228051191350858, 5246.7550000000001091, 3.5450822457270838584, 5246.7550000000001091, 38.842760362735376134, 5246.6890000000003056, 1, 5246.7550000000001091, 5.2485563314279337632, 5246.7550000000001091, -9.7084336132589506008
5246.7600000000002183, 68.196589996768011588, 5246.693000000000211, 1, 5246.7600000000002183, -14.610509290418919548, 5246.7600000000002183, 1.7947969666200833672, 5246.7600000000002183, 49.047046796960259485, 5246.693000000000211, 1, 5246.7600000000002183, 10.554235258219945237, 5246.7600000000002183, 11.670620761390519959, 5246.7600000000002183, 47.121711977632287471, 5246.693000000000211, 1, 5246.7600000000002183, -9.4984729577936857225, 5246.7600000000002183, 4.7049105710372103317, 5246.7600000000002183, 38.702232652297333004, 5246.693000000000211, 1, 5246.7600000000002183, 5.1930157821518303507, 5246.7600000000002183, -10.279404166680205179
5246.7700000000004366, 68.274752940061901541, 5246.6980000000003201, 1, 5246.7700000000004366, -14.707571218150931713, 5246.7700000000004366, 1.9839111659620769501, 5246.7700000000004366, 48.493688996445001749, 5246.6980000000003201, 1, 5246.7700000000004366, 10.35258385955141236, 5246.7700000000004366, 11.839282313662039314, 5246.7700000000004366, 47.602930687763645778, 5246.6980000000003201, 1, 5246.7700000000004366, -9.6168506968881288799, 5246.7700000000004366, 4.8677387030446581662, 5246.7700000000004366, 38.759198684321660267, 5246.6980000000003201, 1, 5246.7700000000004366, 5.1992078059703636939, 5246.7700000000004366, -10.13623872149480043
5246.7700000000004366, 68.334758405605199982, 5246.7030000000004293, 1, 5246.7700000000004366, -14.791296685778233311, 5246.7700000000004366, 2.1597713220997434291, 5246.7700000000004366, 48.000620175347904706, 5246.7030000000004293, 1, 5246.7700000000004366, 10.173943105934457165, 5246.7700000000004366, 11.994505935700740196, 5246.7700000000004366, 48.035990201201364869, 5246.7030000000004293, 1, 5246.7700000000004366, -9.7241966628311775622, 5246.7700000000004366, 5.0200463024002068835, 5246.7700000000004366, 38.82687165099046922, 5246.7030000000004293, 1, 5246.7700000000004366, 5.2079087121499290092, 5246.7700000000004366, -10.004023660249863781
5246.7749999999996362, 68.37686528198491942, 5246.7079999999996289, 1, 5246.7749999999996362, -14.862006022651536696, 5246.7749999999996362, 2.3226358672510976078, 5246.7749999999996362, 47.565388035977107961, 5246.7079999999996289, 1, 5246.7749999999996362, 10.017256005081366155, 5246.7749999999996362, 12.136615819506612723, 5246.7749999999996362, 48.421315388772228516, 5246.7079999999996289, 1, 5246.7749999999996362, -9.8206907440936745957, 5246.7749999999996362, 5.1619987501944564201, 5246.7749999999996362, 38.903058331727699226, 5246.7079999999996289, 1, 5246.7749999999996362, 5.2186588579986894487, 5246.7749999999996362, -9.882416535149010528
5246.7799999999997453, 68.400097189293120437, 5246.7129999999997381, 1, 5246.7799999999997453, -14.915465731040868036, 5246.7799999999997453, 2.4584611140108094673, 5246.7799999999997453, 47.220191207995334537, 5246.7129999999997381, 1, 5246.7799999999997453, 9.8941635064486650464, 5246.7799999999997453, 12.253728635417942883, 5246.7799999999997453, 48.729190752357638416, 5246.7129999999997381, 1, 5246.7799999999997453, -9.8983522185091992185, 5246.7799999999997453, 5.2810931824871580886, 5246.7799999999997453, 38.986322911829901727, 5246.7129999999997381, 1, 5246.7799999999997453, 5.231497532330133815, 5246.7799999999997453, -9.7711882447933202656
5246.7899999999999636, 68.409024923156977138, 5246.7179999999998472, 1, 5246.7899999999999636, -14.962500499795698516, 5246.7899999999999636, 2.5967949251752742157, 5246.7899999999999636, 46.890038294973315658, 5246.7179999999998472, 1, 5246.7899999999999636, 9.7773972682848011573, 5246.7899999999999636, 12.371274389240298319, 5246.7899999999999636, 49.026095433599508056, 5246.7179999999998472, 1, 5246.7899999999999636, -9.9743726040806883759, 5246.7899999999999636, 5.4032046670305078351, 5246.7899999999999636, 39.076119690339645274, 5246.7179999999998472, 1, 5246.7899999999999636, 5.2458927756100335316, 5246.7899999999999636, -9.6701678475328201046
5246.7899999999999636, 68.4010562356500742, 5246.7229999999999563, 1, 5246.7899999999999636, -15.001629293020865674, 5246.7899999999999636, 2.7354099433917156148, 5246.7899999999999636, 46.583013208283162498, 5246.7229999999999563, 1, 5246.7899999999999636, 9.670180799808749228, 5246.7899999999999636, 12.487091519464243561, 5246.7899999999999636, 49.304884042827623603, 5246.7229999999999563, 1, 5246.7899999999999636, -10.046761572881226954, 5246.7899999999999636, 5.5264135140959851356, 5246.7899999999999636, 39.171540325464405896, 5246.7229999999999563, 1, 5246.7899999999999636, 5.261945417191384422, 5246.7899999999999636, -9.5791163239536682994
5246.7950000000000728, 68.377446655372210671, 5246.7280000000000655, 1, 5246.7950000000000728, -15.025501185988682451, 5246.7950000000000728, 2.8485792289286493428, 5246.7950000000000728, 46.356071930330628561, 5246.7280000000000655, 1, 5246.7950000000000728, 9.5923206234353841637, 5246.7950000000000728, 12.579664313065698877, 5246.7950000000000728, 49.513661442858229123, 5246.7280000000000655, 1, 5246.7950000000000728, -10.102018623079459303, 5246.7950000000000728, 5.627808909804894455, 5246.7950000000000728, 39.271954489039579528, 5246.7280000000000655, 1, 5246.7950000000000728, 5.2794921832051144861, 5246.7950000000000728, -9.497786411029483844
5246.805000000000291, 68.339393430601560908, 5246.7330000000001746, 1, 5246.805000000000291, -15.038971734918234802, 5246.805000000000291, 2.9500288311265094876, 5246.805000000000291, 46.17580490587582176, 5246.7330000000001746, 1, 5246.805000000000291, 9.5319184308818041274, 5246.805000000000291, 12.660695144573665516, 5246.805000000000291, 49.682304420361276698, 5246.7330000000001746, 1, 5246.805000000000291, -10.147722531967591664, 5246.805000000000291, 5.7194483722468874021, 5246.805000000000291, 39.376747389893978379, 5246.7330000000001746, 1, 5246.805000000000291, 5.2984224827857886453, 5246.805000000000291, -9.4259064604404532162
5246.805000000000291, 68.287779186793926556, 5246.7380000000002838, 1, 5246.805000000000291, -15.042587708256418111, 5246.805000000000291, 3.0400881421946905903, 5246.805000000000291, 46.040087914025704663, 5246.7380000000002838, 1, 5246.805000000000291, 9.4881062382710563696, 5246.805000000000291, 12.730564929108009409, 5246.805000000000291, 49.812513029057285507, 5246.7380000000002838, 1, 5246.805000000000291, -10.184213438471399371, 5246.805000000000291, 5.8015440284004000659, 5246.805000000000291, 39.485337320608017819, 5246.7380000000002838, 1, 5246.805000000000291, 5.3186229074965529762, 5246.805000000000291, -9.3631860973946761106
5246.8100000000004002, 68.22349683536022269, 5246.7430000000003929, 1, 5246.8100000000004002, -15.036896541389847215, 5246.8100000000004002, 3.1191057355582074706, 5246.8100000000004002, 45.946799845260791528, 5246.7430000000003929, 1, 5246.8100000000004002, 9.460027274812782494, 5246.8100000000004002, 12.789670697644936581, 5246.8100000000004002, 49.906018554075245675, 5246.7430000000003929, 1, 5246.8100000000004002, -10.21184747298723039, 5246.8100000000004002, 5.8743316670670360224, 5246.8100000000004002, 39.597171475289414388, 5246.7430000000003929, 1, 5246.8100000000004002, 5.3399816811319915644, 5246.8100000000004002, -9.3093193200461730186
5246.8149999999995998, 68.147439781784797219, 5246.7479999999995925, 1, 5246.8149999999995998, -15.022444173596491979, 5246.8149999999995998, 3.187447008609375132, 5246.8149999999995998, 45.893822332014977405, 5246.7479999999995925, 1, 5246.8149999999995998, 9.4468350884156269132, 5246.8149999999995998, 12.838422898432163777, 5246.8149999999995998, 49.964575043430656365, 5246.7479999999995925, 1, 5246.8149999999995998, -10.230995149805201194, 5246.8149999999995998, 5.9380681613032528787, 5246.8149999999995998, 39.711723649585273677, 5246.7479999999995925, 1, 5246.8149999999995998, 5.3623876486891512982, 5246.8149999999995998, -9.2639870747498687109
5246.819999999999709, 68.060495133805332557, 5246.7529999999997017, 1, 5246.819999999999709, -14.999772830425852632, 5246.819999999999709, 3.2454919854832695592, 5246.819999999999709, 45.879041906402918016, 5246.7529999999997017, 1, 5246.819999999999709, 9.4476941332770874027, 5246.819999999999709, 12.877243004339980814, 5246.819999999999709, 49.989951600441642654, 5246.7529999999997017, 1, 5246.819999999999709, -10.242038769529235864, 5246.819999999999709, 5.9930292181614710501, 5246.819999999999709, 39.828493019360678318, 5246.7529999999997017, 1, 5246.819999999999709, 5.3857306887935401107, 5246.819999999999709, -9.226859509534813597
5246.8299999999999272, 68.067413384362254192, 5246.7579999999998108, 1, 5246.8299999999999272, -14.832727216130317416, 5246.8299999999999272, 0.88970721865056390243, 5246.8299999999999272, 46.618207444405115325, 5246.7579999999998108, 1, 5246.8299999999999272, 9.2151144016372512624, 5246.8299999999999272, 10.235792245510516807, 5246.8299999999999272, 50.190026175246586604, 5246.7579999999998108, 1, 5246.8299999999999272, -10.088614988769780467, 5246.8299999999999272, 4.3608631997114635226, 5246.8299999999999272, 40.047710894004055149, 5246.7579999999998108, 1, 5246.8299999999999272, 5.4707152526170466089, 5246.8299999999999272, -8.7108016015206679583
5246.8299999999999272, 67.962663118734809586, 5246.7640000000001237, 1, 5246.8299999999999272, -14.795431984464560315, 5246.8299999999999272, 0.9320736496651633729, 5246.8299999999999272, 46.67473376747604874, 5246.7640000000001237, 1, 5246.8299999999999272, 9.2413176851755700625, 5246.8299999999999272, 10.252819687243516, 5246.8299999999999272, 50.155665454272089221, 5246.7640000000001237, 1, 5246.8299999999999272, -10.084739751476734071, 5246.8299999999999272, 4.4003388363885633794, 5246.8299999999999272, 40.167199369267436282, 5246.7640000000001237, 1, 5246.8299999999999272, 5.4957899195576285223, 5246.8299999999999272, -8.6876042537043485225
5246.8400000000001455, 67.74301747207729818, 5246.7680000000000291, 1, 5246.8400000000001455, -14.887778153586129548, 5246.8400000000001455, 3.3618258448976305885, 5246.8400000000001455, 46.042895594793534997, 5246.7680000000000291, 1, 5246.8400000000001455, 9.5264025984326199392, 5246.8400000000001455, 12.938445630433815126, 5246.8400000000001455, 49.884767283881288336, 5246.7680000000000291, 1, 5246.8400000000001455, -10.230494568258125199, 5246.8400000000001455, 6.1082559227942034852, 5246.8400000000001455, 40.187464960283612925, 5246.7680000000000291, 1, 5246.8400000000001455, 5.4603060707795219031, 5246.8400000000001455, -9.1612852725459941183
5246.8400000000001455, 67.646241195764517329, 5246.7730000000001382, 1, 5246.8400000000001455, -14.848193303300341483, 5246.8400000000001455, 3.3794267487680151874, 5246.8400000000001455, 46.133530546748389156, 5246.7730000000001382, 1, 5246.8400000000001455, 9.5644638325889630437, 5246.8400000000001455, 12.94204938033631791, 5246.8400000000001455, 49.815751094574132196, 5246.7730000000001382, 1, 5246.8400000000001455, -10.21724267347771864, 5246.8400000000001455, 6.1273723196934675173, 5246.8400000000001455, 40.284338656137812507, 5246.7730000000001382, 1, 5246.8400000000001455, 5.4810793251947149685, 5246.8400000000001455, -9.1543777087571225337
5246.8450000000002547, 67.518509732108100252, 5246.7799999999997453, 1, 5246.8450000000002547, -14.793048012206897468, 5246.8450000000002547, 3.3931387364206209156, 5246.8450000000002547, 46.274863141517194265, 5246.7799999999997453, 1, 5246.8450000000002547, 9.6221821997552741124, 5246.8450000000002547, 12.938778086914652476, 5246.8450000000002547, 49.704960294785209385, 5246.7799999999997453, 1, 5246.8450000000002547, -10.194540441944379694, 5246.8450000000002547, 6.1440483704843238399, 5246.8450000000002547, 40.405545555282131431, 5246.7799999999997453, 1, 5246.8450000000002547, 5.50747340492876436, 5246.8450000000002547, -9.1522370083034587651
5246.8549999999995634, 67.358055104501815435, 5246.7830000000003565, 1, 5246.8549999999995634, -14.720667653477736536, 5246.8549999999995634, 3.4001582210209235768, 5246.8549999999995634, 46.475706172957053752, 5246.7830000000003565, 1, 5246.8549999999995634, 9.7027102854972238077, 5246.8549999999995634, 12.926057006188347742, 5246.8549999999995634, 49.544657465395403051, 5246.7830000000003565, 1, 5246.8549999999995634, -10.160420888242816417, 5246.8549999999995634, 6.1558122866342088741, 5246.8549999999995634, 40.550701245601871392, 5246.7830000000003565, 1, 5246.8549999999995634, 5.5395452984057280688, 5246.8549999999995634, -9.157031310484924802
5246.8549999999995634, 67.232662994645295385, 5246.7879999999995562, 1, 5246.8549999999995634, -14.661856428430247945, 5246.8549999999995634, 3.3982657060205916366, 5246.8549999999995634, 46.649536837823021074, 5246.7879999999995562, 1, 5246.8549999999995634, 9.7714469028049197874, 5246.8549999999995634, 12.909885583760029704, 5246.8549999999995634, 49.404099088676176166, 5246.7879999999995562, 1, 5246.8549999999995634, -10.129698631701353762, 5246.8549999999995634, 6.1583584667627704334, 5246.8549999999995634, 40.671007600227021328, 5246.7879999999995562, 1, 5246.8549999999995634, 5.5665452303310676285, 5246.8549999999995634, -9.1675754182343922594
5246.8649999999997817, 67.088881451388076016, 5246.7929999999996653, 1, 5246.8649999999997817, -14.592311537705699109, 5246.8649999999997817, 3.3891792421461346407, 5246.8649999999997817, 46.864720968678440727, 5246.7929999999996653, 1, 5246.8649999999997817, 9.8557176858876829328, 5246.8649999999997817, 12.885496792660934062, 5246.8649999999997817, 49.228584396239043031, 5246.7929999999996653, 1, 5246.8649999999997817, -10.090657236198191882, 5246.8649999999997817, 6.1550409591284953592, 5246.8649999999997817, 40.790390076327042834, 5246.7929999999996653, 1, 5246.8649999999997817, 5.5936902079475441241, 5246.8649999999997817, -9.1835061979656540387
5246.8699999999998909, 66.911581962244966348, 5246.7979999999997744, 1, 5246.8699999999998909, -14.504092566071644654, 5246.8699999999998909, 3.3699108395372441294, 5246.8699999999998909, 47.148615855784967721, 5246.7979999999997744, 1, 5246.8699999999998909, 9.9660115528469592761, 5246.8699999999998909, 12.848599914154096524, 5246.8699999999998909, 48.995411352983410325, 5246.7979999999997744, 1, 5246.8699999999998909, -10.038059488207407455, 5246.8699999999998909, 6.1436743478840796229, 5246.8699999999998909, 40.920271395578211582, 5246.7979999999997744, 1, 5246.8699999999998909, 5.6236177514694034585, 5246.8699999999998909, -9.2069152166731829112
5246.8699999999998909, 66.760583900099433663, 5246.8029999999998836, 1, 5246.8699999999998909, -14.427074810131596649, 5246.8699999999998909, 3.3473363248650009893, 5246.8699999999998909, 47.404624656136363114, 5246.8029999999998836, 1, 5246.8699999999998909, 10.064839243656157564, 5246.8699999999998909, 12.811954767133290289, 5246.8699999999998909, 48.78400992545013537, 5246.8029999999998836, 1, 5246.8699999999998909, -9.9898526030219283456, 5246.8699999999998909, 6.1284307688569121808, 5246.8699999999998909, 41.03685150076061916, 5246.8029999999998836, 1, 5246.8699999999998909, 5.65080386820550995, 5246.8699999999998909, -9.2328623062931445276
5246.875, 66.622555813716573425, 5246.8079999999999927, 1, 5246.875, -14.355205780356953937, 5246.875, 3.3219176794990836754, 5246.875, 47.649730142634268759, 5246.8079999999999927, 1, 5246.875, 10.158996448098264409, 5246.875, 12.774400049647990585, 5246.875, 48.580802224641956855, 5246.8079999999999927, 1, 5246.875, -9.9431348808146609031, 5246.875, 6.1101807043668863173, 5246.875, 41.140207524603368938, 5246.8079999999999927, 1, 5246.875, 5.6751855991693549441, 5246.875, -9.2601037233957352868
5246.8800000000001091, 66.58760878856476495, 5246.8130000000001019, 1, 5246.8800000000001091, -14.074895806073136839, 5246.8800000000001091, 0.6789657371174371292, 5246.8800000000001091, 48.650276059856366828, 5246.8130000000001019, 1, 5246.8800000000001091, 10.059083278046001553, 5246.8800000000001091, 9.8613394255015656142, 5246.8800000000001091, 48.571809392253577187, 5246.8130000000001019, 1, 5246.8800000000001091, -9.7351644905843581768, 5246.8800000000001091, 4.2261860768310341996, 5246.8800000000001091, 41.32731421446229092, 5246.8130000000001019, 1, 5246.8800000000001091, 5.7646266305174131972, 5246.8800000000001091, -8.9187434050099216876
5246.8850000000002183, 66.311370538259211571, 5246.818000000000211, 1, 5246.8850000000002183, -14.188912857604631057, 5246.8850000000002183, 3.2507612680064390531, 5246.8850000000002183, 48.234621129918174631, 5246.818000000000211, 1, 5246.8850000000002183, 10.382420678494849398, 5246.8850000000002183, 12.677962099916918248, 5246.8850000000002183, 48.093735118370013026, 5246.818000000000211, 1, 5246.8850000000002183, -9.8301183876366255987, 5246.8850000000002183, 6.0565496096813227211, 5246.8850000000002183, 41.364054901297080846, 5246.818000000000211, 1, 5246.8850000000002183, 5.728829516861604354, 5246.8850000000002183, -9.3317374599638611699
5246.8940000000002328, 66.170249248563152378, 5246.8230000000003201, 1, 5246.8940000000002328, -14.111735352463311344, 5246.8940000000002328, 3.2127863517121895143, 5246.8940000000002328, 48.544901244831137888, 5246.8230000000003201, 1, 5246.8940000000002328, 10.50038604500027084, 5246.8940000000002328, 12.623729765883350495, 5246.8940000000002328, 47.83441995561014437, 5246.8230000000003201, 1, 5246.8940000000002328, -9.7694863784203498369, 5246.8940000000002328, 6.023567671055722883, 5246.8940000000002328, 41.472546299298699068, 5246.8230000000003201, 1, 5246.8940000000002328, 5.7552466280839746915, 5246.8940000000002328, -9.3727251391280343995
5246.8940000000002328, 66.013322568554897884, 5246.8280000000004293, 1, 5246.8940000000002328, -14.024653153061448663, 5246.8940000000002328, 3.1665031823412768119, 5246.8940000000002328, 48.86494340361257116, 5246.8280000000004293, 1, 5246.8940000000002328, 10.621746158200510379, 5246.8940000000002328, 12.566012253770210805, 5246.8940000000002328, 47.56643669141971742, 5246.8280000000004293, 1, 5246.8940000000002328, -9.7065650642187044639, 5246.8940000000002328, 5.9869331812150363703, 5246.8940000000002328, 41.578516165257290993, 5246.8280000000004293, 1, 5246.8940000000002328, 5.7813151596230367701, 5246.8940000000002328, -9.4167321631832976436
5246.8999999999996362, 65.841118350585986718, 5246.8329999999996289, 1, 5246.8999999999996362, -13.92778192597190845, 5246.8999999999996362, 3.1115171408677362308, 5246.8999999999996362, 49.193223832960242703, 5246.8329999999996289, 1, 5246.8999999999996362, 10.745947876146209055, 5246.8999999999996362, 12.505189122219434239, 5246.8999999999996362, 47.291112831695556906, 5246.8329999999996289, 1, 5246.8999999999996362, -9.6416850898839179251, 5246.8999999999996362, 5.9469816534988595436, 5246.8999999999996362, 41.681811415343005933, 5246.8329999999996289, 1, 5246.8999999999996362, 5.8069812226123795895, 5246.8999999999996362, -9.463447761524832913
5246.9049999999997453, 65.797172307867555219, 5246.8379999999997381, 1, 5246.9049999999997453, -13.637999491146473474, 5246.9049999999997453, 0.43432887498295968953, 5246.9049999999997453, 50.22902683968173676, 5246.8379999999997381, 1, 5246.9049999999997453, 10.66059356380634604, 5246.9049999999997453, 9.4578773755172065307, 5246.9049999999997453, 47.235149094659441005, 5246.8379999999997381, 1, 5246.9049999999997453, -9.426798242691727836, 5246.9049999999997453, 4.0536209135356955358, 5246.9049999999997453, 41.851508178608412436, 5246.8379999999997381, 1, 5246.9049999999997453, 5.8950333185677923353, 5246.9049999999997453, -9.1631631612925161789
5246.9099999999998545, 65.640400486168530847, 5246.8429999999998472, 1, 5246.9099999999998545, -13.549732908289863431, 5246.9099999999998545, 0.37959145976476449391, 5246.9099999999998545, 50.566133067253339561, 5246.8429999999998472, 1, 5246.9099999999998545, 10.787284511723759906, 5246.9099999999998545, 9.3681784923990250036, 5246.9099999999998545, 46.947500365171642045, 5246.8429999999998472, 1, 5246.9099999999998545, -9.3599835455879940582, 5246.9099999999998545, 4.0147327535216632555, 5246.9099999999998545, 41.948524300533925668, 5246.8429999999998472, 1, 5246.9099999999998545, 5.9197790578337547984, 5246.9099999999998545, -9.2178636612469109224
5246.9210000000002765, 65.48529475849835535, 5246.8479999999999563, 1, 5246.9210000000002765, -13.461095825024051109, 5246.9210000000002765, 0.32665793219528183045, 5246.9210000000002765, 50.906440614123681598, 5246.8479999999999563, 1, 5246.9210000000002765, 10.915479335202961764, 5246.9210000000002765, 9.2797017423705696615, 5246.9210000000002765, 46.655721821309477093, 5246.8479999999999563, 1, 5246.9210000000002765, -9.2920043457310974588, 5246.9210000000002765, 3.9782101217647500846, 5246.9210000000002765, 42.043438819503620607, 5246.8479999999999563, 1, 5246.9210000000002765, 5.9440963735515301991, 5246.9210000000002765, -9.2701485232240710133
5246.9210000000002765, 65.33221313269874031, 5246.8530000000000655, 1, 5246.9210000000002765, -13.372705600295024198, 5246.9210000000002765, 0.27138752192318449374, 5246.9210000000002765, 51.24939001281498463, 5246.8530000000000655, 1, 5246.9210000000002765, 11.044516232058052552, 5246.9210000000002765, 9.1893578439380938505, 5246.9210000000002765, 46.361307107482545575, 5246.8530000000000655, 1, 5246.9210000000002765, -9.2232727166809969077, 5246.9210000000002765, 3.9397294147994088576, 5246.9210000000002765, 42.135239924796749733, 5246.8530000000000655, 1, 5246.9210000000002765, 5.9678302885809211276, 5246.9210000000002765, -9.3240167861942335747
5246.9250000000001819, 65.19643604271534798, 5246.8590000000003783, 1, 5246.9250000000001819, -13.293571222030456269, 5246.9250000000001819, 0.21993194021457540543, 5246.9250000000001819, 51.559304405766567925, 5246.8590000000003783, 1, 5246.9250000000001819, 11.161008608101795403, 5246.9250000000001819, 9.106792103648469805, 5246.9250000000001819, 46.094977503540548014, 5246.8590000000003783, 1, 5246.9250000000001819, -9.1609927597968479063, 5246.9250000000001819, 3.9036497062173793893, 5246.9250000000001819, 42.21518230813202166, 5246.8590000000003783, 1, 5246.9250000000001819, 5.9886728497386378933, 5246.9250000000001819, -9.3736188194647649397
5246.930000000000291, 65.04829172885709454, 5246.8630000000002838, 1, 5246.930000000000291, -13.206386381103556005, 5246.930000000000291, 0.1610234414313751472, 5246.930000000000291, 51.904013284540937434, 5246.8630000000002838, 1, 5246.930000000000291, 11.290458297753801276, 5246.930000000000291, 9.0139309742106306089, 5246.930000000000291, 45.79846102438262534, 5246.8630000000002838, 1, 5246.930000000000291, -9.0915415194572428703, 5246.930000000000291, 3.8620773771391334606, 5246.930000000000291, 42.300752293330404541, 5246.8630000000002838, 1, 5246.930000000000291, 6.011183220622043244, 5246.930000000000291, -9.429814253146297176
5246.9399999999995998, 64.888669820677293387, 5246.8680000000003929, 1, 5246.9399999999995998, -13.111552219079818826, 5246.9399999999995998, 0.094634829220495930713, 5246.9399999999995998, 52.282402020993487213, 5246.8680000000003929, 1, 5246.9399999999995998, 11.43243741123450441, 5246.9399999999995998, 8.9109426177532782276, 5246.9399999999995998, 45.47269992710290154, 5246.8680000000003929, 1, 5246.9399999999995998, -9.0151294718082812807, 5246.9399999999995998, 3.8149683770103202107, 5246.9399999999995998, 42.391240164409978775, 5246.8680000000003929, 1, 5246.9399999999995998, 6.0352010415090253659, 5246.9399999999995998, -9.49255411801542337
5246.9409999999998035, 64.761046363506864054, 5246.8729999999995925, 1, 5246.9409999999998035, -13.035018582233620421, 5246.9409999999998035, 0.039255270657857721517, 5246.9409999999998035, 52.590473865898388794, 5246.8729999999995925, 1, 5246.9409999999998035, 11.547945717115478459, 5246.9409999999998035, 8.8262819177504319157, 5246.9409999999998035, 45.207280654717223456, 5246.8729999999995925, 1, 5246.9409999999998035, -8.9527892776961532917, 5246.9409999999998035, 3.7754846169257234578, 5246.9409999999998035, 42.462262471142906861, 5246.8729999999995925, 1, 5246.9409999999998035, 6.054222435311359618, 5246.9409999999998035, -9.544446129435408821
5246.9499999999998181, 64.532316348843622222, 5246.8779999999997017, 1, 5246.9499999999998181, -13.148468383062615672, 5246.9499999999998181, 2.5584433368289758448, 5246.9499999999998181, 52.262723462446096789, 5246.8779999999997017, 1, 5246.9499999999998181, 11.898661236569617827, 5246.9499999999998181, 11.882048975668887181, 5246.9499999999998181, 44.704756293767673014, 5246.8779999999997017, 1, 5246.9499999999998181, -9.0248901519403759153, 5246.9499999999998181, 5.4947432671668607895, 5246.9499999999998181, 42.466157430568223674, 5246.8779999999997017, 1, 5246.9499999999998181, 6.0108833106756121012, 5246.9499999999998181, -9.9532887618253091944
5246.9499999999998181, 64.387634873600660512, 5246.8829999999998108, 1, 5246.9499999999998181, -13.057721266956802353, 5246.9499999999998181, 2.4832141567076781996, 5246.9499999999998181, 52.637282577534975303, 5246.8829999999998108, 1, 5246.9499999999998181, 12.03863200896119956, 5246.9499999999998181, 11.800959305917203324, 5246.9499999999998181, 44.38837969597053501, 5246.8829999999998108, 1, 5246.9499999999998181, -8.948835876940743006, 5246.9499999999998181, 5.4323931567941166065, 5246.9499999999998181, 42.54500651853420834, 5246.8829999999998108, 1, 5246.9499999999998181, 6.0324040144281054765, 5246.9499999999998181, -10.017995948741813095
5246.9549999999999272, 64.272914470122117336, 5246.8890000000001237, 1, 5246.9549999999999272, -12.984898401531978607, 5246.9549999999999272, 2.4213616178507884058, 5246.9549999999999272, 52.939668816015206687, 5246.8890000000001237, 1, 5246.9549999999999272, 12.151592332647739525, 5246.9549999999999272, 11.734744105744965736, 5246.9549999999999272, 44.121689003648469907, 5246.8890000000001237, 1, 5246.9549999999999272, -8.8858932238376642232, 5246.9549999999999272, 5.3823536662086333138, 5246.9549999999999272, 42.60681293474264919, 5246.8890000000001237, 1, 5246.9549999999999272, 6.049657805737028049, 5246.9549999999999272, -10.070971985772196433
5246.9600000000000364, 64.150158651869219284, 5246.8930000000000291, 1, 5246.9600000000000364, -12.904846480351103821, 5246.9600000000000364, 2.3515317916258098307, 5246.9600000000000364, 53.269267404359396778, 5246.8930000000000291, 1, 5246.9600000000000364, 12.275920448022386466, 5246.9600000000000364, 11.660819932218601025, 5246.9600000000000364, 43.815645281944981093, 5246.8930000000000291, 1, 5246.9600000000000364, -8.8126760819770968425, 5246.9600000000000364, 5.3260356262695793816, 5246.9600000000000364, 42.678779904352964536, 5246.8930000000000291, 1, 5246.9600000000000364, 6.0703964840659923041, 5246.9600000000000364, -10.130929015069677135
5246.9650000000001455, 64.020856790448249285, 5246.8980000000001382, 1, 5246.9650000000001455, -12.818959799246060882, 5246.9650000000001455, 2.2741776301340621558, 5246.9650000000001455, 53.625435759655708523, 5246.8980000000001382, 1, 5246.9650000000001455, 12.410778928140032917, 5246.9650000000001455, 11.579820578138647846, 5246.9650000000001455, 43.491623183320918145, 5246.8980000000001382, 1, 5246.9650000000001455, -8.7345647784399496061, 5246.9650000000001455, 5.2628863979607878321, 5246.9650000000001455, 42.759663111465272323, 5246.8980000000001382, 1, 5246.9650000000001455, 6.0928117191346364834, 5246.9650000000001455, -10.197308630922643502
5246.9750000000003638, 63.909226565766815042, 5246.9030000000002474, 1, 5246.9750000000003638, -12.743243504286581924, 5246.9750000000003638, 2.204154182487780389, 5246.9750000000003638, 53.942614588313404056, 5246.9030000000002474, 1, 5246.9750000000003638, 12.530997776157260404, 5246.9750000000003638, 11.507246747971080936, 5246.9750000000003638, 43.206237030331294591, 5246.9030000000002474, 1, 5246.9750000000003638, -8.6659377196627644935, 5246.9750000000003638, 5.2055028033314485469, 5246.9750000000003638, 42.830402668500092034, 5246.9030000000002474, 1, 5246.9750000000003638, 6.1119825833982890373, 5246.9750000000003638, -10.256936951057062046
5246.9750000000003638, 63.813339559359150144, 5246.9080000000003565, 1, 5246.9750000000003638, -12.677030876360383616, 5246.9750000000003638, 2.141659078011723949, 5246.9750000000003638, 54.222141103503318504, 5246.9080000000003565, 1, 5246.9750000000003638, 12.637026777680503642, 5246.9750000000003638, 11.443007164568143708, 5246.9750000000003638, 42.956117580073488682, 5246.9080000000003565, 1, 5246.9750000000003638, -8.6059973584526741064, 5246.9750000000003638, 5.1542098513100143009, 5246.9750000000003638, 42.890818196719301625, 5246.9080000000003565, 1, 5246.9750000000003638, 6.1281663195436300029, 5246.9750000000003638, -10.309740498218056715
5246.9809999999997672, 63.721911435046052929, 5246.9129999999995562, 1, 5246.9809999999997672, -12.612827520878994392, 5246.9809999999997672, 2.0798672204275767683, 5246.9809999999997672, 54.495082797282393017, 5246.9129999999995562, 1, 5246.9809999999997672, 12.740640487280355586, 5246.9809999999997672, 11.379973339118556908, 5246.9809999999997672, 42.712833473707519261, 5246.9129999999995562, 1, 5246.9809999999997672, -8.5478910168458472896, 5246.9809999999997672, 5.1034351667759381144, 5246.9809999999997672, 42.953806466809858478, 5246.9129999999995562, 1, 5246.9809999999997672, 6.1448784038294981258, 5246.9809999999997672, -10.367241016650748264
5246.9849999999996726, 63.615883932746811524, 5246.918999999999869, 1, 5246.9849999999996726, -12.53709424132007122, 5246.9849999999996726, 2.0054697358358843928, 5246.9849999999996726, 54.819302158497819732, 5246.918999999999869, 1, 5246.9849999999996726, 12.863823855807698493, 5246.9849999999996726, 11.304653651336398212, 5246.9849999999996726, 42.424744052472050271, 5246.918999999999869, 1, 5246.9849999999996726, -8.4793033388543808115, 5246.9849999999996726, 5.0422347981506661085, 5246.9849999999996726, 43.01852689214432246, 5246.918999999999869, 1, 5246.9849999999996726, 6.1619144331523720837, 5246.9849999999996726, -10.429095926097712521
5246.9899999999997817, 63.581431319545828273, 5246.9229999999997744, 1, 5246.9899999999997817, -12.319627356441078092, 5246.9899999999997817, -0.53605574287379198495, 5246.9899999999997817, 55.744169104608168652, 5246.9229999999997744, 1, 5246.9899999999997817, 12.700422241029908577, 5246.9899999999997817, 7.9006249530197401043, 5246.9899999999997817, 42.357237966957661968, 5246.9229999999997744, 1, 5246.9899999999997817, -8.2897318712155758647, 5246.9899999999997817, 3.3676310057752480986, 5246.9899999999997817, 43.148094440444893394, 5246.9229999999997744, 1, 5246.9899999999997817, 6.2382860898434167041, 5246.9899999999997817, -10.132442716020062079
5246.9949999999998909, 63.438776074808671979, 5246.9279999999998836, 1, 5246.9949999999998909, -12.407380077597025547, 5246.9949999999998909, 1.8740083927822297483, 5246.9949999999998909, 55.380466042401337745, 5246.9279999999998836, 1, 5246.9949999999998909, 13.077276162163354201, 5246.9949999999998909, 11.172972249075851181, 5246.9949999999998909, 41.927878857506698296, 5246.9279999999998836, 1, 5246.9949999999998909, -8.3614852338924769981, 5246.9949999999998909, 4.9339322160485608038, 5246.9949999999998909, 43.123504302679172895, 5246.9279999999998836, 1, 5246.9949999999998909, 6.1892853348617604681, 5246.9949999999998909, -10.537225591790164714
5247, 63.349874682129744485, 5246.9329999999999927, 1, 5247, -12.340595439956398849, 5247, 1.8041410275056648516, 5247, 55.672537474036261074, 5246.9329999999999927, 1, 5247, 13.188477301054897239, 5247, 11.103681315187859724, 5247, 41.669975759305273755, 5246.9329999999999927, 1, 5247, -8.300527497826804435, 5247, 4.8762994838568012312, 5247, 43.170121137568052916, 5246.9329999999999927, 1, 5247, 6.2013598782726244707, 5247, -10.589052340745336522
5247.0050000000001091, 63.274371268038869687, 5246.9380000000001019, 1, 5247.0050000000001091, -12.282846027698850477, 5247.0050000000001091, 1.7423564525994699181, 5247.0050000000001091, 55.927093661820165948, 5246.9380000000001019, 1, 5247.0050000000001091, 13.285441974365953754, 5247.0050000000001091, 11.042804146457729786, 5247.0050000000001091, 41.445529107341549491, 5246.9380000000001019, 1, 5247.0050000000001091, -8.2475690009965809679, 5247.0050000000001091, 4.8252962942240849031, 5247.0050000000001091, 43.212967552059026843, 5246.9380000000001019, 1, 5247.0050000000001091, 6.2124286517503879423, 5247.0050000000001091, -10.639291975432458415
5247.0150000000003274, 63.203798587618251759, 5246.943000000000211, 1, 5247.0150000000003274, -12.227916015178832865, 5247.0150000000003274, 1.682314033545328158, 5247.0150000000003274, 56.17110595978381582, 5246.943000000000211, 1, 5247.0150000000003274, 13.378420864243389943, 5247.0150000000003274, 10.983991706459971027, 5247.0150000000003274, 41.230629722409211979, 5246.943000000000211, 1, 5247.0150000000003274, -8.1969291161449557848, 5247.0150000000003274, 4.7757011103791313644, 5247.0150000000003274, 43.252155089375037278, 5246.943000000000211, 1, 5247.0150000000003274, 6.2225384060882706905, 5247.0150000000003274, -10.68788158973147695
5247.0150000000003274, 63.138097185715295723, 5246.9480000000003201, 1, 5247.0150000000003274, -12.175830859285422747, 5247.0150000000003274, 1.624113607123977232, 5247.0150000000003274, 56.404378104636947455, 5246.9480000000003201, 1, 5247.0150000000003274, 13.46732629149346927, 5247.0150000000003274, 10.927311901485559531, 5247.0150000000003274, 41.025397030845866198, 5246.9480000000003201, 1, 5247.0150000000003274, -8.1486170488360283315, 5247.0150000000003274, 4.7276014598906570541, 5247.0150000000003274, 43.291107563187367191, 5246.9480000000003201, 1, 5247.0150000000003274, 6.2325874040036683965, 5247.0150000000003274, -10.739325867761092326
5247.0209999999997308, 63.083002813329606795, 5246.9530000000004293, 1, 5247.0209999999997308, -12.131354864120403647, 5247.0209999999997308, 1.5733504836175171704, 5247.0209999999997308, 56.605183039544527901, 5246.9530000000004293, 1, 5247.0209999999997308, 13.543865333862031619, 5247.0209999999997308, 10.878138042589242218, 5247.0209999999997308, 40.848877562912647932, 5246.9530000000004293, 1, 5247.0209999999997308, -8.1070952139626122346, 5247.0209999999997308, 4.6856291967691170441, 5247.0209999999997308, 43.320095019299230898, 5246.9530000000004293, 1, 5247.0209999999997308, 6.2400745703948938825, 5247.0209999999997308, -10.779943154545724937
5247.0249999999996362, 63.026513537949035992, 5246.9579999999996289, 1, 5247.0249999999996362, -12.084797273413924401, 5247.0249999999996362, 1.5189479065269537728, 5247.0249999999996362, 56.81731680618621283, 5246.9579999999996289, 1, 5247.0249999999996362, 13.624722178225677993, 5247.0249999999996362, 10.825737045493493582, 5247.0249999999996362, 40.662550052171319237, 5246.9579999999996289, 1, 5247.0249999999996362, -8.063291567146535499, 5247.0249999999996362, 4.6406275363951046131, 5247.0249999999996362, 43.346097217285560532, 5246.9579999999996289, 1, 5247.0249999999996362, 6.2468090438428012234, 5247.0249999999996362, -10.8189448147969145
5247.0349999999998545, 62.969476553034688493, 5246.9629999999997381, 1, 5247.0349999999998545, -12.036720854483254683, 5247.0349999999998545, 1.4613764622292038098, 5247.0349999999998545, 57.038518207362358226, 5246.9629999999997381, 1, 5247.0349999999998545, 13.709025708109049191, 5247.0349999999998545, 10.770599210906201648, 5247.0349999999998545, 40.46840180838436396, 5246.9629999999997381, 1, 5247.0349999999998545, -8.0176662778390497266, 5247.0349999999998545, 4.5929843971496460142, 5247.0349999999998545, 43.374591002077352186, 5246.9629999999997381, 1, 5247.0349999999998545, 6.2542187689756554292, 5247.0349999999998545, -10.864735905474601552
5247.0349999999998545, 62.922465910407325396, 5246.9679999999998472, 1, 5247.0349999999998545, -11.996037326606645124, 5247.0349999999998545, 1.4112978569856053923, 5247.0349999999998545, 57.227812986975479248, 5246.9679999999998472, 1, 5247.0349999999998545, 13.781151870484452004, 5247.0349999999998545, 10.722933183422615144, 5247.0349999999998545, 40.302380922047234435, 5246.9679999999998472, 1, 5247.0349999999998545, -7.978658375024510363, 5247.0349999999998545, 4.5515236433118708703, 5247.0349999999998545, 43.397197593876725819, 5246.9679999999998472, 1, 5247.0349999999998545, 6.2601367411246302552, 5247.0349999999998545, -10.904386515982835704
5247.0399999999999636, 62.879880545115284463, 5246.9740000000001601, 1, 5247.0399999999999636, -11.958158352205945363, 5247.0399999999999636, 1.3633817549023348192, 5247.0399999999999636, 57.406067831636136134, 5246.9740000000001601, 1, 5247.0399999999999636, 13.849048293235885154, 5247.0399999999999636, 10.677594811515987772, 5247.0399999999999636, 40.146145423204401936, 5246.9740000000001601, 1, 5247.0399999999999636, -7.9419489288933906579, 5247.0399999999999636, 4.5118367808349404413, 5247.0399999999999636, 43.416836174200120979, 5246.9740000000001601, 1, 5247.0399999999999636, 6.2653227447953918627, 5247.0399999999999636, -10.94216222889060397
5247.043999999999869, 62.841603907096718729, 5246.9780000000000655, 1, 5247.043999999999869, -11.923047719214034501, 5247.043999999999869, 1.3176603201501748686, 5247.043999999999869, 57.573338512006245082, 5246.9780000000000655, 1, 5247.043999999999869, 13.912731555439709297, 5247.043999999999869, 10.634596309294039429, 5247.043999999999869, 39.999630967616752741, 5246.9780000000000655, 1, 5247.043999999999869, -7.9075166052985714771, 5247.043999999999869, 4.4739513695350119349, 5247.043999999999869, 43.433624263922659736, 5246.9780000000000655, 1, 5247.043999999999869, 6.2698089645569465844, 5247.043999999999869, -10.978050206611612793
5247.0500000000001819, 62.807511960046781496, 5246.9830000000001746, 1, 5247.0500000000001819, -11.890661575700098851, 5247.0500000000001819, 1.2741563339624590867, 5247.0500000000001819, 57.729713560825203444, 5246.9830000000001746, 1, 5247.0500000000001819, 13.972231679476109889, 5247.0500000000001819, 10.593941811865260405, 5247.0500000000001819, 39.862746968219553878, 5246.9830000000001746, 1, 5247.0500000000001819, -7.8753351061284213586, 5247.0500000000001819, 4.4378868499612700305, 5247.0500000000001819, 43.44767984722236065, 5246.9830000000001746, 1, 5247.0500000000001819, 6.2736266528214255089, 5247.0500000000001819, -11.012044096228006396
5247.0540000000000873, 62.783058528113684815, 5246.9880000000002838, 1, 5247.0540000000000873, -11.866610265594136564, 5247.0540000000000873, 1.2408996881762597297, 5247.0540000000000873, 57.847332132845913577, 5246.9880000000002838, 1, 5247.0540000000000873, 14.01695739915481731, 5247.0540000000000873, 10.563041547672490594, 5247.0540000000000873, 39.759846096691902062, 5246.9880000000002838, 1, 5247.0540000000000873, -7.8511313156898374643, 5247.0540000000000873, 4.4103054646236152792, 5247.0540000000000873, 43.457103600659252152, 5246.9880000000002838, 1, 5247.0540000000000873, 6.2762363421639868477, 5247.0540000000000873, -11.037925584292551662
5247.0600000000004002, 62.778537171214068735, 5246.9930000000003929, 1, 5247.0600000000004002, -11.747668334128094969, 5247.0600000000004002, -1.0962600907783368598, 5247.0600000000004002, 58.589219739136019882, 5246.9930000000003929, 1, 5247.0600000000004002, 13.731567462838237148, 5247.0600000000004002, 7.0427805338645939059, 5247.0600000000004002, 39.794911154255544261, 5246.9930000000003929, 1, 5247.0600000000004002, -7.7039912411305007112, 5247.0600000000004002, 2.9590459817588197211, 5247.0600000000004002, 43.558242030818057344, 5246.9930000000003929, 1, 5247.0600000000004002, 6.3401332657029332296, 5247.0600000000004002, -10.664976596037693213
5247.0649999999995998, 62.749159711687354957, 5246.9979999999995925, 1, 5247.0649999999995998, -11.717652497092345243, 5247.0649999999995998, -1.1399112200814904838, 5247.0649999999995998, 58.737925338112532359, 5246.9979999999995925, 1, 5247.0649999999995998, 13.788054935118333688, 5247.0649999999995998, 6.9930481705185840724, 5247.0649999999995998, 39.661581069111967679, 5246.9979999999995925, 1, 5247.0649999999995998, -7.6732878833012323483, 5247.0649999999995998, 2.9268200774551651477, 5247.0649999999995998, 43.566816028838061925, 5246.9979999999995925, 1, 5247.0649999999995998, 6.3426282547561090297, 5247.0649999999995998, -10.699199496029873302
5247.069999999999709, 62.726886461259752537, 5247.0029999999997017, 1, 5247.069999999999709, -11.693243277581604644, 5247.069999999999709, -1.1773174635995999893, 5247.069999999999709, 58.850348325546775641, 5247.0029999999997017, 1, 5247.069999999999709, 13.830711540526694492, 5247.069999999999709, 6.9548918204387177866, 5247.069999999999709, 39.560809055249706034, 5247.0029999999997017, 1, 5247.069999999999709, -7.65005601257980139, 5247.069999999999709, 2.9016694802608746784, 5247.069999999999709, 43.571369197541443441, 5247.0029999999997017, 1, 5247.069999999999709, 6.344077050851868016, 5247.069999999999709, -10.725632085149658934
5247.0749999999998181, 62.710446381383334824, 5247.0079999999998108, 1, 5247.0749999999998181, -11.673626202490329007, 5247.0749999999998181, -1.2091041666060888815, 5247.0749999999998181, 58.952863519664880698, 5247.0079999999998108, 1, 5247.0749999999998181, 13.869560940350602607, 5247.0749999999998181, 6.9195891916497558327, 5247.0749999999998181, 39.468940002074518247, 5247.0079999999998108, 1, 5247.0749999999998181, -7.6288498480372322064, 5247.0749999999998181, 2.878015811214513775, 5247.0749999999998181, 43.57376552025376526, 5247.0079999999998108, 1, 5247.0749999999998181, 6.345001089690101459, 5247.0749999999998181, -10.75024580631577642
5247.0799999999999272, 62.697416054072775182, 5247.01299999999992, 1, 5247.0799999999999272, -11.656341949340234265, 5247.0799999999999272, -1.2388283399420991771, 5247.0799999999999272, 59.045708565386263444, 5247.01299999999992, 1, 5247.0799999999999272, 13.904693191894786253, 5247.0799999999999272, 6.8870903719043887747, 5247.0799999999999272, 39.385757779936980683, 5247.01299999999992, 1, 5247.0799999999999272, -7.609618774915078987, 5247.0799999999999272, 2.8558477422541628243, 5247.0799999999999272, 43.574122693087645075, 5247.01299999999992, 1, 5247.0799999999999272, 6.3454285251251700828, 5247.0799999999999272, -10.773065841558231881
5247.0900000000001455, 62.68764013407769653, 5247.0180000000000291, 1, 5247.0900000000001455, -11.641311295782772461, 5247.0900000000001455, -1.2665129522879361446, 5247.0900000000001455, 59.129138938865054342, 5247.0180000000000291, 1, 5247.0900000000001455, 13.936205550973296496, 5247.0900000000001455, 6.8573392213928983097, 5247.0900000000001455, 39.311030816088141648, 5247.0180000000000291, 1, 5247.0900000000001455, -7.5923090475941634736, 5247.0900000000001455, 2.8351496408159917451, 5247.0900000000001455, 43.572557675493598595, 5247.0180000000000291, 1, 5247.0900000000001455, 6.3453871286399650131, 5247.0900000000001455, -10.794121691164242804
5247.0900000000001455, 62.680961630876950608, 5247.0230000000001382, 1, 5247.0900000000001455, -11.628452142540464109, 5247.0900000000001455, -1.2921863500093735411, 5247.0900000000001455, 59.203426093618475079, 5247.0230000000001382, 1, 5247.0900000000001455, 13.964201716434686773, 5247.0900000000001455, 6.8302739014429931785, 5247.0900000000001455, 39.244513657995113931, 5247.0230000000001382, 1, 5247.0900000000001455, -7.5768640888763281183, 5247.0900000000001455, 2.8159019179215256656, 5247.0900000000001455, 43.569186466678544889, 5247.0230000000001382, 1, 5247.0900000000001455, 6.3449042919876745827, 5247.0900000000001455, -10.813446847577763421
5247.0950000000002547, 62.674385119996394167, 5247.0280000000002474, 1, 5247.0950000000002547, -11.640067500005963907, 5247.0950000000002547, -1.2516139451952490447, 5247.0950000000002547, 59.27198680586899826, 5247.0280000000002474, 1, 5247.0950000000002547, 13.967618471791279688, 5247.0950000000002547, 6.8220252635648108708, 5247.0950000000002547, 39.18244600044249637, 5247.0280000000002474, 1, 5247.0950000000002547, -7.5639413343927532907, 5247.0950000000002547, 2.8448032974635992787, 5247.0950000000002547, 43.570580097916405293, 5247.0280000000002474, 1, 5247.0950000000002547, 6.3437817757109176142, 5247.0950000000002547, -10.805209770384104573
5247.1000000000003638, 62.673110338469342651, 5247.0330000000003565, 1, 5247.1000000000003638, -11.634024907685216021, 5247.1000000000003638, -1.2652503196989002276, 5247.1000000000003638, 59.329222293807191591, 5247.0330000000003565, 1, 5247.1000000000003638, 13.986311846052480234, 5247.1000000000003638, 6.8023850616397254498, 5247.1000000000003638, 39.131140460096617062, 5247.0330000000003565, 1, 5247.1000000000003638, -7.5521220287993049425, 5247.1000000000003638, 2.8342491373211018413, 5247.1000000000003638, 43.564802931402489605, 5247.0330000000003565, 1, 5247.1000000000003638, 6.3424833137684082374, 5247.1000000000003638, -10.817761928973052221
5247.1049999999995634, 62.674800689647796048, 5247.0399999999999636, 1, 5247.1049999999995634, -11.627166419813919518, 5247.1049999999995634, -1.285105736100369711, 5247.1049999999995634, 59.377854958308205369, 5247.0399999999999636, 1, 5247.1049999999995634, 14.004415730113585425, 5247.1049999999995634, 6.7829720553595862498, 5247.1049999999995634, 39.087684461314225359, 5247.0399999999999636, 1, 5247.1049999999995634, -7.5419071616518555956, 5247.1049999999995634, 2.8191419720976931274, 5247.1049999999995634, 43.556705845003328648, 5247.0399999999999636, 1, 5247.1049999999995634, 6.3408366188857527845, 5247.1049999999995634, -10.832136493395640997
5247.1099999999996726, 62.678953328893385333, 5247.0429999999996653, 1, 5247.1099999999996726, -11.622132265710757082, 5247.1099999999996726, -1.3031060098129998437, 5247.1099999999996726, 59.418552909199370049, 5247.0429999999996653, 1, 5247.1099999999996726, 14.019471627390030832, 5247.1099999999996726, 6.7659482917483586562, 5247.1099999999996726, 39.051345919190467271, 5247.0429999999996653, 1, 5247.1099999999996726, -7.5333085553849903349, 5247.1099999999996726, 2.805383298800652625, 5247.1099999999996726, 43.547251466697261435, 5247.0429999999996653, 1, 5247.1099999999996726, 6.3388540109673412459, 5247.1099999999996726, -10.844948750177289654
5247.1149999999997817, 62.6854119307249249, 5247.0489999999999782, 1, 5247.1149999999997817, -11.618832443369548457, 5247.1149999999997817, -1.3193004710325304529, 5247.1149999999997817, 59.451641744716624771, 5247.0489999999999782, 1, 5247.1149999999997817, 14.031604896370545532, 5247.1149999999997817, 6.7512310976203941948, 5247.1149999999997817, 39.021832244030647985, 5247.0489999999999782, 1, 5247.1149999999997817, -7.5262599115815582707, 5247.1149999999997817, 2.792938086648707241, 5247.1149999999997817, 43.53654773658512056, 5247.0489999999999782, 1, 5247.1149999999997817, 6.3365607443587999015, 5247.1149999999997817, -10.856247311425907043
5247.1199999999998909, 62.694021793296471401, 5247.0529999999998836, 1, 5247.1199999999998909, -11.617176526116081092, 5247.1199999999998909, -1.3337414735095656226, 5247.1199999999998909, 59.477453139130702198, 5247.0529999999998836, 1, 5247.1199999999998909, 14.040943350295025382, 5247.1199999999998909, 6.738735033816215747, 5247.1199999999998909, 38.998845545577438543, 5247.0529999999998836, 1, 5247.1199999999998909, -7.5206938404342436044, 5247.1199999999998909, 2.7817691423483026369, 5247.1199999999998909, 43.524700363066912701, 5247.0529999999998836, 1, 5247.1199999999998909, 6.3339815654858950822, 5247.1199999999998909, -10.866082917755417014
5247.1310000000003129, 62.700112802766341247, 5247.0579999999999927, 1, 5247.1310000000003129, -11.685928694517942361, 5247.1310000000003129, 0.88034549695089836518, 5247.1310000000003129, 58.903580858215718763, 5247.0579999999999927, 1, 5247.1310000000003129, 14.413862816358651742, 5247.1310000000003129, 10.248304691530794486, 5247.1310000000003129, 38.841266500763637737, 5247.0579999999999927, 1, 5247.1310000000003129, -7.6324058847158537944, 5247.1310000000003129, 4.1093490403086114782, 5247.1310000000003129, 43.410365158714462552, 5247.0579999999999927, 1, 5247.1310000000003129, 6.2702085793889414944, 5247.1310000000003129, -11.306670167928301041
5247.1310000000003129, 62.715788973563618924, 5247.0630000000001019, 1, 5247.1310000000003129, -11.68779992170527926, 5247.1310000000003129, 0.86782693575902314365, 5247.1310000000003129, 58.917815646177459143, 5247.0630000000001019, 1, 5247.1310000000003129, 14.418526784264550145, 5247.1310000000003129, 10.239467106283932196, 5247.1310000000003129, 38.829532955929181526, 5247.0630000000001019, 1, 5247.1310000000003129, -7.6292084320075366222, 5247.1310000000003129, 4.0986426708201904034, 5247.1310000000003129, 43.39354871382315082, 5247.0630000000001019, 1, 5247.1310000000003129, 6.2665023151751668706, 5247.1310000000003129, -11.314776720358945994
5247.1409999999996217, 62.733922764907774194, 5247.068000000000211, 1, 5247.1409999999996217, -11.637803224168942862, 5247.1409999999996217, -1.3215996985028439781, 5247.1409999999996217, 59.517169089943195104, 5247.068000000000211, 1, 5247.1409999999996217, 14.03884857412192666, 5247.1409999999996217, 6.7265839747234394963, 5247.1409999999996217, 38.962846542174403908, 5247.068000000000211, 1, 5247.1409999999996217, -7.5123557329469745625, 5247.1409999999996217, 2.7885457922739895764, 5247.1409999999996217, 43.484082623570230908, 5247.068000000000211, 1, 5247.1409999999996217, 6.3237420255843090899, 5247.1409999999996217, -10.867640842082982644
5247.1409999999996217, 62.748423916288373903, 5247.0730000000003201, 1, 5247.1409999999996217, -11.641719044049116505, 5247.1409999999996217, -1.3284314745665177782, 5247.1409999999996217, 59.515878778477983246, 5247.0730000000003201, 1, 5247.1409999999996217, 14.03784264290426087, 5247.1409999999996217, 6.7229616139602406122, 5247.1409999999996217, 38.964154102939914992, 5247.0730000000003201, 1, 5247.1409999999996217, -7.5123457275117511145, 5247.1409999999996217, 2.7829842090793164289, 5247.1409999999996217, 43.470044036694801548, 5247.0730000000003201, 1, 5247.1409999999996217, 6.3205608596353881623, 5247.1409999999996217, -10.871428533291238594
5247.1459999999997308, 62.765823832756865386, 5247.0780000000004293, 1, 5247.1459999999997308, -11.647166324621593958, 5247.1459999999997308, -1.3346751489584534056, 5247.1459999999997308, 59.509319840146361003, 5247.0780000000004293, 1, 5247.1459999999997308, 14.03476155634957756, 5247.1459999999997308, 6.7205630824184154903, 5247.1459999999997308, 38.970201438184261633, 5247.0780000000004293, 1, 5247.1459999999997308, -7.5133808630309948384, 5247.1459999999997308, 2.7777937010524134109, 5247.1459999999997308, 43.453855234761348925, 5247.0780000000004293, 1, 5247.1459999999997308, 6.3168717059637886635, 5247.1459999999997308, -10.874542988877159644
5247.1570000000001528, 62.784473736876726946, 5247.0829999999996289, 1, 5247.1570000000001528, -11.653706113449839421, 5247.1570000000001528, -1.3395361374140648536, 5247.1570000000001528, 59.497592505779159922, 5247.0829999999996289, 1, 5247.1570000000001528, 14.029701517006541778, 5247.1570000000001528, 6.7198182733912901199, 5247.1570000000001528, 38.98088195427647662, 5247.0829999999996289, 1, 5247.1570000000001528, -7.5154717753999529251, 5247.1570000000001528, 2.7736195351795629449, 5247.1570000000001528, 43.43711766236420857, 5247.0829999999996289, 1, 5247.1570000000001528, 6.3130368263784095717, 5247.1570000000001528, -10.876540241917167506
5247.1570000000001528, 62.806292195271467449, 5247.0889999999999418, 1, 5247.1570000000001528, -11.662077047337310987, 5247.1570000000001528, -1.3433405804288369723, 5247.1570000000001528, 59.479043552789370608, 5247.0889999999999418, 1, 5247.1570000000001528, 14.021973866249016538, 5247.1570000000001528, 6.7208242605510086776, 5247.1570000000001528, 38.997694507805121589, 5247.0889999999999418, 1, 5247.1570000000001528, -7.5189267118851272897, 5247.1570000000001528, 2.7701635874710248686, 5247.1570000000001528, 43.418167057413178611, 5247.0889999999999418, 1, 5247.1570000000001528, 6.3086723124193264667, 5247.1570000000001528, -10.877498101868587455
5247.1620000000002619, 62.829256434650716301, 5247.0929999999998472, 1, 5247.1620000000002619, -11.671522607597728083, 5247.1620000000002619, -1.3456827484835756081, 5247.1620000000002619, 59.455256282007582058, 5247.0929999999998472, 1, 5247.1620000000002619, 14.012243122485351421, 5247.1620000000002619, 6.7235408391761772862, 5247.1620000000002619, 39.019203103903620899, 5247.0929999999998472, 1, 5247.1620000000002619, -7.5234537164053438829, 5247.1620000000002619, 2.7677859222320790877, 5247.1620000000002619, 43.398777499728815599, 5247.0929999999998472, 1, 5247.1620000000002619, 6.3041855414774170541, 5247.1620000000002619, -10.877288683039557426
5247.168999999999869, 62.849933526936183625, 5247.0979999999999563, 1, 5247.168999999999869, -11.734404618313204693, 5247.168999999999869, 0.83739153679376343575, 5247.168999999999869, 58.835884142937501906, 5247.0979999999999563, 1, 5247.168999999999869, 14.382268631483439592, 5247.168999999999869, 10.228889158858905262, 5247.168999999999869, 38.908349149708676862, 5247.0979999999999563, 1, 5247.168999999999869, -7.6446998550941689388, 5247.168999999999869, 4.0711133248109270255, 5247.168999999999869, 43.272008908288441376, 5247.0979999999999563, 1, 5247.168999999999869, 6.2388573374888167677, 5247.168999999999869, -11.327863265941937598
5247.1719999999995707, 62.870121429549470804, 5247.1030000000000655, 1, 5247.1719999999995707, -11.743578345789432049, 5247.1719999999995707, 0.83824144918864718079, 5247.1719999999995707, 58.80912130131727622, 5247.1030000000000655, 1, 5247.1719999999995707, 14.37140826696948892, 5247.1719999999995707, 10.231905114455468464, 5247.1719999999995707, 38.932530052537906329, 5247.1030000000000655, 1, 5247.1719999999995707, -7.649984679203210014, 5247.1719999999995707, 4.0715519250211258395, 5247.1719999999995707, 43.253861299702791143, 5247.1030000000000655, 1, 5247.1719999999995707, 6.2346438295768749072, 5247.1719999999995707, -11.325558416945197493
5247.1769999999996799, 62.890797725042169475, 5247.1080000000001746, 1, 5247.1769999999996799, -11.753322054111730921, 5247.1769999999996799, 0.83999071068880226676, 5247.1769999999996799, 58.77937553526724912, 5247.1080000000001746, 1, 5247.1769999999996799, 14.359409192070518912, 5247.1769999999996799, 10.235739895555180823, 5247.1769999999996799, 38.956331645740732483, 5247.1080000000001746, 1, 5247.1769999999996799, -7.6552230647806327468, 5247.1769999999996799, 4.0725991028422470208, 5247.1769999999996799, 43.237409711497093667, 5247.1080000000001746, 1, 5247.1769999999996799, 6.2308084860286871987, 5247.1769999999996799, -11.322751284575232944
5247.181999999999789, 62.916590118784682772, 5247.113999999999578, 1, 5247.181999999999789, -11.765895043968546574, 5247.181999999999789, 0.84323077198415674616, 5247.181999999999789, 58.739458563930092794, 5247.113999999999578, 1, 5247.181999999999789, 14.343386193178114141, 5247.181999999999789, 10.241421450038743046, 5247.181999999999789, 38.991948771071079705, 5247.113999999999578, 1, 5247.181999999999789, -7.6631043749845195734, 5247.181999999999789, 4.074885600310899747, 5247.181999999999789, 43.219068918686389225, 5247.113999999999578, 1, 5247.181999999999789, 6.2265171826423229007, 5247.181999999999789, -11.318925890917103771
5247.1869999999998981, 62.9428181251899872, 5247.1180000000003929, 1, 5247.1869999999998981, -11.779091249151882437, 5247.1869999999998981, 0.84756655777864153833, 5247.1869999999998981, 58.696102437291401088, 5247.1180000000003929, 1, 5247.1869999999998981, 14.326054355187693545, 5247.1869999999998981, 10.248082395909754894, 5247.1869999999998981, 39.030569131802302252, 5247.1180000000003929, 1, 5247.1869999999998981, -7.6716922511587624101, 5247.1869999999998981, 4.0780782752113218237, 5247.1869999999998981, 43.20072210549668057, 5247.1180000000003929, 1, 5247.1869999999998981, 6.2222084196531675104, 5247.1869999999998981, -11.314397391483947075
5247.1920000000000073, 62.964523241677518683, 5247.1229999999995925, 1, 5247.1920000000000073, -11.790303083355045288, 5247.1920000000000073, 0.8518940473260663282, 5247.1920000000000073, 58.653895088703094984, 5247.1229999999995925, 1, 5247.1920000000000073, 14.309237495445653821, 5247.1920000000000073, 10.254951803244875208, 5247.1920000000000073, 39.068115557023723738, 5247.1229999999995925, 1, 5247.1920000000000073, -7.6800742723799944045, 5247.1920000000000073, 4.0817436147824999182, 5247.1920000000000073, 43.182428587748475479, 5247.1229999999995925, 1, 5247.1920000000000073, 6.2178966646603939239, 5247.1920000000000073, -11.309221378664675584
5247.1970000000001164, 62.988815449628503984, 5247.1289999999999054, 1, 5247.1970000000001164, -11.803150918416136506, 5247.1970000000001164, 0.85749972354168590982, 5247.1970000000001164, 58.609373089607899487, 5247.1289999999999054, 1, 5247.1970000000001164, 14.291543703384309794, 5247.1970000000001164, 10.262514337763278149, 5247.1970000000001164, 39.107680148815873622, 5247.1289999999999054, 1, 5247.1970000000001164, -7.6889338577719481549, 5247.1970000000001164, 4.0860680436946594796, 5247.1970000000001164, 43.164244121415343614, 5247.1289999999999054, 1, 5247.1970000000001164, 6.2135955768013610978, 5247.1970000000001164, -11.303452343849642148
5247.2020000000002256, 63.01563297458753965, 5247.1329999999998108, 1, 5247.2020000000002256, -11.817641652131971597, 5247.2020000000002256, 0.8644718183851338722, 5247.2020000000002256, 58.562815992102386531, 5247.1329999999998108, 1, 5247.2020000000002256, 14.273081083545555714, 5247.2020000000002256, 10.270704985184320179, 5247.2020000000002256, 39.149017446199067649, 5247.1329999999998108, 1, 5247.2020000000002256, -7.6982144527027198677, 5247.2020000000002256, 4.0909991262119760336, 5247.2020000000002256, 43.146220922417441557, 5247.1329999999998108, 1, 5247.2020000000002256, 6.2093180078044820647, 5247.2020000000002256, -11.297143562159559949
5247.2070000000003347, 63.040016968901902317, 5247.13799999999992, 1, 5247.2070000000003347, -11.83109619391511913, 5247.2070000000003347, 0.87152390181768524258, 5247.2070000000003347, 58.514493819244989936, 5247.13799999999992, 1, 5247.2070000000003347, 14.253954001820014597, 5247.2070000000003347, 10.279460445530510526, 5247.2070000000003347, 39.191890389115890514, 5247.13799999999992, 1, 5247.2070000000003347, -7.7078614005164194367, 5247.2070000000003347, 4.0964855255152521352, 5247.2070000000003347, 43.128407696865245669, 5247.13799999999992, 1, 5247.2070000000003347, 6.2050760052038134162, 5247.2070000000003347, -11.290346987970758974
5247.2120000000004438, 63.065239818257254001, 5247.1430000000000291, 1, 5247.2120000000004438, -11.805302627801259163, 5247.2120000000004438, -1.2610621913444965969, 5247.2120000000004438, 59.061999549301603452, 5247.1430000000000291, 1, 5247.2120000000004438, 13.843127615433646227, 5247.2120000000004438, 6.8291484416422534309, 5247.2120000000004438, 39.371321447609737731, 5247.1430000000000291, 1, 5247.2120000000004438, -7.6014105835890779517, 5247.2120000000004438, 2.8252320729734776705, 5247.2120000000004438, 43.224004826385957756, 5247.1430000000000291, 1, 5247.2120000000004438, 6.2616706448363403936, 5247.2120000000004438, -10.806563435495032621
5247.2169999999996435, 63.088477083421878433, 5247.1480000000001382, 1, 5247.2169999999996435, -11.858553032339115063, 5247.2169999999996435, 0.88738050266381662823, 5247.2169999999996435, 58.413584735847351226, 5247.1480000000001382, 1, 5247.2169999999996435, 14.214104466073212762, 5247.2169999999996435, 10.298421816692329145, 5247.2169999999996435, 39.28133866654125228, 5247.1480000000001382, 1, 5247.2169999999996435, -7.7280456049224035553, 5247.2169999999996435, 4.108924995039515693, 5247.2169999999996435, 43.09358869239306955, 5247.1480000000001382, 1, 5247.2169999999996435, 6.1967429071803863394, 5247.2169999999996435, -11.275491122190285154
5247.2229999999999563, 63.11003368321638618, 5247.1530000000002474, 1, 5247.2229999999999563, -11.871052840764344083, 5247.2229999999999563, 0.89517099754009876733, 5247.2229999999999563, 58.366748383347058393, 5247.1530000000002474, 1, 5247.2229999999999563, 14.19564308236021688, 5247.2229999999999563, 10.307480914028332109, 5247.2229999999999563, 39.322825589133785229, 5247.1530000000002474, 1, 5247.2229999999999563, -7.7374288977819416502, 5247.2229999999999563, 4.1150734627940721566, 5247.2229999999999563, 43.074997328397763852, 5247.1530000000002474, 1, 5247.2229999999999563, 6.1922702956203901081, 5247.2229999999999563, -11.266709778062271141
5247.2269999999998618, 63.133704340752110795, 5247.1580000000003565, 1, 5247.2269999999998618, -11.884984661277696816, 5247.2269999999998618, 0.90425870142614783731, 5247.2269999999998618, 58.313910629553404874, 5247.1580000000003565, 1, 5247.2269999999998618, 14.174839462344367647, 5247.2269999999998618, 10.317880039510097134, 5247.2269999999998618, 39.36960848951529357, 5247.1580000000003565, 1, 5247.2269999999998618, -7.7480249266720502277, 5247.2269999999998618, 4.1222701211863963522, 5247.2269999999998618, 43.058468381261590707, 5247.1580000000003565, 1, 5247.2269999999998618, 6.188280574506303644, 5247.2269999999998618, -11.258434062879031146
5247.2319999999999709, 63.159367343310933052, 5247.1629999999995562, 1, 5247.2319999999999709, -11.900304246266387054, 5247.2319999999999709, 0.91466956776762131653, 5247.2319999999999709, 58.255152672551290038, 5247.1629999999995562, 1, 5247.2319999999999709, 14.151728138716018535, 5247.2319999999999709, 10.329627117229097877, 5247.2319999999999709, 39.421613461564284364, 5247.1629999999995562, 1, 5247.2319999999999709, -7.7598188225973423471, 5247.2319999999999709, 4.1305388888681981996, 5247.2319999999999709, 43.043956019320575024, 5247.1629999999995562, 1, 5247.2319999999999709, 6.184765802753870112, 5247.2319999999999709, -11.250762173906467822
5247.23700000000008, 63.182275319850262463, 5247.1700000000000728, 1, 5247.23700000000008, -11.914177596860561437, 5247.23700000000008, 0.92447937371852617616, 5247.23700000000008, 58.201341065190007384, 5247.1700000000000728, 1, 5247.23700000000008, 14.130582805304980454, 5247.23700000000008, 10.340550330102388443, 5247.23700000000008, 39.469223366330837166, 5247.1700000000000728, 1, 5247.23700000000008, -7.7706294999926077693, 5247.23700000000008, 4.1383517662958766437, 5247.23700000000008, 43.028235089334131658, 5247.1700000000000728, 1, 5247.23700000000008, 6.1809461925397002346, 5247.23700000000008, -11.24204532696990988
5247.2420000000001892, 63.204734578183391136, 5247.1729999999997744, 1, 5247.2420000000001892, -11.927956131000634343, 5247.2420000000001892, 0.9345595179695465049, 5247.2420000000001892, 58.147365876074495361, 5247.1729999999997744, 1, 5247.2420000000001892, 14.109390497838388612, 5247.2420000000001892, 10.351650881449991459, 5247.2420000000001892, 39.516963548330565459, 5247.1729999999997744, 1, 5247.2420000000001892, -7.7814814295615040152, 5247.2420000000001892, 4.1463984171050753957, 5247.2420000000001892, 43.012971259310148753, 5247.1729999999997744, 1, 5247.2420000000001892, 6.1772247355824596582, 5247.2420000000001892, -11.233160724286062049
5247.2470000000002983, 63.229922461803603539, 5247.1779999999998836, 1, 5247.2470000000002983, -11.901852079382447158, 5247.2470000000002983, -1.1970299930535688304, 5247.2470000000002983, 58.694220070284380597, 5247.1779999999998836, 1, 5247.2470000000002983, 13.69995292804758158, 5247.2470000000002983, 6.9290540225966736898, 5247.2470000000002983, 39.701426133966464249, 5247.1779999999998836, 1, 5247.2470000000002983, -7.6749056812488278823, 5247.2470000000002983, 2.8700722048068847414, 5247.2470000000002983, 43.111732109588018602, 5247.1779999999998836, 1, 5247.2470000000002983, 6.2343990099837691687, 5247.2470000000002983, -10.744758862240736619
5247.2520000000004075, 63.251747357991334297, 5247.1840000000001965, 1, 5247.2520000000004075, -11.915048188808180285, 5247.2520000000004075, -1.1874797573120332572, 5247.2520000000004075, 58.64097807901108439, 5247.1840000000001965, 1, 5247.2520000000004075, 13.679512336629160885, 5247.2520000000004075, 6.9438512716635294453, 5247.2520000000004075, 39.749233549481992611, 5247.1840000000001965, 1, 5247.2520000000004075, -7.6855774597397532588, 5247.2520000000004075, 2.8768510644738292115, 5247.2520000000004075, 43.097410553776882125, 5247.1840000000001965, 1, 5247.2520000000004075, 6.2308930486927440739, 5247.2520000000004075, -10.735566598930533999
5247.2569999999996071, 63.272956937909427211, 5247.1880000000001019, 1, 5247.2569999999996071, -11.928301939011717536, 5247.2569999999996071, -1.1775851894450966029, 5247.2569999999996071, 58.588206920321255211, 5247.1880000000001019, 1, 5247.2569999999996071, 13.658939363539818856, 5247.2569999999996071, 6.9583326581529476584, 5247.2569999999996071, 39.796707448285552289, 5247.1880000000001019, 1, 5247.2569999999996071, -7.6961941105006399511, 5247.2569999999996071, 2.8838329218253413444, 5247.2569999999996071, 43.08354685179092769, 5247.1880000000001019, 1, 5247.2569999999996071, 6.2274798097386430129, 5247.2569999999996071, -10.72655818788639337
5247.2669999999998254, 63.29356193074733028, 5247.193000000000211, 1, 5247.2669999999998254, -11.941318918224187229, 5247.2669999999998254, -1.167582091562902491, 5247.2669999999998254, 58.535951440655324518, 5247.193000000000211, 1, 5247.2669999999998254, 13.638576396824415582, 5247.2669999999998254, 6.9727882094452198203, 5247.2669999999998254, 39.843719252347156612, 5247.193000000000211, 1, 5247.2669999999998254, -7.7067148290489111417, 5247.2669999999998254, 2.890914559667308481, 5247.2669999999998254, 43.070214043561762196, 5247.193000000000211, 1, 5247.2669999999998254, 6.2241854885925720353, 5247.2669999999998254, -10.717520321788651216
5247.2669999999998254, 63.313531232278592142, 5247.1980000000003201, 1, 5247.2669999999998254, -11.954070151482760309, 5247.2669999999998254, -1.1575096435521814442, 5247.2669999999998254, 58.484352444014589878, 5247.1980000000003201, 1, 5247.2669999999998254, 13.6184771908243345, 5247.2669999999998254, 6.9871721077103323694, 5247.2669999999998254, 39.890142575033195271, 5247.1980000000003201, 1, 5247.2669999999998254, -7.7171107005576455862, 5247.2669999999998254, 2.8980670757432065443, 5247.2669999999998254, 43.05742437565207581, 5247.1980000000003201, 1, 5247.2669999999998254, 6.2210135166374236348, 5247.2669999999998254, -10.708484295520969809
5247.2719999999999345, 63.332837566818184882, 5247.2030000000004293, 1, 5247.2719999999999345, -11.966529193129373354, 5247.2719999999999345, -1.1474049802087122885, 5247.2719999999999345, 58.433540419516177167, 5247.2030000000004293, 1, 5247.2719999999999345, 13.598691506960198794, 5247.2719999999999345, 7.0014414319899955785, 5247.2719999999999345, 39.935860255284900688, 5247.2030000000004293, 1, 5247.2719999999999345, -7.7273548767741289112, 5247.2719999999999345, 2.9052630008680715434, 5247.2719999999999345, 43.045187624407567739, 5247.2030000000004293, 1, 5247.2719999999999345, 6.217966732714566902, 5247.2719999999999345, -10.699479581116241533
5247.2830000000003565, 63.351457352708621329, 5247.2079999999996289, 1, 5247.2830000000003565, -11.97867206603170942, 5247.2830000000003565, -1.1373031883579649559, 5247.2830000000003565, 58.383635712972882459, 5247.2079999999996289, 1, 5247.2830000000003565, 13.579265183055341026, 5247.2830000000003565, 7.0155561306048461745, 5247.2830000000003565, 39.980764206108190706, 5247.2079999999996289, 1, 5247.2830000000003565, -7.7374225441802471082, 5247.2830000000003565, 2.9124763044423076508, 5247.2830000000003565, 43.033511207337973303, 5247.2079999999996289, 1, 5247.2830000000003565, 6.2150474081792497216, 5247.2830000000003565, -10.690533836989262184
5247.2830000000003565, 63.371109064082006057, 5247.2129999999997381, 1, 5247.2830000000003565, -11.991631791510043215, 5247.2830000000003565, -1.1262351949801434614, 5247.2830000000003565, 58.329940650642456035, 5247.2129999999997381, 1, 5247.2830000000003565, 13.558369424504286727, 5247.2830000000003565, 7.0308551572928514872, 5247.2830000000003565, 40.029082009914645823, 5247.2129999999997381, 1, 5247.2830000000003565, -7.7482618629571025082, 5247.2830000000003565, 2.920401104151700622, 5247.2830000000003565, 43.021330872109253107, 5247.2129999999997381, 1, 5247.2830000000003565, 6.2119878078447134939, 5247.2830000000003565, -10.680794481256201678
5247.2879999999995562, 63.383708171131019071, 5247.2179999999998472, 1, 5247.2879999999995562, -12.044282790527114813, 5247.2879999999995562, 1.0322047810797059242, 5247.2879999999995562, 57.671820118095723728, 5247.2179999999998472, 1, 5247.2879999999995562, 13.923226669942271982, 5247.2879999999995562, 10.454745878662951242, 5247.2879999999995562, 39.937114143968862834, 5247.2179999999998472, 1, 5247.2879999999995562, -7.8773899914327323302, 5247.2879999999995562, 4.2250368672403979531, 5247.2879999999995562, 42.897002221181537607, 5247.2179999999998472, 1, 5247.2879999999995562, 6.1484114393526887454, 5247.2879999999995562, -11.149688650273612112
5247.2979999999997744, 63.406766485578813786, 5247.2229999999999563, 1, 5247.2979999999997744, -12.011671334702356262, 5247.2979999999997744, -1.1117458446257799665, 5247.2979999999997744, 58.230315351746320118, 5247.2229999999999563, 1, 5247.2979999999997744, 13.523541924751645738, 5247.2979999999997744, 7.0602542880886218768, 5247.2979999999997744, 40.118215323719098819, 5247.2229999999999563, 1, 5247.2979999999997744, -7.7681066741910873574, 5247.2979999999997744, 2.9311781534402605587, 5247.2979999999997744, 42.999845818665683339, 5247.2229999999999563, 1, 5247.2979999999997744, 6.2067403697016532149, 5247.2979999999997744, -10.662955502595131918
5247.2979999999997744, 63.422324491737768426, 5247.2290000000002692, 1, 5247.2979999999997744, -12.022276572509857928, 5247.2979999999997744, -1.1019949283226608827, 5247.2979999999997744, 58.185315948930202978, 5247.2290000000002692, 1, 5247.2979999999997744, 13.506037549170118339, 5247.2979999999997744, 7.0733445667437422344, 5247.2979999999997744, 40.158719353278499398, 5247.2290000000002692, 1, 5247.2979999999997744, -7.7772062725446522435, 5247.2979999999997744, 2.9382083297441496939, 5247.2979999999997744, 42.990555239767232365, 5247.2290000000002692, 1, 5247.2979999999997744, 6.2043693666981578616, 5247.2979999999997744, -10.654519178631000287
5247.3019999999996799, 63.437127369282258371, 5247.2330000000001746, 1, 5247.3019999999996799, -12.032478123806710002, 5247.3019999999996799, -1.0923966466384840146, 5247.3019999999996799, 58.141694487277163716, 5247.2330000000001746, 1, 5247.3019999999996799, 13.489071067759384803, 5247.3019999999996799, 7.0861165774811958329, 5247.3019999999996799, 40.197986456026555402, 5247.2330000000001746, 1, 5247.3019999999996799, -7.7860315548638636685, 5247.3019999999996799, 2.9451437126467645555, 5247.3019999999996799, 42.98182992060142027, 5247.2330000000001746, 1, 5247.3019999999996799, 6.2021294755380917962, 5247.3019999999996799, -10.646257180610540161
5247.3079999999999927, 63.451171250398175516, 5247.2380000000002838, 1, 5247.3079999999999927, -12.042265727099165318, 5247.3079999999999927, -1.0829737073508027834, 5247.3079999999999927, 58.099513524978526391, 5247.2380000000002838, 1, 5247.3079999999999927, 13.472666029784850394, 5247.3079999999999927, 7.098547010785356548, 5247.3079999999999927, 40.235960281204839362, 5247.2380000000002838, 1, 5247.3079999999999927, -7.7945693552699815143, 5247.3079999999999927, 2.9519670576051453281, 5247.3079999999999927, 42.97366518593818796, 5247.2380000000002838, 1, 5247.3079999999999927, 6.2000200223075312422, 5247.3079999999999927, -10.638186430409549033
5247.3130000000001019, 63.464454917367739029, 5247.2430000000003929, 1, 5247.3130000000001019, -12.051631048756197728, 5247.3130000000001019, -1.0737469263222116922, 5247.3130000000001019, 58.058827284634446642, 5247.2430000000003929, 1, 5247.3130000000001019, 13.456842777877886519, 5247.3130000000001019, 7.1106150307877840078, 5247.3130000000001019, 40.272591948994502786, 5247.2430000000003929, 1, 5247.3130000000001019, -7.8028081970379457033, 5247.3130000000001019, 2.9586624750625496461, 5247.3130000000001019, 42.966054817596685211, 5247.2430000000003929, 1, 5247.3130000000001019, 6.1980399514972539521, 5247.3130000000001019, -10.630322240932258637
5247.318000000000211, 63.47697965429318856, 5247.2479999999995925, 1, 5247.318000000000211, -12.060567599219290003, 5247.318000000000211, -1.0647352688622753192, 5247.318000000000211, 58.019681960573443291, 5247.2479999999995925, 1, 5247.318000000000211, 13.441618568928721089, 5247.318000000000211, 7.1223021995956514729, 5247.318000000000211, 40.307839777668533543, 5247.2479999999995925, 1, 5247.318000000000211, -7.810738233066047087, 5247.318000000000211, 2.9652154046773091522, 5247.318000000000211, 42.958991164941608076, 5247.2479999999995925, 1, 5247.318000000000211, 6.1961878517385589049, 5247.318000000000211, -10.622678359184483554
5247.3280000000004293, 63.479662606372073697, 5247.2529999999997017, 1, 5247.3280000000004293, -12.112746359397792872, 5247.3280000000004293, 1.1011731604681109786, 5247.3280000000004293, 57.373482396234635416, 5247.2529999999997017, 1, 5247.3280000000004293, 13.806749240726380989, 5247.3280000000004293, 10.524050988025070552, 5247.3280000000004293, 40.200380901504559006, 5247.2529999999997017, 1, 5247.3280000000004293, -7.9377783576823217615, 5247.3280000000004293, 4.2811686093701801781, 5247.3280000000004293, 42.840371909603476297, 5247.2529999999997017, 1, 5247.3280000000004293, 6.133711633109444783, 5247.3280000000004293, -11.092774251664650365
5247.3280000000004293, 63.49038086099764655, 5247.2579999999998108, 1, 5247.3280000000004293, -12.120820427075578607, 5247.3280000000004293, 1.1100741007632954904, 5247.3280000000004293, 57.337041943528078036, 5247.2579999999998108, 1, 5247.3280000000004293, 13.792527806511596822, 5247.3280000000004293, 10.532803592549772276, 5247.3280000000004293, 40.232521969230987224, 5247.2579999999998108, 1, 5247.3280000000004293, -7.9451633106495238579, 5247.3280000000004293, 4.2884471115221813875, 5247.3280000000004293, 42.834451442628775908, 5247.2579999999998108, 1, 5247.3280000000004293, 6.1321184285801981773, 5247.3280000000004293, -11.085539851233678021
5247.3320000000003347, 63.500367184186416125, 5247.26299999999992, 1, 5247.3320000000003347, -12.128455952903559378, 5247.3320000000003347, 1.1186886290553914591, 5247.3320000000003347, 57.302253841294302106, 5247.26299999999992, 1, 5247.3320000000003347, 13.778950621588249348, 5247.3320000000003347, 10.541230173316563423, 5247.3320000000003347, 40.263202065623318049, 5247.26299999999992, 1, 5247.3320000000003347, -7.9522147242003295986, 5247.3320000000003347, 4.2954994931505510181, 5247.3320000000003347, 42.829044550175709105, 5247.26299999999992, 1, 5247.3320000000003347, 6.1306463465703995297, 5247.3320000000003347, -11.078563807173386735
5247.3379999999997381, 63.509631804451956327, 5247.2680000000000291, 1, 5247.3379999999997381, -12.135652972018327489, 5247.3379999999997381, 1.1270050419915733642, 5247.3379999999997381, 57.269135885689209431, 5247.2680000000000291, 1, 5247.3379999999997381, 13.766023973797462787, 5247.3379999999997381, 10.549322098017782423, 5247.3379999999997381, 40.292405768453903647, 5247.2680000000000291, 1, 5247.3379999999997381, -7.9589285937298033247, 5247.3379999999997381, 4.3023156946374996323, 5247.3379999999997381, 42.824138826511671141, 5247.2680000000000291, 1, 5247.3379999999997381, 6.1292928184803310288, 5247.3379999999997381, -11.071853946126791968
5247.3429999999998472, 63.518186670889278389, 5247.2730000000001382, 1, 5247.3429999999998472, -12.142412934311524353, 5247.3429999999998472, 1.1350132916737614153, 5247.3429999999998472, 57.237699388091968444, 5247.2730000000001382, 1, 5247.3429999999998472, 13.75375166180730524, 5247.3429999999998472, 10.557072333368321182, 5247.3429999999998472, 40.320123355117928554, 5247.2730000000001382, 1, 5247.3429999999998472, -7.9653022409547658, 5247.3429999999998472, 4.3088870060085504576, 5247.3429999999998472, 42.81972096918875792, 5247.2730000000001382, 1, 5247.3429999999998472, 6.1280550432023686014, 5247.3429999999998472, -11.065416768571425976
5247.3479999999999563, 63.526045316558921172, 5247.2780000000002474, 1, 5247.3479999999999563, -12.148738618594567384, 5247.3479999999999563, 1.1427049228217640575, 5247.3479999999999563, 57.207949515101248039, 5247.2780000000002474, 1, 5247.3479999999999563, 13.742135128195855032, 5247.3479999999999563, 10.564475375265491408, 5247.3479999999999563, 40.34635050444533988, 5247.2780000000002474, 1, 5247.3479999999999563, -7.9713342465292136296, 5247.3479999999999563, 4.3152060182736668992, 5247.3479999999999563, 42.815776874923201945, 5247.2780000000002474, 1, 5247.3479999999999563, 6.1269300097245489312, 5247.3479999999999563, -11.059257504477766787
5247.3530000000000655, 63.545142883532534483, 5247.2830000000003565, 1, 5247.3530000000000655, -12.103100171384138406, 5247.3530000000000655, -1.0285760278944735546, 5247.3530000000000655, 57.789697333651552924, 5247.2830000000003565, 1, 5247.3530000000000655, 13.360407254267213872, 5247.3530000000000655, 7.1897173589574556729, 5247.3530000000000655, 40.51477985662418746, 5247.2830000000003565, 1, 5247.3530000000000655, -7.8569519957088687079, 5247.3530000000000655, 2.9919771852320451444, 5247.3530000000000655, 42.92248022592656298, 5247.2830000000003565, 1, 5247.3530000000000655, 6.1868144131337396985, 5247.3530000000000655, -10.58207843132992565
5247.3580000000001746, 63.539735196478872581, 5247.2889999999997599, 1, 5247.3580000000001746, -12.160104400788290135, 5247.3580000000001746, 1.1571120836035220236, 5247.3580000000001746, 57.153501625911346196, 5247.2889999999997599, 1, 5247.3580000000001746, 13.720864182836550071, 5247.3580000000001746, 10.578225082072830077, 5247.3580000000001746, 40.39434142411686679, 5247.2889999999997599, 1, 5247.3580000000001746, -7.9823735447382802022, 5247.3580000000001746, 4.327063712020216002, 5247.3580000000001746, 42.809250111734399979, 5247.2889999999997599, 1, 5247.3580000000001746, 6.1250052064263957874, 5247.3580000000001746, -11.047787624205845702
5247.3630000000002838, 63.54560022605444658, 5247.2929999999996653, 1, 5247.3630000000002838, -12.165155936577690454, 5247.3630000000002838, 1.1638180797874184691, 5247.3630000000002838, 57.128786275551988183, 5247.2929999999996653, 1, 5247.3630000000002838, 13.711202068772410101, 5247.3630000000002838, 10.584567743886321267, 5247.3630000000002838, 40.416120877787747645, 5247.2929999999996653, 1, 5247.3630000000002838, -7.9873836852703954392, 5247.3630000000002838, 4.3325936231262147658, 5247.3630000000002838, 42.806636051442374935, 5247.2929999999996653, 1, 5247.3630000000002838, 6.1241985599720045741, 5247.3630000000002838, -11.042481628060492937
5247.3680000000003929, 63.550836373915899458, 5247.2979999999997744, 1, 5247.3680000000003929, -12.169795904729401315, 5247.3680000000003929, 1.1701882563205820986, 5247.3680000000003929, 57.105723553478618726, 5247.2979999999997744, 1, 5247.3680000000003929, 13.702180590011069583, 5247.3680000000003929, 10.590555062128423458, 5247.3680000000003929, 40.436440670934359787, 5247.2979999999997744, 1, 5247.3680000000003929, -7.9920577456338541822, 5247.3680000000003929, 4.3378535888730631598, 5247.3680000000003929, 42.804433140865150165, 5247.2979999999997744, 1, 5247.3680000000003929, 6.1234909425959038742, 5247.3680000000003929, -11.037462901254366798
5247.3729999999995925, 63.555463147665477663, 5247.3029999999998836, 1, 5247.3729999999995925, -12.174032468510587179, 5247.3729999999995925, 1.176221133062721691, 5247.3729999999995925, 57.084292973027743301, 5247.3029999999998836, 1, 5247.3729999999995925, 13.693791385536776772, 5247.3729999999995925, 10.596188106671370122, 5247.3729999999995925, 40.455319039917945645, 5247.3029999999998836, 1, 5247.3729999999995925, -7.9963995904630271738, 5247.3729999999995925, 4.3428419319386826203, 5247.3729999999995925, 42.802624600078928552, 5247.3029999999998836, 1, 5247.3729999999995925, 6.1228786101654693041, 5247.3729999999995925, -11.032731180753124534
5247.3779999999997017, 63.559500885279184956, 5247.3079999999999927, 1, 5247.3779999999997017, -12.177874625345324944, 5247.3779999999997017, 1.1819164221715645624, 5247.3779999999997017, 57.064469910996642454, 5247.3079999999999927, 1, 5247.3779999999997017, 13.686024519957353363, 5247.3779999999997017, 10.601469046968979626, 5247.3779999999997017, 40.472777859512376608, 5247.3079999999999927, 1, 5247.3779999999997017, -8.0004139417467285966, 5247.3779999999997017, 4.347557961279409966, 5247.3779999999997017, 42.801193355927892981, 5247.3079999999999927, 1, 5247.3779999999997017, 6.122357729964504891, 5247.3779999999997017, -11.028285278702572469
5247.3829999999998108, 63.562970642639299967, 5247.3130000000001019, 1, 5247.3829999999998108, -12.181332129769886663, 5247.3829999999998108, 1.1872749599293932476, 5247.3829999999998108, 57.046225928336411926, 5247.3130000000001019, 1, 5247.3829999999998108, 13.678868607640685795, 5247.3829999999998108, 10.606401080913951063, 5247.3829999999998108, 40.488842361195402475, 5247.3130000000001019, 1, 5247.3829999999998108, -8.0041063144205537583, 5247.3829999999998108, 4.3520019179378621743, 5247.3829999999998108, 42.800122114495650294, 5247.3130000000001019, 1, 5247.3829999999998108, 6.1219243982823883243, 5247.3829999999998108, -11.02412313990440218
5247.38799999999992, 63.57982502124006885, 5247.318000000000211, 1, 5247.38799999999992, -12.129043137622772974, 5247.38799999999992, -0.99830295124683487984, 5247.38799999999992, 57.640965432861214879, 5247.318000000000211, 1, 5247.38799999999992, 13.306278585587891783, 5247.38799999999992, 7.2356341888188246969, 5247.38799999999992, 40.648996880735097648, 5247.318000000000211, 1, 5247.38799999999992, -7.8869763724822785633, 5247.38799999999992, 3.0145516120235278379, 5247.38799999999992, 42.908239136661578073, 5247.318000000000211, 1, 5247.38799999999992, 6.182522770829830705, 5247.38799999999992, -10.553052266817234184
5247.3919999999998254, 63.582386895828705065, 5247.3230000000003201, 1, 5247.3919999999998254, -12.13176102557640057, 5247.3919999999998254, -0.99369669201369603684, 5247.3919999999998254, 57.626019290845732712, 5247.3230000000003201, 1, 5247.3919999999998254, 13.300400089373958679, 5247.3919999999998254, 7.240768234758405697, 5247.3919999999998254, 40.662491308274923085, 5247.3230000000003201, 1, 5247.3919999999998254, -7.8900041849744395606, 5247.3919999999998254, 3.0180116041910096669, 5247.3919999999998254, 42.907796600032106937, 5247.3230000000003201, 1, 5247.3919999999998254, 6.1822519949973813169, 5247.3919999999998254, -10.54945291844606281
5247.3980000000001382, 63.584435887804581, 5247.3289999999997235, 1, 5247.3980000000001382, -12.134127773742903855, 5247.3980000000001382, -0.98940113200877277677, 5247.3980000000001382, 57.612528505500783638, 5247.3289999999997235, 1, 5247.3980000000001382, 13.295081652741918887, 5247.3980000000001382, 7.2454822574570805216, 5247.3980000000001382, 40.674675538760453719, 5247.3289999999997235, 1, 5247.3980000000001382, -7.8927345766381780123, 5247.3980000000001382, 3.0212484685758695946, 5247.3980000000001382, 42.907664380738765431, 5247.3289999999997235, 1, 5247.3980000000001382, 6.1820572346023565657, 5247.3980000000001382, -10.546123163151040814
5247.4030000000002474, 63.585995040609873286, 5247.3329999999996289, 1, 5247.4030000000002474, -12.136155415953906456, 5247.4030000000002474, -0.98541240253869943899, 5247.4030000000002474, 57.600452804992485767, 5247.3329999999996289, 1, 5247.4030000000002474, 13.290307531739777858, 5247.4030000000002474, 7.2497852571217649142, 5247.4030000000002474, 40.68558564724196458, 5247.3329999999996289, 1, 5247.4030000000002474, -7.8951755054964447567, 5247.4030000000002474, 3.0242644445815436427, 5247.4030000000002474, 42.907824908050749002, 5247.3329999999996289, 1, 5247.4030000000002474, 6.1819344361472827742, 5247.4030000000002474, -10.543058231005474568
5247.4070000000001528, 63.58708764412473613, 5247.3379999999997381, 1, 5247.4070000000001528, -12.137856389593842721, 5247.4070000000001528, -0.9817258515962095089, 5247.4070000000001528, 57.589749637650854197, 5247.3379999999997381, 1, 5247.4070000000001528, 13.286061124517884124, 5247.4070000000001528, 7.2536870577618017819, 5247.4070000000001528, 40.695259771036091934, 5247.3379999999997381, 1, 5247.4070000000001528, -7.8973354127964778826, 5247.4070000000001528, 3.02706236855566857, 5247.4070000000001528, 42.908260692830985761, 5247.3379999999997381, 1, 5247.4070000000001528, 6.1818795508642097047, 5247.4070000000001528, -10.540252761107492319
5247.4129999999995562, 63.587737146108196384, 5247.3429999999998472, 1, 5247.4129999999995562, -12.139243472405350843, 5247.4129999999995562, -0.97833610473287890841, 5247.4129999999995562, 57.580374443256374661, 5247.3429999999998472, 1, 5247.4129999999995562, 13.282325075381564261, 5247.4129999999995562, 7.2571982271179003021, 5247.4129999999995562, 40.703737866147520208, 5247.3429999999998472, 1, 5247.4129999999995562, -7.899223167697295267, 5247.4129999999995562, 3.0296456300724088351, 5247.4129999999995562, 42.908954379367855836, 5247.3429999999998472, 1, 5247.4129999999995562, 6.1818885474247124989, 5247.4129999999995562, -10.537700853524530231
5247.4170000000003711, 63.587967067891312922, 5247.3479999999999563, 1, 5247.4170000000003711, -12.140329721348164682, 5247.4170000000003711, -0.97523712455710764857, 5247.4170000000003711, 57.572280914444263544, 5247.3479999999999563, 1, 5247.4170000000003711, 13.279081374841979368, 5247.4170000000003711, 7.2603299989803069536, 5247.4170000000003711, 40.71106147212383064, 5247.3479999999999563, 1, 5247.4170000000003711, -7.9008480138108652113, 5247.4170000000003711, 3.0320181289697316629, 5247.4170000000003711, 42.909888793209084668, 5247.3479999999999563, 1, 5247.4170000000003711, 6.1819574237566046193, 5247.4170000000003711, -10.535396119753192679
5247.4229999999997744, 63.572963121751797644, 5247.3530000000000655, 1, 5247.4229999999997744, -12.196507637262698154, 5247.4229999999997744, 1.2184383715052007346, 5247.4229999999997744, 56.952691129928297187, 5247.3530000000000655, 1, 5247.4229999999997744, 13.641864336413721759, 5247.4229999999997744, 10.633965266985477172, 5247.4229999999997744, 40.57108550218804055, 5247.3530000000000655, 1, 5247.4229999999997744, -8.0229284995564054128, 5247.4229999999997744, 4.3780528546068637752, 5247.4229999999997744, 42.802415447991421615, 5247.3530000000000655, 1, 5247.4229999999997744, 6.1211301171379464137, 5247.4229999999997744, -11.000553135882393363
5247.4279999999998836, 63.572336778151026238, 5247.3580000000001746, 1, 5247.4279999999998836, -12.197031748130761741, 5247.4279999999998836, 1.2209562082531029148, 5247.4279999999998836, 56.946899115154700155, 5247.3580000000001746, 1, 5247.4279999999998836, 13.639513152650810213, 5247.4279999999998836, 10.636036888726845717, 5247.4279999999998836, 40.576158822653319191, 5247.3580000000001746, 1, 5247.4279999999998836, -8.0240717508880496922, 5247.4279999999998836, 4.3801862732793601651, 5247.4279999999998836, 42.803800869739497159, 5247.3580000000001746, 1, 5247.4279999999998836, 6.1213049800692740376, 5247.4279999999998836, -10.998736869070995681
5247.4329999999999927, 63.571370797068709635, 5247.3630000000002838, 1, 5247.4329999999999927, -12.197294997703645336, 5247.4329999999999927, 1.2231929237712897418, 5247.4329999999999927, 56.942257240328629564, 5247.3630000000002838, 1, 5247.4329999999999927, 13.637604515408686012, 5247.4329999999999927, 10.637833292525531448, 5247.4329999999999927, 40.580217299481802229, 5247.3630000000002838, 1, 5247.4329999999999927, -8.0249785326463705104, 5247.4329999999999927, 4.3820895910249468841, 5247.4329999999999927, 42.805374612978795312, 5247.3630000000002838, 1, 5247.4329999999999927, 6.1215277294325156632, 5247.4329999999999927, -10.99714823145333753
5247.4380000000001019, 63.570087938417685791, 5247.3680000000003929, 1, 5247.4380000000001019, -12.19731102342965201, 5247.4380000000001019, 1.2251574274236993745, 5247.4380000000001019, 56.938714072463014304, 5247.3680000000003929, 1, 5247.4380000000001019, 13.636118404264783166, 5247.4380000000001019, 10.639364637040273465, 5247.4380000000001019, 40.583306387963332895, 5247.3680000000003929, 1, 5247.4380000000001019, -8.0256592244696367544, 5247.4380000000001019, 4.3837698422587081382, 5247.4380000000001019, 42.807120724229520192, 5247.3680000000003929, 1, 5247.4380000000001019, 6.1217946070054720664, 5247.4380000000001019, -10.995779184292429065
5247.443000000000211, 63.56851066999885802, 5247.3729999999995925, 1, 5247.443000000000211, -12.197093476950243485, 5247.443000000000211, 1.2268590047684391209, 5247.443000000000211, 56.936217576604626345, 5247.3729999999995925, 1, 5247.443000000000211, 13.635034584970396665, 5247.443000000000211, 10.640641360233058066, 5247.443000000000211, 40.585472070931189137, 5247.3729999999995925, 1, 5247.443000000000211, -8.026124343409774653, 5247.443000000000211, 4.3852343875378707594, 5247.443000000000211, 42.809023624935925056, 5247.3729999999995925, 1, 5247.443000000000211, 6.122101931380217188, 5247.443000000000211, -10.994621435889147421
5247.4480000000003201, 63.566661111922201144, 5247.3779999999997017, 1, 5247.4480000000003201, -12.196655978795469366, 5247.4480000000003201, 1.2283072653852400435, 5247.4480000000003201, 56.93471532034646998, 5247.3779999999997017, 1, 5247.4480000000003201, 13.634332687745265744, 5247.4480000000003201, 10.641674128983133585, 5247.4480000000003201, 40.586760678364974808, 5247.3779999999997017, 1, 5247.4480000000003201, -8.0263845015728207954, 5247.4480000000003201, 4.3864908705725085269, 5247.4480000000003201, 42.811068139594439685, 5247.3779999999997017, 1, 5247.4480000000003201, 6.1224461053110106334, 5247.4480000000003201, -10.993666483402471101
5247.4530000000004293, 63.564560985759300138, 5247.3829999999998108, 1, 5247.4530000000004293, -12.196012076238142541, 5247.4530000000004293, 1.2295120923061517715, 5247.4530000000004293, 56.934154667403092276, 5247.3829999999998108, 1, 5247.4530000000004293, 13.633992281085138387, 5247.4530000000004293, 10.642473790806040057, 5247.4530000000004293, 40.587218716823535658, 5247.3829999999998108, 1, 5247.4530000000004293, -8.0264503662408763773, 5247.4530000000004293, 4.3875471765170139804, 5247.4530000000004293, 42.813239520904637914, 5247.3829999999998108, 1, 5247.4530000000004293, 6.1228236222998519978, 5247.4530000000004293, -10.992905652889554347
5247.4600000000000364, 63.562231567537168075, 5247.38799999999992, 1, 5247.4600000000000364, -12.195175203620307158, 5247.4600000000000364, 1.2304835937465163909, 5247.4600000000000364, 56.934482961028351156, 5247.38799999999992, 1, 5247.4600000000000364, 13.633992941738801719, 5247.4600000000000364, 10.643051327869308409, 5247.4600000000000364, 40.586892707493859689, 5247.38799999999992, 1, 5247.4600000000000364, -8.0263326216674570901, 5247.4600000000000364, 4.3884113921047038787, 5247.4600000000000364, 42.815523472150516682, 5247.38799999999992, 1, 5247.4600000000000364, 6.1232310725056322553, 5247.4600000000000364, -10.99233013776481549
5247.4620000000004438, 63.575692878063009061, 5247.3930000000000291, 1, 5247.4620000000004438, -12.133785477723447954, 5247.4620000000004438, -0.97499679864095867288, 5247.4620000000004438, 57.548269958474378427, 5247.3930000000000291, 1, 5247.4620000000004438, 13.274022761147284299, 5247.4620000000004438, 7.2692360580390094071, 5247.4620000000004438, 40.733264207102891419, 5247.3930000000000291, 1, 5247.4620000000004438, -7.9053004409428702104, 5247.4620000000004438, 3.0328874079763572524, 5247.4620000000004438, 42.92481462392124314, 5247.3930000000000291, 1, 5247.4620000000004438, 6.1847238930074590613, 5247.4620000000004438, -10.531115377484752571
5247.4679999999998472, 63.572985825047879871, 5247.3980000000001382, 1, 5247.4679999999998472, -12.132604904082501918, 5247.4679999999998472, -0.97436667828617729015, 5247.4679999999998472, 57.550229231496373927, 5247.3980000000001382, 1, 5247.4679999999998472, 13.274632380995557313, 5247.4679999999998472, 7.269287454575128038, 5247.4679999999998472, 40.731525455811109282, 5247.3980000000001382, 1, 5247.4679999999998472, -7.9048525758124057461, 5247.4679999999998472, 3.0334505849850543768, 5247.4679999999998472, 42.927279436698768222, 5247.3980000000001382, 1, 5247.4679999999998472, 6.1851848990196272027, 5247.4679999999998472, -10.530857210995943518
5247.4769999999998618, 63.570103170310773066, 5247.4030000000002474, 1, 5247.4769999999998618, -12.131270795321446698, 5247.4769999999998618, -0.97393268998106208301, 5247.4769999999998618, 57.55291037368976248, 5247.4030000000002474, 1, 5247.4769999999998618, 13.275517967956206533, 5247.4769999999998618, 7.2691072081737893029, 5247.4769999999998618, 40.729135174537248076, 5247.4030000000002474, 1, 5247.4769999999998618, -7.9042548405070496287, 5247.4769999999998618, 3.0338684024167044129, 5247.4769999999998618, 42.929818484763146103, 5247.4030000000002474, 1, 5247.4769999999998618, 6.1856663443224118026, 5247.4769999999998618, -10.530756711004482185
5247.4769999999998618, 63.567064387073116905, 5247.4089999999996508, 1, 5247.4769999999998618, -12.129795771359898282, 5247.4769999999998618, -0.97368493595548955, 5247.4769999999998618, 57.556262888225084851, 5247.4089999999996508, 1, 5247.4769999999998618, 13.276660065068085714, 5247.4769999999998618, 7.268709417358540037, 5247.4769999999998618, 40.726138802902809744, 5247.4089999999996508, 1, 5247.4769999999998618, -7.9035175158350234881, 5247.4769999999998618, 3.0341478758542166361, 5247.4769999999998618, 42.932419351490473503, 5247.4089999999996508, 1, 5247.4769999999998618, 6.1861652348786719813, 5247.4769999999998618, -10.530805020313074749
5247.4819999999999709, 63.563888328822883977, 5247.4139999999997599, 1, 5247.4819999999999709, -12.128192180372982634, 5247.4819999999999709, -0.97361348211114773221, 5247.4819999999999709, 57.5602370138813626, 5247.4139999999997599, 1, 5247.4819999999999709, 13.27803950773553332, 5247.4819999999999709, 7.2681080752863778116, 5247.4819999999999709, 40.722581126333807333, 5247.4139999999997599, 1, 5247.4819999999999709, -7.9026507436176798294, 5247.4819999999999709, 3.0342960694728340343, 5247.4819999999999709, 42.935070143335806847, 5247.4139999999997599, 1, 5247.4819999999999709, 6.1866786943726950199, 5247.4819999999999709, -10.530993308009385601
5247.48700000000008, 63.560593204471743434, 5247.4179999999996653, 1, 5247.48700000000008, -12.126472074707555393, 5247.48700000000008, -0.97370839266327990913, 5247.48700000000008, 57.564783844310312588, 5247.4179999999996653, 1, 5247.48700000000008, 13.279637468997176342, 5247.48700000000008, 7.26731703004543661, 5247.48700000000008, 40.718506168141203716, 5247.4179999999996653, 1, 5247.48700000000008, -7.9016645015859561241, 5247.48700000000008, 3.0343200698591168418, 5247.48700000000008, 42.937759497322538493, 5247.4179999999996653, 1, 5247.48700000000008, 6.1872039666307472316, 5247.48700000000008, -10.531312796831677758
5247.4920000000001892, 63.557196556626067263, 5247.4229999999997744, 1, 5247.4920000000001892, -12.124647188560869537, 5247.4920000000001892, -0.9739597630462668576, 5247.4920000000001892, 57.569855437597183823, 5247.4229999999997744, 1, 5247.4920000000001892, 13.281435500932447624, 5247.4920000000001892, 7.2663499478334756532, 5247.4920000000001892, 40.7139570901597736, 5247.4229999999997744, 1, 5247.4920000000001892, -7.9005685802190273037, 5247.4920000000001892, 3.0342269612536121315, 5247.4920000000001892, 42.940476586548101068, 5247.4229999999997744, 1, 5247.4920000000001892, 6.1877384173870284556, 5247.4920000000001892, -10.531754788849561066
5247.4970000000002983, 63.537717575139467385, 5247.4279999999998836, 1, 5247.4970000000002983, -12.183081218628995401, 5247.4970000000002983, 1.2311084725622336578, 5247.4970000000002983, 56.962912889432388397, 5247.4279999999998836, 1, 5247.4970000000002983, 13.643876953789431994, 5247.4970000000002983, 10.641004798091909578, 5247.4970000000002983, 40.561534212795791632, 5247.4279999999998836, 1, 5247.4970000000002983, -8.0200420648200978491, 5247.4970000000002983, 4.3894179761689251507, 5247.4970000000002983, 42.836293795798837891, 5247.4279999999998836, 1, 5247.4970000000002983, 6.1271946216263675211, 5247.4970000000002983, -10.99332404656972173
5247.5020000000004075, 63.550320603101042138, 5247.4329999999999927, 1, 5247.5020000000004075, -12.119534590596956036, 5247.5020000000004075, -0.97960615492158353845, 5247.5020000000004075, 57.581273833888651836, 5247.4329999999999927, 1, 5247.5020000000004075, 13.286977414588717394, 5247.5020000000004075, 7.2622422477069648039, 5247.5020000000004075, 40.703862848368615346, 5247.4329999999999927, 1, 5247.5020000000004075, -7.8981367323887727849, 5247.5020000000004075, 3.0301149574030930012, 5247.5020000000004075, 42.945381988091952508, 5247.4329999999999927, 1, 5247.5020000000004075, 6.1888582772587108494, 5247.5020000000004075, -10.535281827197938043
5247.5069999999996071, 63.546717636838081944, 5247.4380000000001019, 1, 5247.5069999999996071, -12.117462374240226097, 5247.5069999999996071, -0.98026797137421084471, 5247.5069999999996071, 57.587643059885294861, 5247.4380000000001019, 1, 5247.5069999999996071, 13.289269466608095271, 5247.5069999999996071, 7.2608265475172650838, 5247.5069999999996071, 40.698140423042517, 5247.4380000000001019, 1, 5247.5069999999996071, -7.8967683310793752582, 5247.5069999999996071, 3.0297131685004146107, 5247.5069999999996071, 42.948122681964946423, 5247.4380000000001019, 1, 5247.5069999999996071, 6.1894056969631856546, 5247.5069999999996071, -10.536040430154853809
5247.5119999999997162, 63.543076329786202905, 5247.443000000000211, 1, 5247.5119999999997162, -12.115328774405304202, 5247.5119999999997162, -0.98104752369050984839, 5247.5119999999997162, 57.594356786768187817, 5247.443000000000211, 1, 5247.5119999999997162, 13.291692302468817388, 5247.5119999999997162, 7.2592870016807822253, 5247.5119999999997162, 40.692106212570280377, 5247.443000000000211, 1, 5247.5119999999997162, -7.8953271454848037436, 5247.5119999999997162, 3.0292221664381209223, 5247.5119999999997162, 42.950853200589165226, 5247.443000000000211, 1, 5247.5119999999997162, 6.1899529974900895368, 5247.5119999999997162, -10.53688798966238771
5247.5169999999998254, 63.539410684499657123, 5247.4480000000003201, 1, 5247.5169999999998254, -12.113143683192689082, 5247.5169999999998254, -0.98193548605532399165, 5247.5169999999998254, 57.601373217855837083, 5247.4480000000003201, 1, 5247.5169999999998254, 13.294229867718145854, 5247.5169999999998254, 7.2576359080318404438, 5247.5169999999998254, 40.685797874804130458, 5247.4480000000003201, 1, 5247.5169999999998254, -7.8938217502666887526, 5247.5169999999998254, 3.0286486990945000741, 5247.5169999999998254, 42.95356541295085151, 5247.4480000000003201, 1, 5247.5169999999998254, 6.1904981653945450049, 5247.5169999999998254, -10.537816528497893742
5247.5219999999999345, 63.53573397431701153, 5247.4530000000004293, 1, 5247.5219999999999345, -12.110916588684759176, 5247.5219999999999345, -0.98292271896284333366, 5247.5219999999999345, 57.608651988239543584, 5247.4530000000004293, 1, 5247.5219999999999345, 13.296866663147554277, 5247.5219999999999345, 7.2558852165871847717, 5247.5219999999999345, 40.67925178243187645, 5247.4530000000004293, 1, 5247.5219999999999345, -7.8922604336273449732, 5247.5219999999999345, 3.0279993935617000034, 5247.5219999999999345, 42.956251718081830404, 5247.4530000000004293, 1, 5247.5219999999999345, 6.1910393106460555046, 5247.5219999999999345, -10.538818266896056386
5247.5270000000000437, 63.532058742322895739, 5247.4579999999996289, 1, 5247.5270000000000437, -12.108656567247594538, 5247.5270000000000437, -0.98400028836418229616, 5247.5270000000000437, 57.616154213447558163, 5247.4579999999996289, 1, 5247.5270000000000437, 13.299587763028883458, 5247.5270000000000437, 7.2540465104694682452, 5247.5270000000000437, 40.672502978876096336, 5247.4579999999996289, 1, 5247.5270000000000437, -7.8906511867418736017, 5247.5270000000000437, 3.0272807411824729229, 5247.5270000000000437, 42.958905038613998784, 5247.4579999999996289, 1, 5247.5270000000000437, 6.1915746655344996441, 5247.5270000000000437, -10.539885636643523625
5247.5330000000003565, 63.528396803155004591, 5247.4629999999997381, 1, 5247.5330000000003565, -12.106372278093216366, 5247.5330000000003565, -0.98515948314664214536, 5247.5330000000003565, 57.623842530421804042, 5247.4629999999997381, 1, 5247.5330000000003565, 13.302378830441316637, 5247.5330000000003565, 7.2521309893568357552, 5247.5330000000003565, 40.665585140924633833, 5247.4629999999997381, 1, 5247.5330000000003565, -7.8890016948596954904, 5247.5330000000003565, 3.0264990840508687597, 5247.5330000000003565, 42.961518813036256859, 5247.4629999999997381, 1, 5247.5330000000003565, 6.1921025831680616136, 5247.5330000000003565, -10.54101129361519007
5247.5379999999995562, 63.524771594416094445, 5247.4679999999998472, 1, 5247.5379999999995562, -12.103848809055381963, 5247.5379999999995562, -0.98833298216709764006, 5247.5379999999995562, 57.631690907354055753, 5247.4679999999998472, 1, 5247.5379999999995562, 13.30575054710672056, 5247.5379999999995562, 7.2491092553261893272, 5247.5379999999995562, 40.65863152652259771, 5247.4679999999998472, 1, 5247.5379999999995562, -7.8873904970744561638, 5247.5379999999995562, 3.0241177500383145116, 5247.5379999999995562, 42.963779537252356988, 5247.4679999999998472, 1, 5247.5379999999995562, 6.1926527958978674349, 5247.5379999999995562, -10.543422682072327135
5247.543999999999869, 63.521168744457540356, 5247.4729999999999563, 1, 5247.543999999999869, -12.101540287378846017, 5247.543999999999869, -0.989630152502488869, 5247.543999999999869, 57.639645501532712046, 5247.4729999999999563, 1, 5247.543999999999869, 13.30864102609337607, 5247.543999999999869, 7.2470719558411218486, 5247.543999999999869, 40.651471006115755813, 5247.4729999999999563, 1, 5247.543999999999869, -7.8856822992549195916, 5247.543999999999869, 3.0232287240438786569, 5247.543999999999869, 42.966296516806650629, 5247.4729999999999563, 1, 5247.543999999999869, 6.1931613748510923045, 5247.543999999999869, -10.544643903693424747
5247.5479999999997744, 63.517610307536870096, 5247.4790000000002692, 1, 5247.5479999999997744, -12.09923093988198417, 5247.5479999999997744, -0.99098430180220731245, 5247.5479999999997744, 57.647683526363593387, 5247.4790000000002692, 1, 5247.5479999999997744, 13.31156210657515615, 5247.5479999999997744, 7.2449890042285538527, 5247.5479999999997744, 40.644234005224383566, 5247.4790000000002692, 1, 5247.5479999999997744, -7.8839550097346098312, 5247.5479999999997744, 3.0222947101919217516, 5247.5479999999997744, 42.968757264580425215, 5247.4790000000002692, 1, 5247.5479999999997744, 6.1936582824935904057, 5247.5479999999997744, -10.545902826709907529
5247.5529999999998836, 63.514105243679637169, 5247.4840000000003783, 1, 5247.5529999999998836, -12.096927732375849729, 5247.5529999999998836, -0.99238775074337937099, 5247.5529999999998836, 57.655773971934635824, 5247.4840000000003783, 1, 5247.5529999999998836, 13.314501905059213271, 5247.5529999999998836, 7.2428699435026615561, 5247.5529999999998836, 40.636948489660724704, 5247.4840000000003783, 1, 5247.5529999999998836, -7.8822150303605740262, 5247.5529999999998836, 3.0213213419353799338, 5247.5529999999998836, 42.971157182461858781, 5247.4840000000003783, 1, 5247.5529999999998836, 6.1941423354247175936, 5247.5529999999998836, -10.547193099981543085
5247.5579999999999927, 63.510661823547039262, 5247.488999999999578, 1, 5247.5579999999999927, -12.094637208618241431, 5247.5579999999999927, -0.99383310483639775157, 5247.5579999999999927, 57.663887450956679004, 5247.488999999999578, 1, 5247.5579999999999927, 13.317449163760798569, 5247.5579999999999927, 7.2407238815040599889, 5247.5579999999999927, 40.629640965626833804, 5247.488999999999578, 1, 5247.5579999999999927, -7.8804684339282697891, 5247.5579999999999927, 3.0203140543223945258, 5247.5579999999999927, 42.973492133422737993, 5247.488999999999578, 1, 5247.5579999999999927, 6.194612459914566216, 5247.5579999999999927, -10.54850863821411977
5247.568000000000211, 63.491676142367801106, 5247.4930000000003929, 1, 5247.568000000000211, -12.154089550697454669, 5247.568000000000211, 1.2151967434687769298, 5247.568000000000211, 57.060629524147842062, 5247.4930000000003929, 1, 5247.568000000000211, 13.679515430771346018, 5247.568000000000211, 10.622814196117328578, 5247.568000000000211, 40.474966968634134901, 5247.4930000000003929, 1, 5247.568000000000211, -7.9990106695831242334, 5247.568000000000211, 4.3769146951332622564, 5247.568000000000211, 42.869578110326358455, 5247.4930000000003929, 1, 5247.568000000000211, 6.1338705898614360734, 5247.568000000000211, -11.007669185688749636
5247.568000000000211, 63.488434803686942587, 5247.4979999999995925, 1, 5247.568000000000211, -12.151839149779926075, 5247.568000000000211, 1.2135747917396422224, 5247.568000000000211, 57.068803213196417801, 5247.4979999999995925, 1, 5247.568000000000211, 13.682496619747915645, 5247.568000000000211, 10.62111887183034753, 5247.568000000000211, 40.467733854548328054, 5247.4979999999995925, 1, 5247.568000000000211, -7.997246188924281185, 5247.568000000000211, 4.3756121397631773107, 5247.568000000000211, 42.871758605114223428, 5247.4979999999995925, 1, 5247.568000000000211, 6.1343069351065979689, 5247.568000000000211, -11.009041415528992403
5247.5730000000003201, 63.485276591511791366, 5247.5039999999999054, 1, 5247.5730000000003201, -12.149618649007836169, 5247.5730000000003201, 1.2119342214589536866, 5247.5730000000003201, 57.076921876011290635, 5247.5039999999999054, 1, 5247.5730000000003201, 13.685454899238038706, 5247.5730000000003201, 10.619417966081226012, 5247.5730000000003201, 40.460550073534619742, 5247.5039999999999054, 1, 5247.5730000000003201, -7.9954914774528047516, 5247.5730000000003201, 4.3742923629063774627, 5247.5730000000003201, 42.873864238554062922, 5247.5039999999999054, 1, 5247.5730000000003201, 6.1347268649485569014, 5247.5730000000003201, -11.010421491024635188
5247.5780000000004293, 63.48220693969746975, 5247.5090000000000146, 1, 5247.5780000000004293, -12.147432952285237562, 5247.5780000000004293, 1.2102814176245857425, 5247.5780000000004293, 57.084962243756159239, 5247.5090000000000146, 1, 5247.5780000000004293, 13.688381355827646146, 5247.5780000000004293, 10.617717454709207914, 5247.5780000000004293, 40.453436142022312083, 5247.5090000000000146, 1, 5247.5780000000004293, -7.9937513561782820304, 5247.5780000000004293, 4.3729606421592706056, 5247.5780000000004293, 42.875892629193558037, 5247.5090000000000146, 1, 5247.5780000000004293, 6.1351297169771887852, 5247.5780000000004293, -11.01180439852867643
5247.5879999999997381, 63.479230682643539296, 5247.51299999999992, 1, 5247.5879999999997381, -12.145286567625321439, 5247.5879999999997381, 1.2086224342548774757, 5247.5879999999997381, 57.092902648194367998, 5247.51299999999992, 1, 5247.5879999999997381, 13.691267694446649372, 5247.5879999999997381, 10.616022965488429719, 5247.5879999999997381, 40.446411162044270782, 5247.51299999999992, 1, 5247.5879999999997381, -7.9920303194747939202, 5247.5879999999997381, 4.3716219873587860434, 5247.5879999999997381, 42.877841780693152884, 5247.51299999999992, 1, 5247.5879999999997381, 6.1355149217838675924, 5247.5879999999997381, -11.013185406013496603
5247.5879999999997381, 63.47635207432044524, 5247.5180000000000291, 1, 5247.5879999999997381, -12.14318361536471258, 5247.5879999999997381, 1.2069629937983528123, 5247.5879999999997381, 57.100722999523199519, 5247.5180000000000291, 1, 5247.5879999999997381, 13.694106229446184386, 5247.5879999999997381, 10.614339779830952892, 5247.5879999999997381, 40.439492840950578056, 5247.5180000000000291, 1, 5247.5879999999997381, -7.9903325394042274965, 5247.5879999999997381, 4.3702811396999301508, 5247.5879999999997381, 42.879710065921088358, 5247.5180000000000291, 1, 5247.5879999999997381, 6.1358819994437849843, 5247.5879999999997381, -11.01456006230402096
5247.5929999999998472, 63.473574808073145448, 5247.524000000000342, 1, 5247.5929999999998472, -12.141127837210683893, 5247.5929999999998472, 1.2053084875959818589, 5247.5929999999998472, 57.108404760786520171, 5247.524000000000342, 1, 5247.5929999999998472, 13.696889874541399834, 5247.5929999999998472, 10.612672835502600321, 5247.5929999999998472, 40.432697514268198802, 5247.524000000000342, 1, 5247.5929999999998472, -7.9886618707258101324, 5247.5929999999998472, 4.3689425717381666914, 5247.5929999999998472, 42.881496210732628072, 5247.524000000000342, 1, 5247.5929999999998472, 6.136230555817268062, 5247.5929999999998472, -11.0159241952645921
5247.5979999999999563, 63.470902036962826287, 5247.5280000000002474, 1, 5247.5979999999999563, -12.139122605921528475, 5247.5979999999999563, 1.2036639775011011011, 5247.5979999999999563, 57.115930918334036903, 5247.5280000000002474, 1, 5247.5979999999999563, 13.699612131204016663, 5247.5979999999999563, 10.611026730436638132, 5247.5979999999999563, 40.426040171879066065, 5247.5280000000002474, 1, 5247.5979999999999563, -7.9870218566046693454, 5247.5979999999999563, 4.3676104882883350911, 5247.5979999999999563, 42.883199277749952216, 5247.5280000000002474, 1, 5247.5979999999999563, 6.1365602789486741742, 5247.5979999999999563, -11.017273909422589995
5247.6019999999998618, 63.468336394991993643, 5247.5330000000003565, 1, 5247.6019999999998618, -12.137170935845249531, 5247.6019999999998618, 1.2020341983544327036, 5247.6019999999998618, 57.123285949132750261, 5247.5330000000003565, 1, 5247.6019999999998618, 13.702267075699465337, 5247.6019999999998618, 10.609405727342320347, 5247.6019999999998618, 40.419534486888480274, 5247.5330000000003565, 1, 5247.6019999999998618, -7.9854157352475700904, 5247.6019999999998618, 4.3662888282877716506, 5247.6019999999998618, 42.884818649779859356, 5247.5330000000003565, 1, 5247.6019999999998618, 6.1368709353085284519, 5247.6019999999998618, -11.018605582545687227
5247.6080000000001746, 63.465880018362696546, 5247.5379999999995562, 1, 5247.6080000000001746, -12.13527549363704594, 5247.6080000000001746, 1.200423561463171751, 5247.6080000000001746, 57.130455785175477956, 5247.5379999999995562, 1, 5247.6080000000001746, 13.704849345320889498, 5247.6080000000001746, 10.607813759243551743, 5247.6080000000001746, 40.413192847383484718, 5247.5379999999995562, 1, 5247.6080000000001746, -7.983846446810198394, 5247.6080000000001746, 4.3649812671946150999, 5247.6080000000001746, 42.886354013273589203, 5247.5379999999995562, 1, 5247.6080000000001746, 6.137162365925005858, 5247.6080000000001746, -11.01991586170433024
5247.6130000000002838, 63.478394020613549742, 5247.543999999999869, 1, 5247.6130000000002838, -12.072775451769759414, 5247.6130000000002838, -1.0096266051905651295, 5247.6130000000002838, 57.748012611404718086, 5247.543999999999869, 1, 5247.6130000000002838, 13.347361554258393213, 5247.6130000000002838, 7.2169814993142615833, 5247.6130000000002838, 40.553865794914273124, 5247.543999999999869, 1, 5247.6130000000002838, -7.8623748285725847396, 5247.6130000000002838, 3.0089853565596591523, 5247.6130000000002838, 42.994059584363789384, 5247.543999999999869, 1, 5247.6130000000002838, 6.198720053358750981, 5247.6130000000002838, -10.563405948467702089
5247.6180000000003929, 63.476106075076785373, 5247.5479999999997744, 1, 5247.6180000000003929, -12.071001318561608073, 5247.6180000000003929, -1.0111083589548499617, 5247.6180000000003929, 57.755340660307659562, 5247.5479999999997744, 1, 5247.6180000000003929, 13.349974966859441849, 5247.6180000000003929, 7.2148735712352944915, 5247.6180000000003929, 40.547252606170218314, 5247.5479999999997744, 1, 5247.6180000000003929, -7.8607608302639890852, 5247.6180000000003929, 3.0078112331647268718, 5247.6180000000003929, 42.995572010991644163, 5247.5479999999997744, 1, 5247.6180000000003929, 6.1989988533910400648, 5247.6180000000003929, -10.564772078383752429
5247.6220000000002983, 63.473932088633723936, 5247.5529999999998836, 1, 5247.6220000000002983, -12.069289335401037988, 5247.6220000000002983, -1.0125635763427318636, 5247.6220000000002983, 57.761785160444446774, 5247.5529999999998836, 1, 5247.6220000000002983, 13.352266426839893398, 5247.6220000000002983, 7.2130092161819128194, 5247.6220000000002983, 40.541435680201296066, 5247.5529999999998836, 1, 5247.6220000000002983, -7.8593370232873915882, 5247.6220000000002983, 3.0067610523929886313, 5247.6220000000002983, 42.996863397175488331, 5247.5529999999998836, 1, 5247.6220000000002983, 6.1992329001567743063, 5247.6220000000002983, -10.565984897077608906
5247.6279999999997017, 63.471872538837416755, 5247.5579999999999927, 1, 5247.6279999999997017, -12.067640896483252888, 5247.6279999999997017, -1.0139891036234338628, 5247.6279999999997017, 57.767381978840120382, 5247.5579999999999927, 1, 5247.6279999999997017, 13.354249923732240291, 5247.6279999999997017, 7.2113809022132571158, 5247.6279999999997017, 40.536382891380284832, 5247.5579999999999927, 1, 5247.6279999999997017, -7.8580963317992225114, 5247.6279999999997017, 3.0058335302724472626, 5247.6279999999997017, 42.997951100850997364, 5247.5579999999999927, 1, 5247.6279999999997017, 6.1994261696280590357, 5247.6279999999997017, -10.567048134859994946
5247.6329999999998108, 63.469927506383626792, 5247.5630000000001019, 1, 5247.6329999999998108, -12.066057109690444094, 5247.6329999999998108, -1.015382067980262093, 5247.6329999999998108, 57.773383162553102466, 5247.5630000000001019, 1, 5247.6329999999998108, 13.356369520098070325, 5247.6329999999998108, 7.2096257295346504179, 5247.6329999999998108, 40.530963995706912328, 5247.5630000000001019, 1, 5247.6329999999998108, -7.856761471322547763, 5247.6329999999998108, 3.0048232904202940574, 5247.6329999999998108, 42.999083237114362532, 5247.5630000000001019, 1, 5247.6329999999998108, 6.1996230474667095578, 5247.6329999999998108, -10.56819821448456409
5247.63799999999992, 63.468096697887808944, 5247.568000000000211, 1, 5247.63799999999992, -12.064538809505235051, 5247.63799999999992, -1.0167398705042067775, 5247.63799999999992, 57.779145560097504131, 5247.568000000000211, 1, 5247.63799999999992, 13.358396637530901785, 5247.63799999999992, 7.2079308177647085643, 5247.63799999999992, 40.525759578995462107, 5247.568000000000211, 1, 5247.63799999999992, -7.8554746548368736825, 5247.63799999999992, 3.0038367372716550108, 5247.63799999999992, 43.000134585723017722, 5247.568000000000211, 1, 5247.63799999999992, 6.199800985487963878, 5247.63799999999992, -10.569312999162329803
5247.6440000000002328, 63.466252276427525203, 5247.5730000000003201, 1, 5247.6440000000002328, -12.06389005156062133, 5247.6440000000002328, -1.0164672857881740242, 5247.6440000000002328, 57.785287209810554998, 5247.5730000000003201, 1, 5247.6440000000002328, 13.3600492622017466, 5247.6440000000002328, 7.2062887635942445286, 5247.6440000000002328, 40.52019327507761659, 5247.5730000000003201, 1, 5247.6440000000002328, -7.8541899826639314242, 5247.6440000000002328, 3.0039207019055034209, 5247.6440000000002328, 43.001298421364381852, 5247.5730000000003201, 1, 5247.6440000000002328, 6.2000121450672818213, 5247.6440000000002328, -10.570065146439885595
5247.6480000000001382, 63.450272154338811958, 5247.5780000000004293, 1, 5247.6480000000001382, -12.122350865116056085, 5247.6480000000001382, 1.1886543160711546818, 5247.6480000000001382, 57.180431318130779061, 5247.5780000000004293, 1, 5247.6480000000001382, 13.722603249433925399, 5247.6480000000001382, 10.596368435197202729, 5247.6480000000001382, 40.368992886733259695, 5247.5780000000004293, 1, 5247.6480000000001382, -7.9727609763074118732, 5247.6480000000001382, 4.355277773534488972, 5247.6480000000001382, 42.895747409754768853, 5247.5780000000004293, 1, 5247.6480000000001382, 6.1388174719097996501, 5247.6480000000001382, -11.029413555191919016
5247.6580000000003565, 63.448824131296845508, 5247.5829999999996289, 1, 5247.6580000000003565, -12.12103006755307355, 5247.6580000000003565, 1.1873638124741034972, 5247.6580000000003565, 57.184996614720134289, 5247.5829999999996289, 1, 5247.6580000000003565, 13.72419158765584335, 5247.6580000000003565, 10.59528746415898226, 5247.6580000000003565, 40.364954972332547811, 5247.5829999999996289, 1, 5247.6580000000003565, -7.9717286097082240559, 5247.6580000000003565, 4.3543289839173056066, 5247.6580000000003565, 42.896469341158123711, 5247.5829999999996289, 1, 5247.6580000000003565, 6.1389259203179991076, 5247.6580000000003565, -11.030318823163609565
5247.6580000000003565, 63.447484240392945765, 5247.5879999999997381, 1, 5247.6580000000003565, -12.119775727992635694, 5247.6580000000003565, 1.1861200712985819905, 5247.6580000000003565, 57.189830849302737192, 5247.5879999999997381, 1, 5247.6580000000003565, 13.725863875811597836, 5247.6580000000003565, 10.594134871768801531, 5247.6580000000003565, 40.360679010638165209, 5247.5879999999997381, 1, 5247.6580000000003565, -7.9706298445418157783, 5247.6580000000003565, 4.3533097137469525251, 5247.6580000000003565, 42.897202483480477042, 5247.5879999999997381, 1, 5247.6580000000003565, 6.1390300656009886282, 5247.6580000000003565, -11.031286004262371492
5247.6629999999995562, 63.446250606058434585, 5247.5929999999998472, 1, 5247.6629999999995562, -12.118587509459624485, 5247.6629999999995562, 1.1849243764845560634, 5247.6629999999995562, 57.194408838040175169, 5247.5929999999998472, 1, 5247.6629999999995562, 13.727436721870944325, 5247.6629999999995562, 10.593035019740135283, 5247.6629999999995562, 40.356629474558559423, 5247.5929999999998472, 1, 5247.6629999999995562, -7.9695830717722788705, 5247.6629999999995562, 4.3523289316004536431, 5247.6629999999995562, 42.897863565722801127, 5247.5929999999998472, 1, 5247.6629999999995562, 6.1391170857335355393, 5247.6629999999995562, -11.032210994797473802
5247.6679999999996653, 63.445121118381123893, 5247.5979999999999563, 1, 5247.6679999999996653, -12.117464880320159892, 5247.6679999999996653, 1.1837777798280768593, 5247.6679999999996653, 57.198730481964709327, 5247.5979999999999563, 1, 5247.6679999999996653, 13.728910137496564303, 5247.6679999999996653, 10.591988527644275564, 5247.6679999999996653, 40.352806423010164849, 5247.5979999999999563, 1, 5247.6679999999996653, -7.9685883601998463988, 5247.6679999999996653, 4.3513875613558141708, 5247.6679999999996653, 42.898454670999285554, 5247.5979999999999563, 1, 5247.6679999999996653, 6.1391874270800714797, 5247.6679999999996653, -11.033093176198637053
5247.6739999999999782, 63.44399800789133792, 5247.6030000000000655, 1, 5247.6739999999999782, -12.116306059136691786, 5247.6739999999999782, 1.1825751437389442344, 5247.6739999999999782, 57.203184465808924131, 5247.6030000000000655, 1, 5247.6739999999999782, 13.730414656807196749, 5247.6739999999999782, 10.590900488759189102, 5247.6739999999999782, 40.348865932674442547, 5247.6030000000000655, 1, 5247.6739999999999782, -7.96755512521811049, 5247.6739999999999782, 4.3503992014068764149, 5247.6739999999999782, 42.899025479120560078, 5247.6030000000000655, 1, 5247.6739999999999782, 6.1392458179771178806, 5247.6739999999999782, -11.034012809590491244
5247.6850000000004002, 63.45697182041474349, 5247.6080000000001746, 1, 5247.6850000000004002, -12.056295896269206835, 5247.6850000000004002, -1.0227253620562564151, 5247.6850000000004002, 57.817160153371844444, 5247.6080000000001746, 1, 5247.6850000000004002, 13.370384572381672328, 5247.6850000000004002, 7.1969805257215924144, 5247.6850000000004002, 40.491319171903484175, 5247.6080000000001746, 1, 5247.6850000000004002, -7.8469773764716821418, 5247.6850000000004002, 2.9994139101423797911, 5247.6850000000004002, 43.006170805530587131, 5247.6080000000001746, 1, 5247.6850000000004002, 6.2006734090763879763, 5247.6850000000004002, -10.57587580297964891
5247.6850000000004002, 63.456283715006279067, 5247.6130000000002838, 1, 5247.6850000000004002, -12.055555244197600828, 5247.6850000000004002, -1.0234953594397140364, 5247.6850000000004002, 57.819954161949937088, 5247.6130000000002838, 1, 5247.6850000000004002, 13.37130457248878912, 5247.6850000000004002, 7.1961096243070414857, 5247.6850000000004002, 40.488788290206457532, 5247.6130000000002838, 1, 5247.6850000000004002, -7.8463157440305550949, 5247.6850000000004002, 2.998844755568846665, 5247.6850000000004002, 43.006489523691961097, 5247.6130000000002838, 1, 5247.6850000000004002, 6.2006916525709296906, 5247.6850000000004002, -10.576471510512991614
5247.694999999999709, 63.441532484540786641, 5247.6180000000003929, 1, 5247.694999999999709, -12.113533896895546604, 5247.694999999999709, 1.1796076041882415097, 5247.694999999999709, 57.213781657638868694, 5247.6180000000003929, 1, 5247.694999999999709, 13.733917402974055832, 5247.694999999999709, 10.588264729783723794, 5247.694999999999709, 40.339488189239219196, 5247.6180000000003929, 1, 5247.694999999999709, -7.9650527388000682549, 5247.694999999999709, 4.3479556165825457015, 5247.694999999999709, 42.900190721076405964, 5247.6180000000003929, 1, 5247.694999999999709, 6.1393110000919550728, 5247.694999999999709, -11.036253020679554382
5247.694999999999709, 63.440713990467550332, 5247.6229999999995925, 1, 5247.694999999999709, -12.112498137577663471, 5247.694999999999709, 1.1784603337773766896, 5247.694999999999709, 57.217704777205184996, 5247.6229999999995925, 1, 5247.694999999999709, 13.735176266794608679, 5247.694999999999709, 10.587267913171135802, 5247.694999999999709, 40.33601527391450503, 5247.6229999999995925, 1, 5247.694999999999709, -7.9641047339380151016, 5247.694999999999709, 4.3470088470790919644, 5247.694999999999709, 42.900534512709675994, 5247.6229999999995925, 1, 5247.694999999999709, 6.1393003269714716552, 5247.694999999999709, -11.037105926052506177
5247.6999999999998181, 63.440188624228213143, 5247.6289999999999054, 1, 5247.6999999999998181, -12.111771770315829855, 5247.6999999999998181, 1.1776390651953612121, 5247.6999999999998181, 57.220434698059563061, 5247.6289999999999054, 1, 5247.6999999999998181, 13.736033253416831457, 5247.6999999999998181, 10.586564583844200627, 5247.6999999999998181, 40.333597960070378008, 5247.6289999999999054, 1, 5247.6999999999998181, -7.9634342494975136617, 5247.6999999999998181, 4.3463301970171457356, 5247.6999999999998181, 42.900732847752671262, 5247.6289999999999054, 1, 5247.6999999999998181, 6.1392760616290935616, 5247.6999999999998181, -11.037710376309508575
5247.7049999999999272, 63.439746407804790351, 5247.6329999999998108, 1, 5247.7049999999999272, -12.111102239317224516, 5247.7049999999999272, 1.1768684574066234916, 5247.7049999999999272, 57.222930339590099891, 5247.6329999999998108, 1, 5247.7049999999999272, 13.736799637293906073, 5247.7049999999999272, 10.585913364518713564, 5247.7049999999999272, 40.331387472108460202, 5247.6329999999998108, 1, 5247.7049999999999272, -7.962811617621293081, 5247.7049999999999272, 4.3456926584419655057, 5247.7049999999999272, 42.900879027092450713, 5247.6329999999998108, 1, 5247.7049999999999272, 6.1392390852910381227, 5247.7049999999999272, -11.038272333222653998
5247.7100000000000364, 63.43938401381127079, 5247.63799999999992, 1, 5247.7100000000000364, -12.110487869127544158, 5247.7100000000000364, 1.1761480167216440407, 5247.7100000000000364, 57.225197117703110905, 5247.63799999999992, 1, 5247.7100000000000364, 13.737477542990212953, 5247.7100000000000364, 10.585313439998589757, 5247.7100000000000364, 40.329379009229270991, 5247.63799999999992, 1, 5247.7100000000000364, -7.9622357640174401539, 5247.7100000000000364, 4.3450958769506371482, 5247.7100000000000364, 42.900975633364680561, 5247.63799999999992, 1, 5247.7100000000000364, 6.139189987406767024, 5247.7100000000000364, -11.038792385599169421
5247.7160000000003492, 63.439074856446310946, 5247.6440000000002328, 1, 5247.7160000000003492, -12.109874615227267824, 5247.7160000000003492, 1.1754136130317789366, 5247.7160000000003492, 57.227429265328837005, 5247.6440000000002328, 1, 5247.7160000000003492, 13.738122253029096953, 5247.7160000000003492, 10.584712549992467245, 5247.7160000000003492, 40.327400342238490794, 5247.6440000000002328, 1, 5247.7160000000003492, -7.9616557728851571341, 5247.7160000000003492, 4.3444866579218555103, 5247.7160000000003492, 42.901026928307949504, 5247.6440000000002328, 1, 5247.7160000000003492, 6.139122489500207891, 5247.7160000000003492, -11.039316132469593867
5247.7190000000000509, 63.452506537367582951, 5247.649000000000342, 1, 5247.7190000000000509, -12.051146378409953286, 5247.7190000000000509, -1.0276347379698194118, 5247.7190000000000509, 57.838777848168383855, 5247.649000000000342, 1, 5247.7190000000000509, 13.376697531428474619, 5247.7190000000000509, 7.1903624566371107107, 5247.7190000000000509, 40.47163650113389366, 5247.649000000000342, 1, 5247.7190000000000509, -7.841689986342901264, 5247.7190000000000509, 2.9957394134881099035, 5247.7190000000000509, 43.007867794964667496, 5247.649000000000342, 1, 5247.7190000000000509, 6.200485528077540387, 5247.7190000000000509, -10.580154130714053196
5247.7240000000001601, 63.452349696159885184, 5247.6530000000002474, 1, 5247.7240000000001601, -12.050825075485288806, 5247.7240000000001601, -1.0279413897859299709, 5247.7240000000001601, 57.840200900751753466, 5247.6530000000002474, 1, 5247.7240000000001601, 13.377024434405075937, 5247.7240000000001601, 7.1899193996307815269, 5247.7240000000001601, 40.470328702477729621, 5247.6530000000002474, 1, 5247.7240000000001601, -7.8413066466644858465, 5247.7240000000001601, 2.9955042603809687307, 5247.7240000000001601, 43.007854341724772951, 5247.6530000000002474, 1, 5247.7240000000001601, 6.2004179026634247407, 5247.7240000000001601, -10.580434026509752954
5247.7290000000002692, 63.438664136435541252, 5247.6589999999996508, 1, 5247.7290000000002692, -12.108545836594649003, 5247.7290000000002692, 1.1737535083605870057, 5247.7290000000002692, 57.232098138057509118, 5247.6589999999996508, 1, 5247.7290000000002692, 13.739352300128595985, 5247.7290000000002692, 10.583406363129434169, 5247.7290000000002692, 40.323256878700966865, 5247.6589999999996508, 1, 5247.7290000000002692, -7.9603756755975485504, 5247.7290000000002692, 4.3431054481786794952, 5247.7290000000002692, 42.900918135519887642, 5247.6589999999996508, 1, 5247.7290000000002692, 6.1388842957761404762, 5247.7290000000002692, -11.040468764577056504
5247.7349999999996726, 63.438649162319613595, 5247.6629999999995562, 1, 5247.7349999999996726, -12.108179628751903678, 5247.7349999999996726, 1.173272091577175047, 5247.7349999999996726, 57.233315462867807355, 5247.6629999999995562, 1, 5247.7349999999996726, 13.739624877996785557, 5247.7349999999996726, 10.583046800324495962, 5247.7349999999996726, 40.322174543470651997, 5247.6629999999995562, 1, 5247.7349999999996726, -7.9600147501440945419, 5247.7349999999996726, 4.3427034619013298311, 5247.7349999999996726, 42.90080565397471446, 5247.6629999999995562, 1, 5247.7349999999996726, 6.138783529136504491, 5247.7349999999996726, -11.040791451937199241
5247.7399999999997817, 63.438693167943469575, 5247.6679999999996653, 1, 5247.7399999999997817, -12.107857160516186212, 5247.7399999999997817, 1.1728353711246093383, 5247.7399999999997817, 57.234344007562938828, 5247.6679999999996653, 1, 5247.7399999999997817, 13.739824615825739329, 5247.7399999999997817, 10.582731446704201517, 5247.7399999999997817, 40.321258755166134335, 5247.6679999999996653, 1, 5247.7399999999997817, -7.9596925679109293839, 5247.7399999999997817, 4.3423380120871257759, 5247.7399999999997817, 42.900659005207387509, 5247.6679999999996653, 1, 5247.7399999999997817, 6.1386742079132190497, 5247.7399999999997817, -11.041077651388711445
5247.7449999999998909, 63.438792654329283494, 5247.6739999999999782, 1, 5247.7449999999998909, -12.107576388733269468, 5247.7449999999998909, 1.1724421054317737401, 5247.7449999999998909, 57.235191337543859902, 5247.6739999999999782, 1, 5247.7449999999998909, 13.739954455480084761, 5247.7449999999998909, 10.582458844166428236, 5247.7449999999998909, 40.320502823637689005, 5247.6739999999999782, 1, 5247.7449999999998909, -7.9594076026240072608, 5247.7449999999998909, 4.3420081183955758775, 5247.7449999999998909, 42.900480670935394301, 5247.6739999999999782, 1, 5247.7449999999998909, 6.1385569138837690062, 5247.7449999999998909, -11.041328506969129819
5247.75, 63.438944145643844763, 5247.6779999999998836, 1, 5247.75, -12.107335253043055801, 5247.75, 1.1720909826890313354, 5247.75, 57.235865171240568827, 5247.6779999999998836, 1, 5247.75, 13.740017396353501056, 5247.75, 10.582227479039936213, 5247.75, 40.319899924740596475, 5247.6779999999998836, 1, 5247.75, -7.9591582950483852343, 5247.75, 4.3417127410176945546, 5247.75, 42.900273091006091875, 5247.6779999999998836, 1, 5247.75, 6.1384322208743755667, 5247.75, -11.041545212175186919
5247.7550000000001091, 63.439144199223747478, 5247.6850000000004002, 1, 5247.7550000000001091, -12.107131683810163025, 5247.7550000000001091, 1.1717806291477153025, 5247.7550000000001091, 57.236373346126285355, 5247.6850000000004002, 1, 5247.7550000000001091, 13.740016482183508018, 5247.7550000000001091, 10.582035790223589089, 5247.7550000000001091, 40.3194431304055243, 5247.6850000000004002, 1, 5247.7550000000001091, -7.9589430599416681744, 5247.7550000000001091, 4.3414507873836925, 5247.7550000000001091, 42.900038658025096083, 5247.6850000000004002, 1, 5247.7550000000001091, 6.1383006933423347462, 5247.7550000000001091, -11.041729003121622199
5247.7600000000002183, 63.439389414618105434, 5247.6880000000001019, 1, 5247.7600000000002183, -12.106963609108168711, 5247.7600000000002183, 1.1715096172385486284, 5247.7600000000002183, 57.236723786101848077, 5247.6880000000001019, 1, 5247.7600000000002183, 13.739954788554172183, 5247.7600000000002183, 10.581882177200657935, 5247.7600000000002183, 40.319125437169638815, 5247.6880000000001019, 1, 5247.7600000000002183, -7.9587602927547065335, 5247.7600000000002183, 4.3412211189456897387, 5247.7600000000002183, 42.899779712315627478, 5247.6880000000001019, 1, 5247.7600000000002183, 6.1381628850386658058, 5247.7600000000002183, -11.041881152041099767
5247.7700000000004366, 63.439676442220942931, 5247.693000000000211, 1, 5247.7700000000004366, -12.106828961804582789, 5247.7700000000004366, 1.1712764733579668075, 5247.7700000000004366, 57.236924470986352276, 5247.693000000000211, 1, 5247.7700000000004366, 13.739835411208424887, 5247.7700000000004366, 10.581765007455153693, 5247.7700000000004366, 40.318939793376245007, 5247.693000000000211, 1, 5247.7700000000004366, -7.958608375991667927, 5247.7700000000004366, 4.3410225575011267551, 5247.7700000000004366, 42.899498537719978231, 5247.693000000000211, 1, 5247.7700000000004366, 6.138019338023867455, 5247.7700000000004366, -11.042002961104818937
5247.7700000000004366, 63.440001991067347831, 5247.6980000000003201, 1, 5247.7700000000004366, -12.106725685830213024, 5247.7700000000004366, 1.1710796854578440218, 5247.7700000000004366, 57.236983407018968251, 5247.6980000000003201, 1, 5247.7700000000004366, 13.739661454587215772, 5247.7700000000004366, 10.581682623718645431, 5247.7700000000004366, 40.318879124953738824, 5247.6980000000003201, 1, 5247.7700000000004366, -7.9584856852197907173, 5247.7700000000004366, 4.3408538913758825117, 5247.7700000000004366, 42.899197357179730261, 5247.6980000000003201, 1, 5247.7700000000004366, 6.1378705813814278258, 5247.7700000000004366, -11.042095756307690024
5247.7749999999996362, 63.440362836096610977, 5247.7030000000004293, 1, 5247.7749999999996362, -12.106651742209756151, 5247.7749999999996362, 1.1709177101199266247, 5247.7749999999996362, 57.236908599276091536, 5247.7030000000004293, 1, 5247.7749999999996362, 13.739436021373975905, 5247.7749999999996362, 10.581633350905768509, 5247.7749999999996362, 40.31893635973880663, 5247.7030000000004293, 1, 5247.7749999999996362, -7.9583905947295416894, 5247.7749999999996362, 4.3407138813415677703, 5247.7749999999996362, 42.898878329328923087, 5247.7030000000004293, 1, 5247.7749999999996362, 6.1377171304558668652, 5247.7749999999996362, -11.042160881732126398
5247.7849999999998545, 63.440714727156304775, 5247.7079999999996289, 1, 5247.7849999999998545, -12.106608222337831293, 5247.7849999999998545, 1.1707999243310212023, 5247.7849999999998545, 57.236708025804610145, 5247.7079999999996289, 1, 5247.7849999999998545, 13.739162202459993978, 5247.7849999999998545, 10.581615502495676395, 5247.7849999999998545, 40.319104450429335884, 5247.7079999999996289, 1, 5247.7849999999998545, -7.9583214829458972517, 5247.7849999999998545, 4.3406012663278978891, 5247.7849999999998545, 42.898543545314289815, 5247.7079999999996289, 1, 5247.7849999999998545, 6.1375594858795619047, 5247.7849999999998545, -11.042199694183221226
5247.7860000000000582, 63.441134938052691439, 5247.7150000000001455, 1, 5247.7860000000000582, -12.106585293314319429, 5247.7860000000000582, 1.1707007898982624283, 5247.7860000000000582, 57.236389612959087003, 5247.7150000000001455, 1, 5247.7860000000000582, 13.738843067544312504, 5247.7860000000000582, 10.581627386889717712, 5247.7860000000000582, 40.319376396195302448, 5247.7150000000001455, 1, 5247.7860000000000582, -7.9582767374634153512, 5247.7860000000000582, 4.3405147687182967786, 5247.7860000000000582, 42.898195025786421297, 5247.7150000000001455, 1, 5247.7860000000000582, 6.1373981327867337399, 5247.7860000000000582, -11.04221355792482484
5247.7950000000000728, 63.441626019793204705, 5247.7179999999998472, 1, 5247.7950000000000728, -12.106585887849151462, 5247.7950000000000728, 1.1706248978251458936, 5247.7950000000000728, 57.235961212683605481, 5247.7179999999998472, 1, 5247.7950000000000728, 13.738481656352147908, 5247.7950000000000728, 10.581667313170505906, 5247.7950000000000728, 40.319745262785104956, 5247.7179999999998472, 1, 5247.7950000000000728, -7.9582547598206749839, 5247.7950000000000728, 4.3404530995246162206, 5247.7950000000000728, 42.897834718747503757, 5247.7179999999998472, 1, 5247.7950000000000728, 6.1372335402787463465, 5247.7950000000000728, -11.042203839810659005
5247.7950000000000728, 63.442097334256402519, 5247.7240000000001601, 1, 5247.7950000000000728, -12.106609414623550336, 5247.7950000000000728, 1.17058634631602132, 5247.7950000000000728, 57.235430581255201332, 5247.7240000000001601, 1, 5247.7950000000000728, 13.738080970565409444, 5247.7950000000000728, 10.581733596596642144, 5247.7950000000000728, 40.320204201044319348, 5247.7240000000001601, 1, 5247.7950000000000728, -7.958253969769410574, 5247.7950000000000728, 4.3404149634220026144, 5247.7950000000000728, 42.897464497324733657, 5247.7240000000001601, 1, 5247.7950000000000728, 6.1370661607729832809, 5247.7950000000000728, -11.042171904675322835
5247.8000000000001819, 63.442589017220150538, 5247.7280000000000655, 1, 5247.8000000000001819, -12.106652518445519817, 5247.8000000000001819, 1.170574650068996192, 5247.8000000000001819, 57.234805359395807045, 5247.7280000000000655, 1, 5247.8000000000001819, 13.737643966112566218, 5247.8000000000001819, 10.581824563862543442, 5247.8000000000001819, 40.320746464683708155, 5247.7280000000000655, 1, 5247.8000000000001819, -7.9582728094932191354, 5247.8000000000001819, 4.3403990630756652536, 5247.8000000000001819, 42.897086158157065938, 5247.7280000000000655, 1, 5247.8000000000001819, 6.1368964294421513017, 5247.8000000000001819, -11.042119110927249181
5247.8109999999996944, 63.443202692232517848, 5247.7330000000001746, 1, 5247.8109999999996944, -12.106728132797357489, 5247.8109999999996944, 1.1705947480411325046, 5247.8109999999996944, 57.233937663025997722, 5247.7330000000001746, 1, 5247.8109999999996944, 13.737074503741197873, 5247.8109999999996944, 10.581964817847573812, 5247.8109999999996944, 40.321639339018766179, 5247.7330000000001746, 1, 5247.8109999999996944, -7.9583307458764496189, 5247.8109999999996944, 4.3404134810727157401, 5247.8109999999996944, 42.896545718639785605, 5247.7330000000001746, 1, 5247.8109999999996944, 6.1366555176800767768, 5247.8109999999996944, -11.042011073927913145
5247.8159999999998035, 63.443782432629369339, 5247.7380000000002838, 1, 5247.8159999999998035, -12.106815866681152727, 5247.8159999999998035, 1.1706406652154583981, 5247.8159999999998035, 57.233050001653175798, 5247.7380000000002838, 1, 5247.8159999999998035, 13.736517118457721054, 5247.8159999999998035, 10.582118197037075902, 5247.8159999999998035, 40.322421384727569205, 5247.7380000000002838, 1, 5247.8159999999998035, -7.9583953071751674102, 5247.8159999999998035, 4.3404474933727286157, 5247.8159999999998035, 42.896115965875011966, 5247.7380000000002838, 1, 5247.8159999999998035, 6.1364645423614572195, 5247.8159999999998035, -11.041905247071730045
5247.8159999999998035, 63.444268328920216504, 5247.7430000000003929, 1, 5247.8159999999998035, -12.106900982681382928, 5247.8159999999998035, 1.1706991457892534925, 5247.8159999999998035, 57.23225545723150276, 5247.7430000000003929, 1, 5247.8159999999998035, 13.736034920687544059, 5247.8159999999998035, 10.582262370640695082, 5247.8159999999998035, 40.322965331548971335, 5247.7430000000003929, 1, 5247.8159999999998035, -7.9584473626051366324, 5247.8159999999998035, 4.3404825734849694641, 5247.8159999999998035, 42.895840435868372253, 5247.7430000000003929, 1, 5247.8159999999998035, 6.1363422344805815811, 5247.8159999999998035, -11.041825604601415378
5247.8260000000000218, 63.44481711888452935, 5247.7479999999995925, 1, 5247.8260000000000218, -12.107006885353120751, 5247.8260000000000218, 1.1707829361609327634, 5247.8260000000000218, 57.231313085057550438, 5247.7479999999995925, 1, 5247.8260000000000218, 13.735476357200822051, 5247.8260000000000218, 10.582439180898493447, 5247.8260000000000218, 40.323786826606266231, 5247.7479999999995925, 1, 5247.8260000000000218, -7.9585322868344112734, 5247.8260000000000218, 4.3405460258982913047, 5247.8260000000000218, 42.895445848866856409, 5247.7479999999995925, 1, 5247.8260000000000218, 6.136166975995740458, 5247.8260000000000218, -11.041699735282513473
5247.8260000000000218, 63.44537329006018922, 5247.7529999999997017, 1, 5247.8260000000000218, -12.107123398501657974, 5247.8260000000000218, 1.1708854330596309978, 5247.8260000000000218, 57.230313347651033951, 5247.7529999999997017, 1, 5247.8260000000000218, 13.734895862539817202, 5247.8260000000000218, 10.582632330165875345, 5247.8260000000000218, 40.324658789277584958, 5247.7529999999997017, 1, 5247.8260000000000218, -7.9586292350825171837, 5247.8260000000000218, 4.3406250965335964054, 5247.8260000000000218, 42.895051214345748747, 5247.7529999999997017, 1, 5247.8260000000000218, 6.1359913393519667224, 5247.8260000000000218, -11.041559820927965063
5247.831000000000131, 63.445934672238358587, 5247.7579999999998108, 1, 5247.831000000000131, -12.107248970067848504, 5247.831000000000131, 1.171005137396107898, 5247.831000000000131, 57.229262819357145986, 5247.7579999999998108, 1, 5247.831000000000131, 13.734295975315450988, 5247.831000000000131, 10.582840310649427096, 5247.831000000000131, 40.325575418292274321, 5247.7579999999998108, 1, 5247.831000000000131, -7.9587368612113955635, 5247.831000000000131, 4.3407185638936738314, 5247.831000000000131, 42.8946578367183875, 5247.7579999999998108, 1, 5247.831000000000131, 6.135815647121606986, 5247.831000000000131, -11.041407099537703829
5247.8360000000002401, 63.446499203658937915, 5247.76299999999992, 1, 5247.8360000000002401, -12.107382108179953306, 5247.8360000000002401, 1.1711405807751447128, 5247.8360000000002401, 57.22816785975944498, 5247.76299999999992, 1, 5247.8360000000002401, 13.733679150503668609, 5247.8360000000002401, 10.583061653401944824, 5247.8360000000002401, 40.32653110245165351, 5247.76299999999992, 1, 5247.8360000000002401, -7.9588538621309767862, 5247.8360000000002401, 4.34082523023355904, 5247.8360000000002401, 42.894266940910931396, 5247.76299999999992, 1, 5247.8360000000002401, 6.1356402034557522285, 5247.8360000000002401, -11.041242779253860107
5247.8459999999995489, 63.460365390149178211, 5247.7680000000000291, 1, 5247.8459999999995489, -12.050646744902186569, 5247.8459999999995489, -1.0285820596013479644, 5247.8459999999995489, 57.836464597736060966, 5247.7680000000000291, 1, 5247.8459999999995489, 13.370820544122013374, 5247.8459999999995489, 7.1903228584732516993, 5247.8459999999995489, 40.473062385568724153, 5247.7680000000000291, 1, 5247.8459999999995489, -7.8396813994382119617, 5247.8459999999995489, 2.9947722953849229555, 5247.8459999999995489, 43.001004719904713625, 5247.7680000000000291, 1, 5247.8459999999995489, 6.197059905668185209, 5247.8459999999995489, -10.580362600685147001
5247.8459999999995489, 63.460935897433571995, 5247.7730000000001382, 1, 5247.8459999999995489, -12.050790276841956583, 5247.8459999999995489, -1.0284390899064099756, 5247.8459999999995489, 57.835194024160962556, 5247.7730000000001382, 1, 5247.8459999999995489, 13.370119668061342111, 5247.8459999999995489, 7.1906670262757224066, 5247.8459999999995489, 40.474188282905799952, 5247.7730000000001382, 1, 5247.8459999999995489, -7.8398237425136043655, 5247.8459999999995489, 2.994878121305792007, 5247.8459999999995489, 43.000582415216392462, 5247.7730000000001382, 1, 5247.8459999999995489, 6.1968678559864116551, 5247.8459999999995489, -10.580164079753135553
5247.850999999999658, 63.461504426501122111, 5247.7780000000002474, 1, 5247.850999999999658, -12.050937275354842271, 5247.850999999999658, -1.0282844977173866141, 5247.850999999999658, 57.834013038039920218, 5247.7780000000002474, 1, 5247.850999999999658, 13.369472672830893245, 5247.850999999999658, 7.1909905972037364563, 5247.850999999999658, 40.475235339672963164, 5247.7780000000002474, 1, 5247.850999999999658, -7.839958759806088473, 5247.850999999999658, 2.9949832668561739979, 5247.850999999999658, 43.000204147493036544, 5247.7780000000002474, 1, 5247.850999999999658, 6.1966943367472762105, 5247.850999999999658, -10.579975424351866664
5247.8569999999999709, 63.46201310210756219, 5247.7830000000003565, 1, 5247.8569999999999709, -12.051071495589701144, 5247.8569999999999709, -1.0281366093476478341, 5247.8569999999999709, 57.833052695912506636, 5247.7830000000003565, 1, 5247.8569999999999709, 13.368949194201412922, 5247.8569999999999709, 7.1912562956540355685, 5247.8569999999999709, 40.476087119373950429, 5247.7830000000003565, 1, 5247.8569999999999709, -7.8400701845747944319, 5247.8569999999999709, 2.9950734064766493248, 5247.8569999999999709, 42.999906406066976672, 5247.7830000000003565, 1, 5247.8569999999999709, 6.1965564865586735266, 5247.8569999999999709, -10.579819141905510094
5247.8659999999999854, 63.462517521460526382, 5247.7879999999995562, 1, 5247.8659999999999854, -12.051206696287170672, 5247.8659999999999854, -1.0279809430987860708, 5247.8659999999999854, 57.831959860664099438, 5247.7879999999995562, 1, 5247.8659999999999854, 13.368355595635447841, 5247.8659999999999854, 7.1915612067418805964, 5247.8659999999999854, 40.4770567159955732, 5247.7879999999995562, 1, 5247.8659999999999854, -7.8401983191766193571, 5247.8659999999999854, 2.9951804435125382042, 5247.8659999999999854, 42.99954111570793458, 5247.7879999999995562, 1, 5247.8659999999999854, 6.1963855814597934568, 5247.8659999999999854, -10.579618044018507916
5247.8710000000000946, 63.463126847386519103, 5247.7929999999996653, 1, 5247.8710000000000946, -12.051371999137098001, 5247.8710000000000946, -1.027781801417674501, 5247.8710000000000946, 57.830611714523080025, 5247.7929999999996653, 1, 5247.8710000000000946, 13.367625439212899252, 5247.8710000000000946, 7.1919407879748540324, 5247.8710000000000946, 40.478253182597619286, 5247.7929999999996653, 1, 5247.8710000000000946, -7.8403578008137442268, 5247.8710000000000946, 2.9953183021452645107, 5247.8710000000000946, 42.999148226756354063, 5247.7929999999996653, 1, 5247.8710000000000946, 6.1961994518103216123, 5247.8710000000000946, -10.579391091602227348
5247.8710000000000946, 63.463726911216838289, 5247.7979999999997744, 1, 5247.8710000000000946, -12.051536130525125401, 5247.8710000000000946, -1.0275745240809968095, 5247.8710000000000946, 57.829255727534231823, 5247.7979999999997744, 1, 5247.8710000000000946, 13.366892419839695449, 5247.8710000000000946, 7.1923260760116178858, 5247.8710000000000946, 40.479456904216846169, 5247.7979999999997744, 1, 5247.8710000000000946, -7.8405192233777762922, 5247.8710000000000946, 2.9954626834580722061, 5247.8710000000000946, 42.998800473072876116, 5247.7979999999997744, 1, 5247.8710000000000946, 6.1960322464724306712, 5247.8710000000000946, -10.579180206781728657
5247.8760000000002037, 63.46426259638674594, 5247.8029999999998836, 1, 5247.8760000000002037, -12.051683170793120681, 5247.8760000000002037, -1.0273799236879987973, 5247.8760000000002037, 57.828020807973985029, 5247.8029999999998836, 1, 5247.8760000000002037, 13.366225327809535983, 5247.8760000000002037, 7.1926800099856045279, 5247.8760000000002037, 40.480553354736869665, 5247.8029999999998836, 1, 5247.8760000000002037, -7.8406667196245551921, 5247.8760000000002037, 2.9955989657268524695, 5247.8760000000002037, 42.998462222338488914, 5247.8029999999998836, 1, 5247.8760000000002037, 6.195867092948449617, 5247.8760000000002037, -10.578965990456110191
5247.8810000000003129, 63.464759760417067014, 5247.8079999999999927, 1, 5247.8810000000003129, -12.051985912061441653, 5247.8810000000003129, -1.0270547705240673508, 5247.8810000000003129, 57.826741821957270417, 5247.8079999999999927, 1, 5247.8810000000003129, 13.365725620138659835, 5247.8810000000003129, 7.1930994691588843182, 5247.8810000000003129, 40.48162941483407451, 5247.8079999999999927, 1, 5247.8810000000003129, -7.8408710153116070174, 5247.8810000000003129, 2.9958399129979405018, 5247.8810000000003129, 42.998146351936640031, 5247.8079999999999927, 1, 5247.8810000000003129, 6.1957615702444712724, 5247.8810000000003129, -10.578665646440247983
5247.8850000000002183, 63.465273556437828972, 5247.8130000000001019, 1, 5247.8850000000002183, -12.052126095766894309, 5247.8850000000002183, -1.0268518186513162505, 5247.8850000000002183, 57.825515346579450693, 5247.8130000000001019, 1, 5247.8850000000002183, 13.365062022206398495, 5247.8850000000002183, 7.1934563778396487521, 5247.8850000000002183, 40.482718576374466579, 5247.8130000000001019, 1, 5247.8850000000002183, -7.8410173175884301244, 5247.8850000000002183, 2.995983257251033649, 5247.8850000000002183, 42.99782875501087176, 5247.8130000000001019, 1, 5247.8850000000002183, 6.195600949875247565, 5247.8850000000002183, -10.578447304665223427
5247.8959999999997308, 63.46577493593422048, 5247.818000000000211, 1, 5247.8959999999997308, -12.052261629185748504, 5247.8959999999997308, -1.0266461510803246426, 5247.8959999999997308, 57.82429867240979604, 5247.818000000000211, 1, 5247.8959999999997308, 13.364402315657196496, 5247.8959999999997308, 7.1938130217502340713, 5247.8959999999997308, 40.483799063175673894, 5247.818000000000211, 1, 5247.8959999999997308, -7.8411618671523068969, 5247.8959999999997308, 2.9961290531730924158, 5247.8959999999997308, 42.997522180552060433, 5247.818000000000211, 1, 5247.8959999999997308, 6.1954427804580269878, 5247.8959999999997308, -10.578228084426966049
5247.8959999999997308, 63.4662630446566709, 5247.8230000000003201, 1, 5247.8959999999997308, -12.052391779619997081, 5247.8959999999997308, -1.0264386786261532336, 5247.8959999999997308, 57.823095195369702992, 5247.8230000000003201, 1, 5247.8959999999997308, 13.363747804036206546, 5247.8959999999997308, 7.1941683222294550148, 5247.8959999999997308, 40.484867813074636445, 5247.8230000000003201, 1, 5247.8959999999997308, -7.8413039599594682727, 5247.8959999999997308, 2.996276626046736169, 5247.8959999999997308, 42.997227010169808636, 5247.8230000000003201, 1, 5247.8959999999997308, 6.1952871650135667991, 5247.8959999999997308, -10.578008719295592499
5247.9009999999998399, 63.466737120500241076, 5247.8280000000004293, 1, 5247.9009999999998399, -12.052515874139558605, 5247.9009999999998399, -1.0262302650649246516, 5247.9009999999998399, 57.821908071868342915, 5247.8280000000004293, 1, 5247.9009999999998399, 13.363099698573741136, 5247.9009999999998399, 7.1945212675643936961, 5247.9009999999998399, 40.485921979209109622, 5247.8280000000004293, 1, 5247.9009999999998399, -7.8414429406064600769, 5247.9009999999998399, 2.9964253346356954921, 5247.9009999999998399, 42.996943566764571187, 5247.8280000000004293, 1, 5247.9009999999998399, 6.195134192474368362, 5247.9009999999998399, -10.577789900683184143
5247.9059999999999491, 63.467196490478805515, 5247.8329999999996289, 1, 5247.9059999999999491, -12.052633298221806513, 5247.9059999999999491, -1.0260217270762659325, 5247.9059999999999491, 57.820740222537793329, 5247.8329999999996289, 1, 5247.9059999999999491, 13.362459119669543028, 5247.9059999999999491, 7.1948709124102521173, 5247.9059999999999491, 40.48695892701010024, 5247.8329999999996289, 1, 5247.9059999999999491, -7.8415782018512860674, 5247.9059999999999491, 2.9965745711553921637, 5247.9059999999999491, 42.996672117016700554, 5247.8329999999996289, 1, 5247.9059999999999491, 6.1949839380914522025, 5247.9059999999999491, -10.577572278169187214
5247.9110000000000582, 63.467597099715177933, 5247.8379999999997381, 1, 5247.9110000000000582, -12.052732930128261302, 5247.9110000000000582, -1.0258345540054492062, 5247.9110000000000582, 57.81970750133001502, 5247.8379999999997381, 1, 5247.9110000000000582, 13.361889746567943149, 5247.9110000000000582, 7.1951821163361380229, 5247.9110000000000582, 40.48787577406046978, 5247.8379999999997381, 1, 5247.9110000000000582, -7.8416963642438091142, 5247.9110000000000582, 2.9967088682515594655, 5247.9110000000000582, 42.996438058234296875, 5247.8379999999997381, 1, 5247.9110000000000582, 6.1948510423798275326, 5247.9110000000000582, -10.577377909070634132
5247.9160000000001673, 63.468026448060939515, 5247.8429999999998472, 1, 5247.9160000000001673, -12.052835926148514289, 5247.9160000000001673, -1.0256279170442255122, 5247.9160000000001673, 57.818584341073929522, 5247.8429999999998472, 1, 5247.9160000000001673, 13.361266566330472827, 5247.9160000000001673, 7.1955229423118787224, 5247.9160000000001673, 40.488872732388344389, 5247.8429999999998472, 1, 5247.9160000000001673, -7.8418228870222641547, 5247.9160000000001673, 2.9968575264778749556, 5247.9160000000001673, 42.996190353600738376, 5247.8429999999998472, 1, 5247.9160000000001673, 6.1947062081921346888, 5247.9160000000001673, -10.577164286919819247
5247.9210000000002765, 63.45509591628501056, 5247.8479999999999563, 1, 5247.9210000000002765, -12.109663474650442794, 5247.9210000000002765, 1.1746240453386249669, 5247.9210000000002765, 57.207768323019280388, 5247.8479999999999563, 1, 5247.9210000000002765, 13.722534145685534313, 5247.9210000000002765, 10.587671746952178609, 5247.9210000000002765, 40.344332233269511789, 5247.8479999999999563, 1, 5247.9210000000002765, -7.9612466889298296735, 5247.9210000000002765, 4.3436524106040543813, 5247.9210000000002765, 42.888826764088925358, 5247.8479999999999563, 1, 5247.9210000000002765, 6.1329052902633165445, 5247.9210000000002765, -11.037667155677851838
5247.9260000000003856, 63.455484103388613448, 5247.8530000000000655, 1, 5247.9260000000003856, -12.109749544329190485, 5247.9260000000003856, 1.1748394353145954483, 5247.9260000000003856, 57.20668848934248274, 5247.8530000000000655, 1, 5247.9260000000003856, 13.721926452544447983, 5247.9260000000003856, 10.587936821677775612, 5247.9260000000003856, 40.345272336490388909, 5247.8530000000000655, 1, 5247.9260000000003856, -7.9613647173556332248, 5247.9260000000003856, 4.343829773056327781, 5247.9260000000003856, 42.888606948948726938, 5247.8530000000000655, 1, 5247.9260000000003856, 6.1327667256500264514, 5247.9260000000003856, -11.03745761721428309
5247.9359999999996944, 63.455855582138042337, 5247.8580000000001746, 1, 5247.9359999999996944, -12.109826681228211598, 5247.9359999999996944, 1.1750509845403662723, 5247.9359999999996944, 57.205639444588825882, 5247.8580000000001746, 1, 5247.9359999999996944, 13.721330778398360906, 5247.9359999999996944, 10.588196639507856389, 5247.9359999999996944, 40.346185187335137812, 5247.8580000000001746, 1, 5247.9359999999996944, -7.9614765985514983626, 5247.9359999999996944, 4.3440042160219611844, 5247.9359999999996944, 42.888399662811821145, 5247.8580000000001746, 1, 5247.9359999999996944, 6.1326310523491702753, 5247.9359999999996944, -11.03725204288301498
5247.9359999999996944, 63.456210168390249748, 5247.8630000000002838, 1, 5247.9359999999996944, -12.109894589084944982, 5247.9359999999996944, 1.1752581462017879232, 5247.9359999999996944, 57.20462282390390385, 5247.8630000000002838, 1, 5247.9359999999996944, 13.720747748462676086, 5247.9359999999996944, 10.588450727701118836, 5247.9359999999996944, 40.347069347683543583, 5247.8630000000002838, 1, 5247.9359999999996944, -7.9615819890530445946, 5247.9359999999996944, 4.3441752820471144503, 5247.9359999999996944, 42.888204881169670557, 5247.8630000000002838, 1, 5247.9359999999996944, 6.1324982755793877587, 5247.9359999999996944, -11.037050840685404651
5247.9409999999998035, 63.45654774313500468, 5247.8680000000003929, 1, 5247.9409999999998035, -12.109953018671468783, 5247.9409999999998035, 1.1754604195125608612, 5247.9409999999998035, 57.203640062295214364, 5247.8680000000003929, 1, 5247.9409999999998035, 13.720177910755655404, 5247.9409999999998035, 10.588698659731498708, 5247.9409999999998035, 40.34792355594443336, 5247.8680000000003929, 1, 5247.9409999999998035, -7.9616805863196384863, 5247.9409999999998035, 4.3443425513201425758, 5247.9409999999998035, 42.888022540868220744, 5247.8680000000003929, 1, 5247.9409999999998035, 6.1323683909887014565, 5247.9409999999998035, -11.036854380597427294
5247.9459999999999127, 63.456868249119956715, 5247.8729999999995925, 1, 5247.9459999999999127, -12.11000176591310229, 5247.9459999999999127, 1.1756573488764132662, 5247.9459999999999127, 57.20269240130628674, 5247.8729999999995925, 1, 5247.9459999999999127, 13.719621738639991904, 5247.9459999999999127, 10.588940054016092063, 5247.9459999999999127, 40.348746721310590146, 5247.8729999999995925, 1, 5247.9459999999999127, -7.9617721275787927127, 5247.9459999999999127, 4.3445056408697482198, 5247.9459999999999127, 42.887852542384450771, 5247.8729999999995925, 1, 5247.9459999999999127, 6.1322413851374637517, 5247.9459999999999127, -11.036662995624213934
5247.9510000000000218, 63.457171687341897837, 5247.8779999999997017, 1, 5247.9510000000000218, -12.110040669792461188, 5247.9510000000000218, 1.1758485226392210166, 5247.9510000000000218, 57.201780896221841033, 5247.8779999999997017, 1, 5247.9510000000000218, 13.719079633627266901, 5247.9510000000000218, 10.589174572602324531, 5247.9510000000000218, 40.349537917149433497, 5247.8779999999997017, 1, 5247.9510000000000218, -7.9618563881825137329, 5247.9510000000000218, 4.3446642036416598387, 5247.9510000000000218, 42.887694752351379179, 5247.8779999999997017, 1, 5247.9510000000000218, 6.1321172361377209725, 5247.9510000000000218, -11.036476982767476684
5247.956000000000131, 63.457458113818717038, 5247.8829999999998108, 1, 5247.956000000000131, -12.110069610557598452, 5247.956000000000131, 1.1760335719204420002, 5247.956000000000131, 57.200906423507362319, 5247.8829999999998108, 1, 5247.956000000000131, 13.718551928272640694, 5247.956000000000131, 10.589401919632479121, 5247.956000000000131, 40.350296374655272302, 5247.8829999999998108, 1, 5247.956000000000131, -7.9619331802163966216, 5247.956000000000131, 4.3448179275487568418, 5247.956000000000131, 42.887549005974896943, 5247.8829999999998108, 1, 5247.956000000000131, 6.1319959141846593909, 5247.956000000000131, -11.036296604266494725
5247.9610000000002401, 63.457727636203109967, 5247.88799999999992, 1, 5247.9610000000002401, -12.110088507608356423, 5247.9610000000002401, 1.1762121693573135417, 5247.9610000000002401, 57.200069688189302042, 5247.88799999999992, 1, 5247.9610000000002401, 13.718038889050234275, 5247.9610000000002401, 10.589621839969897366, 5247.9610000000002401, 40.351021476225909623, 5247.88799999999992, 1, 5247.9610000000002401, -7.9620023510341058071, 5247.9610000000002401, 4.3449665345040813236, 5247.9610000000002401, 42.887415109224278353, 5247.88799999999992, 1, 5247.9610000000002401, 6.1318773821278957925, 5247.9610000000002401, -11.036122088629150895
5247.9709999999995489, 63.457980410389197345, 5247.8930000000000291, 1, 5247.9709999999995489, -12.110097317563829122, 5247.9709999999995489, 1.1763840277049091299, 5247.9709999999995489, 57.199271231531966464, 5247.8930000000000291, 1, 5247.9709999999995489, 13.717540719264023963, 5247.9709999999995489, 10.589834117611413689, 5247.9709999999995489, 40.351712748611170412, 5247.8930000000000291, 1, 5247.9709999999995489, -7.9620637816105492846, 5247.9709999999995489, 4.3451097793939474911, 5247.9709999999995489, 42.887292841309630376, 5247.8930000000000291, 1, 5247.9709999999995489, 6.1317615959610707321, 5247.9709999999995489, -11.035953631895489835
5247.9709999999995489, 63.458171140924349629, 5247.8980000000001382, 1, 5247.9709999999995489, -12.110097364992890689, 5247.9709999999995489, 1.1765166850306236768, 5247.9709999999995489, 57.198659253844667205, 5247.8980000000001382, 1, 5247.9709999999995489, 13.717152585117791119, 5247.9709999999995489, 10.589998527685867913, 5247.9709999999995489, 40.352242095636810859, 5247.8980000000001382, 1, 5247.9709999999995489, -7.9621075037050417222, 5247.9709999999995489, 4.34522052287229954, 5247.9709999999995489, 42.887181956857617138, 5247.8980000000001382, 1, 5247.9709999999995489, 6.1316485054333567106, 5247.9709999999995489, -11.035791398891570125
5247.975999999999658, 63.458393223130329375, 5247.9030000000002474, 1, 5247.975999999999658, -12.110087349830077841, 5247.975999999999658, 1.1766753272721217627, 5247.975999999999658, 57.197933166252298065, 5247.9030000000002474, 1, 5247.975999999999658, 13.716682510447062882, 5247.975999999999658, 10.590196089241597832, 5247.975999999999658, 40.352869423750988176, 5247.9030000000002474, 1, 5247.975999999999658, -7.9621542769086985913, 5247.975999999999658, 4.3453532107754035962, 5247.975999999999658, 42.887082188133732075, 5247.9030000000002474, 1, 5247.975999999999658, 6.1315380544572697374, 5247.975999999999658, -11.035635524480438718
5247.9809999999997672, 63.458640458590274136, 5247.9080000000003565, 1, 5247.9809999999997672, -12.110063306755264989, 5247.9809999999997672, 1.1768568689050624698, 5247.9809999999997672, 57.197108651311914684, 5247.9080000000003565, 1, 5247.9809999999997672, 13.71613657581519341, 5247.9809999999997672, 10.590423489002361634, 5247.9809999999997672, 40.353580882009453035, 5247.9080000000003565, 1, 5247.9809999999997672, -7.9622009139044243042, 5247.9809999999997672, 4.3455053598618071931, 5247.9809999999997672, 42.886993247195341894, 5247.9080000000003565, 1, 5247.9809999999997672, 6.1314301818106455855, 5247.9809999999997672, -11.035486114871341456
5247.9909999999999854, 63.472252363087349636, 5247.9129999999995562, 1, 5247.9909999999999854, -12.053478439187079729, 5247.9909999999999854, -1.0237063215923178916, 5247.9909999999999854, 57.806079312847757024, 5247.9129999999995562, 1, 5247.9909999999999854, 13.354528767922239751, 5247.9909999999999854, 7.199356006971701305, 5247.9909999999999854, 40.499808551782280119, 5247.9129999999995562, 1, 5247.9909999999999854, -7.8430662712163288219, 5247.9909999999999854, 2.9982644190022966768, 5247.9909999999999854, 42.993927308204838766, 5247.9129999999995562, 1, 5247.9909999999999854, 6.1931207743852771941, 5247.9909999999999854, -10.574822827830733019
5247.9909999999999854, 63.472429742908587968, 5247.9179999999996653, 1, 5247.9909999999999854, -12.053437166457994678, 5247.9909999999999854, -1.0235772342581697103, 5247.9909999999999854, 57.80548374517296395, 5247.9179999999996653, 1, 5247.9909999999999854, 13.354109711521772397, 5247.9909999999999854, 7.1995634166742412674, 5247.9909999999999854, 40.500331724167395464, 5247.9179999999996653, 1, 5247.9909999999999854, -7.8430867444097307484, 5247.9909999999999854, 2.9983608673251573862, 5247.9909999999999854, 42.993857779239078809, 5247.9179999999996653, 1, 5247.9909999999999854, 6.1930177559905246198, 5247.9909999999999854, -10.574687297772696226
5247.9960000000000946, 63.472591876978000869, 5247.9229999999997744, 1, 5247.9960000000000946, -12.053386229117664996, 5247.9960000000000946, -1.0234553227855585078, 5247.9960000000000946, 57.804926240462187081, 5247.9229999999997744, 1, 5247.9960000000000946, 13.353705349496335586, 5247.9960000000000946, 7.1997603633312934335, 5247.9960000000000946, 40.500820666630986011, 5247.9229999999997744, 1, 5247.9960000000000946, -7.8430994831304348125, 5247.9960000000000946, 2.9984522465285898818, 5247.9960000000000946, 42.993798180630037109, 5247.9229999999997744, 1, 5247.9960000000000946, 6.192917119802666015, 5247.9960000000000946, -10.574558286248286976
5248.0020000000004075, 63.472739168458701897, 5247.9279999999998836, 1, 5248.0020000000004075, -12.053325788197396307, 5248.0020000000004075, -1.0233406483412146315, 5248.0020000000004075, 57.804406411453840064, 5247.9279999999998836, 1, 5248.0020000000004075, 13.353315529935990469, 5248.0020000000004075, 7.1999468827616794897, 5248.0020000000004075, 40.501275723371293225, 5247.9279999999998836, 1, 5248.0020000000004075, -7.843104558986294883, 5248.0020000000004075, 2.9985384975101752048, 5248.0020000000004075, 42.993748164126621703, 5247.9279999999998836, 1, 5248.0020000000004075, 6.1928187879416780603, 5248.0020000000004075, -10.574435801820182945
5248.011000000000422, 63.472872045080968917, 5247.9329999999999927, 1, 5248.011000000000422, -12.053256026129202994, 5248.011000000000422, -1.0232332447730954073, 5248.011000000000422, 57.803923770463256915, 5247.9329999999999927, 1, 5248.011000000000422, 13.35294006233534958, 5248.011000000000422, 7.2001230428502829284, 5248.011000000000422, 40.501697329114506374, 5247.9329999999999927, 1, 5248.011000000000422, -7.8431020644480238246, 5248.011000000000422, 2.9986195814559870598, 5248.011000000000422, 42.993707370759274511, 5247.9329999999999927, 1, 5248.011000000000422, 6.1927226795964847028, 5248.011000000000422, -10.574319831169768591
5248.011000000000422, 63.472990956411720731, 5247.9380000000001019, 1, 5248.011000000000422, -12.053177145096203304, 5248.011000000000422, -1.0231331201559648036, 5248.011000000000422, 57.803477736864039116, 5247.9380000000001019, 1, 5248.011000000000422, 13.352578720577517046, 5248.011000000000422, 7.200288941477275273, 5248.011000000000422, 40.502086002424952937, 5247.9380000000001019, 1, 5248.011000000000422, -7.8430921112660296757, 5248.011000000000422, 2.9986954787220483354, 5248.011000000000422, 42.993675432740005249, 5247.9380000000001019, 1, 5248.011000000000422, 6.1926287114578837389, 5248.011000000000422, -10.574210340407057984
5248.0159999999996217, 63.473096371120782067, 5247.943000000000211, 1, 5248.0159999999996217, -12.053089365123112131, 5248.0159999999996217, -1.0230402581695550168, 5248.0159999999996217, 57.803067644304277906, 5247.943000000000211, 1, 5248.0159999999996217, 13.352231245591243081, 5248.0159999999996217, 7.2004447043973804909, 5248.0159999999996217, 40.502442339260426252, 5247.943000000000211, 1, 5248.0159999999996217, -7.8430748290964169556, 5248.0159999999996217, 2.9987661878669698012, 5248.0159999999996217, 42.993651975092319617, 5247.943000000000211, 1, 5248.0159999999996217, 6.1925367981959658081, 5248.0159999999996217, -10.574107276358883922
5248.0209999999997308, 63.459738871231657242, 5247.9480000000003201, 1, 5248.0209999999997308, -12.109547326060882355, 5248.0209999999997308, 1.1777833809678277532, 5248.0209999999997308, 57.193028739609012234, 5247.9480000000003201, 1, 5248.0209999999997308, 13.713046216794618104, 5248.0209999999997308, 10.591637363804991878, 5248.0209999999997308, 40.357072692808650061, 5247.9480000000003201, 1, 5248.0209999999997308, -7.9622236120655056624, 5248.0209999999997308, 4.3462909159630456202, 5248.0209999999997308, 42.886631895635161982, 5247.9480000000003201, 1, 5248.0209999999997308, 6.1306513183351043494, 5248.0209999999997308, -11.034527908160637111
5248.0259999999998399, 63.459816086911601474, 5247.9530000000004293, 1, 5248.0259999999998399, -12.109442542471812843, 5248.0259999999998399, 1.1778645823421598493, 5248.0259999999998399, 57.192682805122942113, 5247.9530000000004293, 1, 5248.0259999999998399, 13.71272345761583189, 5248.0259999999998399, 10.591753136363355026, 5248.0259999999998399, 40.357364337171574675, 5247.9530000000004293, 1, 5248.0259999999998399, -7.9621929895702319158, 5248.0259999999998399, 4.346361070834319662, 5248.0259999999998399, 42.886625096890789166, 5247.9530000000004293, 1, 5248.0259999999998399, 6.1305632635748485981, 5248.0259999999998399, -11.034437389367145244
5248.0309999999999491, 63.459881560993274263, 5247.9579999999996289, 1, 5248.0309999999999491, -12.109329599530555654, 5248.0309999999999491, 1.1779382898193127005, 5248.0309999999999491, 57.192370796021378965, 5247.9579999999996289, 1, 5248.0309999999999491, 13.712413827123327792, 5248.0309999999999491, 10.591861285262375247, 5248.0309999999999491, 40.357626040161996173, 5247.9579999999996289, 1, 5248.0309999999999491, -7.9621554309361464163, 5248.0309999999999491, 4.3464251303142447114, 5248.0309999999999491, 42.8866255624484225, 5247.9579999999996289, 1, 5248.0309999999999491, 6.1304769885730729939, 5248.0309999999999491, -11.034353113293486004
5248.0360000000000582, 63.459935809393378747, 5247.9629999999997381, 1, 5248.0360000000000582, -12.109208772310392277, 5248.0360000000000582, 1.1780046204797223197, 5248.0360000000000582, 57.192091763861995446, 5247.9629999999997381, 1, 5248.0360000000000582, 13.71211695572484679, 5248.0360000000000582, 10.591961972410441462, 5248.0360000000000582, 40.357858641308808956, 5247.9629999999997381, 1, 5248.0360000000000582, -7.9621111254447187733, 5248.0360000000000582, 4.346483183127567429, 5248.0360000000000582, 42.88663290525949634, 5247.9629999999997381, 1, 5248.0360000000000582, 6.1303924040650992211, 5248.0360000000000582, -11.034274958323413429
5248.0410000000001673, 63.459979354463882828, 5247.9679999999998472, 1, 5248.0410000000001673, -12.109080345510774279, 5248.0410000000001673, 1.1780637087461940382, 5248.0410000000001673, 57.191844707593787689, 5247.9679999999998472, 1, 5248.0410000000001673, 13.711832453611904725, 5248.0410000000001673, 10.59205537473261316, 5248.0410000000001673, 40.358063026451809208, 5247.9679999999998472, 1, 5248.0410000000001673, -7.9620602734714287507, 5248.0410000000001673, 4.3465353325425155617, 5248.0410000000001673, 42.88664673850097131, 5247.9679999999998472, 1, 5248.0410000000001673, 6.1303094204630967923, 5248.0410000000001673, -11.034202789808999157
5248.0460000000002765, 63.460012723000559731, 5247.9729999999999563, 1, 5248.0460000000002765, -12.108944612179247002, 5248.0460000000002765, 1.1781157049668955494, 5248.0460000000002765, 57.191628579864769222, 5247.9729999999999563, 1, 5248.0460000000002765, 13.711559913313207559, 5248.0460000000002765, 10.592141682798402513, 5248.0460000000002765, 40.358240122027261521, 5247.9729999999999563, 1, 5248.0460000000002765, -7.9620030850195924188, 5248.0460000000002765, 4.3465816951934819201, 5248.0460000000002765, 42.88666667689388845, 5247.9729999999999563, 1, 5248.0460000000002765, 6.1302279481868691136, 5248.0460000000002765, -11.034136461305635635
5248.0510000000003856, 63.460036444109732656, 5247.9780000000000655, 1, 5248.0510000000003856, -12.108801871992834975, 5248.0510000000003856, 1.1781607740404211881, 5248.0510000000003856, 57.191442293158750942, 5247.9780000000000655, 1, 5248.0510000000003856, 13.711298912010070339, 5248.0510000000003856, 10.592221099335031198, 5248.0510000000003856, 40.358390889893776432, 5247.9780000000000655, 1, 5248.0510000000003856, -7.9619397786704393383, 5248.0510000000003856, 4.3466223998904141013, 5248.0510000000003856, 42.886692337914944062, 5247.9780000000000655, 1, 5248.0510000000003856, 6.1301478981012635927, 5248.0510000000003856, -11.034075815789323727
5248.0559999999995853, 63.460051047549342229, 5247.9840000000003783, 1, 5248.0559999999995853, -12.108652430100278252, 5248.0559999999995853, 1.1781990939658726347, 5248.0559999999995853, 57.191284725563150459, 5247.9840000000003783, 1, 5248.0559999999995853, 13.711049013761337889, 5248.0559999999995853, 10.592293837902687414, 5248.0559999999995853, 40.35851632205216788, 5247.9840000000003783, 1, 5248.0559999999995853, -7.9618705803200722215, 5248.0559999999995853, 4.3466575865197576434, 5248.0559999999995853, 42.88672334270436437, 5247.9840000000003783, 1, 5248.0559999999995853, 6.1300691815412973185, 5248.0559999999995853, -11.034020686642582731
5248.0609999999996944, 63.473490873071334306, 5247.9880000000002838, 1, 5248.0609999999996944, -12.052068611468953918, 5248.0609999999996944, -1.0229167224857356189, 5248.0609999999996944, 57.800770194667386193, 5247.9880000000002838, 1, 5248.0609999999996944, 13.350104251286763812, 5248.0609999999996944, 7.2012677961417885797, 5248.0609999999996944, 40.504325616434130097, 5247.9880000000002838, 1, 5248.0609999999996944, -7.8427192095772477742, 5248.0609999999996944, 2.9988740538132070412, 5248.0609999999996944, 42.993697669701603559, 5247.9880000000002838, 1, 5248.0609999999996944, 6.1918823783802094951, 5248.0609999999996944, -10.573646022138381895
5248.0659999999998035, 63.473489562126609087, 5247.9930000000003929, 1, 5248.0659999999998035, -12.051906697904062327, 5248.0659999999998035, -1.0228912652695818508, 5248.0659999999998035, 57.800668883919264829, 5247.9930000000003929, 1, 5248.0659999999998035, 13.349875837925607058, 5248.0659999999998035, 7.201333861423997007, 5248.0659999999998035, 40.5044039898224284, 5247.9930000000003929, 1, 5248.0659999999998035, -7.8426386974959561016, 5248.0659999999998035, 2.9988960543955798244, 5248.0659999999998035, 42.993737874521769982, 5247.9930000000003929, 1, 5248.0659999999998035, 6.1918061243580337916, 5248.0659999999998035, -10.573600961160272149
5248.0709999999999127, 63.4734804954186842, 5247.9989999999997963, 1, 5248.0709999999999127, -12.051739024668957967, 5248.0709999999999127, -1.0228716924956238188, 5248.0709999999999127, 57.800592439345059859, 5247.9989999999997963, 1, 5248.0709999999999127, 13.349657007466786851, 5248.0709999999999127, 7.201392465512324037, 5248.0709999999999127, 40.504459964756350132, 5247.9989999999997963, 1, 5248.0709999999999127, -7.8425530692679394917, 5248.0709999999999127, 2.9989137558448035747, 5248.0709999999999127, 42.993782370169284945, 5247.9989999999997963, 1, 5248.0709999999999127, 6.1917309500940040934, 5248.0709999999999127, -10.573560824889352006
5248.0760000000000218, 63.473464196131274662, 5248.0039999999999054, 1, 5248.0760000000000218, -12.051565905728871542, 5248.0760000000000218, -1.022857804709204288, 5248.0760000000000218, 57.800539669309870305, 5248.0039999999999054, 1, 5248.0760000000000218, 13.349447299801642686, 5248.0760000000000218, 7.2014439231075968451, 5248.0760000000000218, 40.504494612143027155, 5248.0039999999999054, 1, 5248.0760000000000218, -7.84246256580545964, 5248.0760000000000218, 2.9989272960210868746, 5248.0760000000000218, 42.993830800100781175, 5248.0039999999999054, 1, 5248.0760000000000218, 6.1916567710839238714, 5248.0760000000000218, -10.573525423172132065
5248.081000000000131, 63.473443863688743249, 5248.0079999999998108, 1, 5248.081000000000131, -12.051405774462130793, 5248.081000000000131, -1.022849916501819223, 5248.081000000000131, 57.800509374035442534, 5248.0079999999998108, 1, 5248.081000000000131, 13.349246251879781866, 5248.081000000000131, 7.2014885540316626589, 5248.081000000000131, 40.504509010379656786, 5248.0079999999998108, 1, 5248.081000000000131, -7.8423674298616008471, 5248.081000000000131, 2.9989368183981710558, 5248.081000000000131, 42.993882815794840724, 5248.0079999999998108, 1, 5248.081000000000131, 6.1915835046098530725, 5248.081000000000131, -10.573494561368816491
5248.0860000000002401, 63.473415038835014457, 5248.0140000000001237, 1, 5248.0860000000002401, -12.051223015038251773, 5248.0860000000002401, -1.0228464286452449983, 5248.0860000000002401, 57.800500349900403307, 5248.0140000000001237, 1, 5248.0860000000002401, 13.349053399153554267, 5248.0860000000002401, 7.2015266819349044169, 5248.0860000000002401, 40.504504241462754521, 5248.0140000000001237, 1, 5248.0860000000002401, -7.8422679052745651873, 5248.0860000000002401, 2.9989424712861350031, 5248.0860000000002401, 42.993938077317807256, 5248.0140000000001237, 1, 5248.0860000000002401, 6.1915110697043767018, 5248.0860000000002401, -10.573468041273653029
5248.0929999999998472, 63.473349146053223535, 5248.0180000000000291, 1, 5248.0929999999998472, -12.051073919746945862, 5248.0929999999998472, -1.0229725620124803243, 5248.0929999999998472, 57.800482092071632678, 5248.0180000000000291, 1, 5248.0929999999998472, 13.349019034851314913, 5248.0929999999998472, 7.2014955445212862628, 5248.0929999999998472, 40.504471229538935972, 5248.0180000000000291, 1, 5248.0929999999998472, -7.842194537965718304, 5248.0929999999998472, 2.9988474718091922, 5248.0929999999998472, 42.993983045201169091, 5248.0180000000000291, 1, 5248.0929999999998472, 6.1914721288257581477, 5248.0929999999998472, -10.573517057756538051
5248.1030000000000655, 63.459889348310326795, 5248.0230000000001382, 1, 5248.1030000000000655, -12.107194797787126817, 5248.1030000000000655, 1.1782840436395431993, 5248.1030000000000655, 57.190928480079989527, 5248.0230000000001382, 1, 5248.1030000000000655, 13.709342511874030635, 5248.1030000000000655, 10.592671079282769853, 5248.1030000000000655, 40.358712664922940405, 5248.0230000000001382, 1, 5248.1030000000000655, -7.9610893956454633624, 5248.1030000000000655, 4.3467577343338028584, 5248.1030000000000655, 42.88714524692983332, 5248.0230000000001382, 1, 5248.1030000000000655, 6.1294489306487882629, 5248.1030000000000655, -11.033749901603810528
5248.1080000000001746, 63.459843622033368149, 5248.0280000000002474, 1, 5248.1080000000001746, -12.106997834385525792, 5248.1080000000001746, 1.1782696297289056986, 5248.1080000000001746, 57.190981547897479231, 5248.0280000000002474, 1, 5248.1080000000001746, 13.709173970326476777, 5248.1080000000001746, 10.592693059321995008, 5248.1080000000001746, 40.358651368571372586, 5248.0280000000002474, 1, 5248.1080000000001746, -7.9609765884438798977, 5248.1080000000001746, 4.3467493413828535154, 5248.1080000000001746, 42.887209167363955942, 5248.0280000000002474, 1, 5248.1080000000001746, 6.129378653903648555, 5248.1080000000001746, -11.033737314874219493
5248.1130000000002838, 63.45978896232222155, 5248.0330000000003565, 1, 5248.1130000000002838, -12.106777318849076153, 5248.1130000000002838, 1.1782488933928547681, 5248.1130000000002838, 57.191057875171395608, 5248.0330000000003565, 1, 5248.1130000000002838, 13.708995500247528554, 5248.1130000000002838, 10.592712698887044809, 5248.1130000000002838, 40.358575742523726149, 5248.0330000000003565, 1, 5248.1130000000002838, -7.960860414939239682, 5248.1130000000002838, 4.3467372905852954545, 5248.1130000000002838, 42.887274917773538618, 5248.0330000000003565, 1, 5248.1130000000002838, 6.1293088754913140903, 5248.1130000000002838, -11.033728195814559214
5248.1130000000002838, 63.459735510902959277, 5248.0379999999995562, 1, 5248.1130000000002838, -12.106573420897127846, 5248.1130000000002838, 1.1782255683900615395, 5248.1130000000002838, 57.191143420214856974, 5248.0379999999995562, 1, 5248.1130000000002838, 13.708839485786320722, 5248.1130000000002838, 10.592726424124787599, 5248.1130000000002838, 40.358486822540662331, 5248.0379999999995562, 1, 5248.1130000000002838, -7.9607411141808581689, 5248.1130000000002838, 4.3467217785449712153, 5248.1130000000002838, 42.887342215602686224, 5248.0379999999995562, 1, 5248.1130000000002838, 6.1292395271559447778, 5248.1130000000002838, -11.033722337590177176
5248.1180000000003929, 63.459678979633309837, 5248.0429999999996653, 1, 5248.1180000000003929, -12.106366606108723616, 5248.1180000000003929, 1.1781983040286192477, 5248.1180000000003929, 57.191242899196595317, 5248.0429999999996653, 1, 5248.1180000000003929, 13.708688843524111434, 5248.1180000000003929, 10.592736544100993967, 5248.1180000000003929, 40.358385627695987807, 5248.0429999999996653, 1, 5248.1180000000003929, -7.9606189215865788, 5248.1180000000003929, 4.3467030018410959258, 5248.1180000000003929, 42.8874107897106569, 5248.0429999999996653, 1, 5248.1180000000003929, 6.1291705432239558249, 5248.1180000000003929, -11.033719534739818258
5248.1239999999997963, 63.459619778023039771, 5248.0479999999997744, 1, 5248.1239999999997963, -12.106157151261218274, 5248.1239999999997963, 1.1781673418920028951, 5248.1239999999997963, 57.191355179140551002, 5248.0479999999997744, 1, 5248.1239999999997963, 13.708543135025752946, 5248.1239999999997963, 10.592743308746090491, 5248.1239999999997963, 40.358273158212313092, 5248.0479999999997744, 1, 5248.1239999999997963, -7.9604940684539329254, 5248.1239999999997963, 4.3466811562867242458, 5248.1239999999997963, 42.887480380462498886, 5248.0479999999997744, 1, 5248.1239999999997963, 6.1291018606114411327, 5248.1239999999997963, -11.033719583663492259
5248.1279999999997017, 63.459558300703292844, 5248.0529999999998836, 1, 5248.1279999999997017, -12.105945325744661645, 5248.1279999999997017, 1.1781329215473057559, 5248.1279999999997017, 57.191479150826552313, 5248.0529999999998836, 1, 5248.1279999999997017, 13.70840193121352435, 5248.1279999999997017, 10.592746964547490762, 5248.1279999999997017, 40.358150393139055723, 5248.0529999999998836, 1, 5248.1279999999997017, -7.9603667812672913584, 5248.1279999999997017, 4.3466564364482422889, 5248.1279999999997017, 42.887550739972525093, 5248.0529999999998836, 1, 5248.1279999999997017, 6.1290334189547728272, 5248.1279999999997017, -11.033722283271385933
5248.1369999999997162, 63.459494926692045169, 5248.0579999999999927, 1, 5248.1369999999997162, -12.105731391030719379, 5248.1369999999997162, 1.1780952800389314916, 5248.1369999999997162, 57.191613731136996535, 5248.0579999999999927, 1, 5248.1369999999997162, 13.708264813064671372, 5248.1369999999997162, 10.592747753821715406, 5248.1369999999997162, 40.358018288441847687, 5248.0579999999999927, 1, 5248.1369999999997162, -7.9602372814225574871, 5248.1369999999997162, 4.3466290349311691443, 5248.1369999999997162, 42.887621632238044356, 5248.0579999999999927, 1, 5248.1369999999997162, 6.1289651605514015031, 5248.1369999999997162, -11.033727435435604747
5248.13799999999992, 63.459430019416636526, 5248.0640000000003056, 1, 5248.13799999999992, -12.105515600418060629, 5248.13799999999992, 1.178054651177358636, 5248.13799999999992, 57.191757865036294106, 5248.0640000000003056, 1, 5248.13799999999992, 13.708131372601149778, 5248.13799999999992, 10.59274591424459544, 5248.13799999999992, 40.357877775238080176, 5248.0640000000003056, 1, 5248.13799999999992, -7.9601057846825558073, 5248.13799999999992, 4.3465991419832192832, 5248.13799999999992, 42.887692833145408144, 5248.0640000000003056, 1, 5248.13799999999992, 6.1288970304971552849, 5248.13799999999992, -11.033734845511347089
5248.1419999999998254, 63.459363926100223807, 5248.068000000000211, 1, 5248.1419999999998254, -12.10529819848510158, 5248.1419999999998254, 1.1780112649934650904, 5248.1419999999998254, 57.191910527397340047, 5248.068000000000211, 1, 5248.1419999999998254, 13.708001213391955986, 5248.1419999999998254, 10.592741678315697129, 5248.1419999999998254, 40.357729758105499229, 5248.068000000000211, 1, 5248.1419999999998254, -7.9599725008504034207, 5248.1419999999998254, 4.3465669450077193403, 5248.1419999999998254, 42.887764130611593316, 5248.068000000000211, 1, 5248.1419999999998254, 6.1288289766259005376, 5248.1419999999998254, -11.033744322741620536
5248.149000000000342, 63.459296977919834148, 5248.0739999999996144, 1, 5248.149000000000342, -12.105079421066527345, 5248.149000000000342, 1.1779653471848519075, 5248.149000000000342, 57.192070724566676176, 5248.0739999999996144, 1, 5248.149000000000342, 13.707873951288915393, 5248.149000000000342, 10.592735272881977693, 5248.149000000000342, 40.357575113869600614, 5248.0739999999996144, 1, 5248.149000000000342, -7.9598376334485658745, 5248.149000000000342, 4.3465326280172469353, 5248.149000000000342, 42.887835324435613416, 5248.0739999999996144, 1, 5248.149000000000342, 6.1287609495333859044, 5248.149000000000342, -11.033755680679485423
5248.1540000000004511, 63.472585157273485379, 5248.0780000000004293, 1, 5248.1540000000004511, -12.048695992821340184, 5248.1540000000004511, -1.02341224962875188, 5248.1540000000004511, 57.801804713950865278, 5248.0780000000004293, 1, 5248.1540000000004511, 13.347453770820639107, 5248.1540000000004511, 7.2014121533075474701, 5248.1540000000004511, 40.503064292627115606, 5248.0780000000004293, 1, 5248.1540000000004511, -7.840734918858387914, 5248.1540000000004511, 2.9985493616266545303, 5248.1540000000004511, 42.994803181112125401, 5248.0780000000004293, 1, 5248.1540000000004511, 6.1906921277895960998, 5248.1540000000004511, -10.573588157926288034
, , 5248.0829999999996289, 1, , , , , , , 5248.0829999999996289, 1, , , , , , , 5248.0829999999996289, 1, , , , , , , 5248.0829999999996289, 1, , , , 
, , 5248.0879999999997381, 1, , , , , , , 5248.0879999999997381, 1, , , , , , , 5248.0879999999997381, 1, , , , , , , 5248.0879999999997381, 1, , , , 
, , 5248.0929999999998472, 1, , , , , , , 5248.0929999999998472, 1, , , , , , , 5248.0929999999998472, 1, , , , , , , 5248.0929999999998472, 1, , , , 
, , 5248.1019999999998618, 1, , , , , , , 5248.1019999999998618, 1, , , , , , , 5248.1019999999998618, 1, , , , , , , 5248.1019999999998618, 1, , , , 
, , 5248.1030000000000655, 1, , , , , , , 5248.1030000000000655, 1, , , , , , , 5248.1030000000000655, 1, , , , , , , 5248.1030000000000655, 1, , , , 
, , 5248.1080000000001746, 1, , , , , , , 5248.1080000000001746, 1, , , , , , , 5248.1080000000001746, 1, , , , , , , 5248.1080000000001746, 1, , , , 
, , 5248.1130000000002838, 1, , , , , , , 5248.1130000000002838, 1, , , , , , , 5248.1130000000002838, 1, , , , , , , 5248.1130000000002838, 1, , , , 
, , 5248.1189999999996871, 1, , , , , , , 5248.1189999999996871, 1, , , , , , , 5248.1189999999996871, 1, , , , , , , 5248.1189999999996871, 1, , , , 
, , 5248.1229999999995925, 1, , , , , , , 5248.1229999999995925, 1, , , , , , , 5248.1229999999995925, 1, , , , , , , 5248.1229999999995925, 1, , , , 
, , 5248.1279999999997017, 1, , , , , , , 5248.1279999999997017, 1, , , , , , , 5248.1279999999997017, 1, , , , , , , 5248.1279999999997017, 1, , , , 
, , 5248.1329999999998108, 1, , , , , , , 5248.1329999999998108, 1, , , , , , , 5248.1329999999998108, 1, , , , , , , 5248.1329999999998108, 1, , , , 
, , 5248.13799999999992, 1, , , , , , , 5248.13799999999992, 1, , , , , , , 5248.13799999999992, 1, , , , , , , 5248.13799999999992, 1, , , , 
, , 5248.1430000000000291, 1, , , , , , , 5248.1430000000000291, 1, , , , , , , 5248.1430000000000291, 1, , , , , , , 5248.1430000000000291, 1, , , , 
, , 5248.1480000000001382, 1, , , , , , , 5248.1480000000001382, 1, , , , , , , 5248.1480000000001382, 1, , , , , , , 5248.1480000000001382, 1, , , , 
, , 5248.1530000000002474, 1, , , , , , , 5248.1530000000002474, 1, , , , , , , 5248.1530000000002474, 1, , , , , , , 5248.1530000000002474, 1, , , , 
